@relation yeast1
@attribute Mcg real [0.11, 1.0]
@attribute Gvh real [0.13, 1.0]
@attribute Alm real [0.21, 1.0]
@attribute Mit real [0.0, 1.0]
@attribute Erl real [0.5, 1.0]
@attribute Pox real [0.0, 0.83]
@attribute Vac real [0.0, 0.73]
@attribute Nuc real [0.0, 1.0]
@attribute Class {positive,negative}
@inputs Mcg, Gvh, Alm, Mit, Erl, Pox, Vac, Nuc
@outputs Class
@data
0.64, 0.62, 0.49, 0.15, 0.5, 0.0, 0.53, 0.22, negative
0.42, 0.44, 0.48, 0.54, 0.5, 0.0, 0.48, 0.22, negative
0.51, 0.4, 0.56, 0.17, 0.5, 0.5, 0.49, 0.22, negative
0.5, 0.54, 0.48, 0.65, 0.5, 0.0, 0.53, 0.22, negative
0.55, 0.5, 0.66, 0.36, 0.5, 0.0, 0.49, 0.22, negative
0.66, 0.55, 0.45, 0.19, 0.5, 0.0, 0.46, 0.22, negative
0.45, 0.4, 0.5, 0.16, 0.5, 0.0, 0.5, 0.22, negative
0.73, 0.63, 0.42, 0.3, 0.5, 0.0, 0.49, 0.22, negative
0.43, 0.53, 0.52, 0.13, 0.5, 0.0, 0.55, 0.22, negative
0.51, 0.51, 0.52, 0.51, 0.5, 0.0, 0.54, 0.22, negative
0.78, 0.74, 0.42, 0.26, 0.5, 0.0, 0.43, 0.22, negative
0.74, 0.67, 0.47, 0.34, 0.5, 0.0, 0.42, 0.22, negative
0.72, 0.61, 0.45, 0.3, 0.5, 0.0, 0.54, 0.25, negative
0.59, 0.53, 0.43, 0.44, 0.5, 0.0, 0.5, 0.22, negative
0.79, 0.57, 0.41, 0.28, 0.5, 0.0, 0.59, 0.22, negative
0.74, 0.75, 0.58, 0.47, 0.5, 0.0, 0.4, 0.35, negative
0.42, 0.24, 0.34, 0.16, 0.5, 0.0, 0.5, 0.22, negative
0.38, 0.49, 0.53, 0.19, 0.5, 0.0, 0.5, 0.22, negative
0.43, 0.35, 0.52, 0.52, 0.5, 0.0, 0.54, 0.22, negative
0.48, 0.54, 0.55, 0.12, 0.5, 0.0, 0.51, 0.22, negative
0.81, 0.85, 0.47, 0.37, 0.5, 0.0, 0.56, 0.22, negative
0.48, 0.42, 0.52, 0.24, 0.5, 0.0, 0.56, 0.22, negative
0.6, 0.5, 0.44, 0.61, 0.5, 0.0, 0.47, 0.22, negative
0.45, 0.55, 0.54, 0.66, 0.5, 0.0, 0.47, 0.22, negative
0.48, 0.45, 0.55, 0.5, 0.5, 0.0, 0.53, 0.22, negative
0.5, 0.58, 0.46, 0.46, 0.5, 0.0, 0.46, 0.22, negative
0.67, 0.62, 0.4, 0.43, 0.5, 0.83, 0.5, 0.22, negative
0.28, 0.58, 0.21, 0.13, 0.5, 0.0, 0.51, 0.22, negative
0.39, 0.44, 0.35, 0.16, 0.5, 0.0, 0.55, 0.22, negative
0.8, 0.63, 0.45, 0.29, 0.5, 0.0, 0.51, 0.22, negative
0.36, 0.46, 0.62, 0.46, 0.5, 0.0, 0.51, 0.33, negative
0.69, 0.7, 0.52, 0.36, 0.5, 0.0, 0.46, 0.22, negative
0.78, 0.75, 0.4, 0.28, 0.5, 0.0, 0.53, 0.22, negative
0.64, 0.57, 0.57, 0.27, 0.5, 0.0, 0.37, 0.22, negative
0.36, 0.43, 0.39, 0.12, 0.5, 0.0, 0.49, 0.22, negative
0.47, 0.39, 0.55, 0.24, 0.5, 0.0, 0.47, 0.22, negative
0.65, 0.65, 0.52, 0.16, 0.5, 0.0, 0.6, 0.22, negative
0.45, 0.41, 0.5, 0.46, 0.5, 0.5, 0.5, 0.27, negative
0.45, 0.45, 0.5, 0.6, 0.5, 0.0, 0.49, 0.22, negative
0.59, 0.67, 0.56, 0.41, 0.5, 0.0, 0.47, 0.22, negative
0.47, 0.41, 0.66, 0.26, 0.5, 0.0, 0.53, 0.22, negative
0.64, 0.62, 0.29, 0.28, 0.5, 0.0, 0.51, 0.22, negative
0.55, 0.53, 0.55, 0.46, 0.5, 0.0, 0.52, 0.22, negative
0.67, 0.62, 0.54, 0.43, 0.5, 0.0, 0.53, 0.22, negative
0.46, 0.71, 0.48, 0.53, 0.5, 0.0, 0.53, 0.22, negative
0.5, 0.64, 0.57, 0.15, 0.5, 0.0, 0.47, 0.22, negative
0.43, 0.57, 0.53, 0.16, 0.5, 0.0, 0.54, 0.22, negative
0.71, 0.59, 0.48, 0.43, 0.5, 0.0, 0.59, 0.22, negative
0.35, 0.45, 0.43, 0.11, 0.5, 0.0, 0.56, 0.22, negative
0.26, 0.5, 0.33, 0.28, 0.5, 0.0, 0.51, 0.22, negative
0.39, 0.42, 0.38, 0.4, 0.5, 0.0, 0.49, 0.47, negative
0.48, 0.61, 0.44, 0.2, 0.5, 0.0, 0.47, 0.22, negative
0.66, 0.45, 0.5, 0.23, 0.5, 0.0, 0.49, 0.22, negative
0.44, 0.38, 0.48, 0.32, 0.5, 0.83, 0.53, 0.22, negative
0.39, 0.4, 0.53, 0.67, 0.5, 0.0, 0.47, 0.22, negative
0.24, 0.34, 0.69, 0.18, 0.5, 0.0, 0.52, 0.22, negative
0.43, 0.57, 0.53, 0.53, 0.5, 0.0, 0.53, 0.25, negative
0.75, 0.7, 0.38, 0.27, 0.5, 0.0, 0.49, 0.22, negative
0.61, 0.72, 0.31, 0.33, 0.5, 0.0, 0.56, 0.22, negative
0.52, 0.51, 0.51, 0.54, 0.5, 0.0, 0.55, 0.27, negative
0.52, 0.56, 0.54, 0.53, 0.5, 0.0, 0.45, 0.22, negative
0.58, 0.58, 0.58, 0.49, 0.5, 0.0, 0.49, 0.26, negative
0.72, 0.62, 0.34, 0.29, 0.5, 0.0, 0.56, 0.28, negative
0.46, 0.43, 0.38, 0.33, 0.5, 0.0, 0.48, 0.28, negative
0.42, 0.58, 0.41, 0.65, 0.5, 0.0, 0.46, 0.26, negative
0.59, 0.61, 0.34, 0.22, 0.5, 0.0, 0.51, 0.22, negative
0.52, 0.77, 0.38, 0.34, 0.5, 0.0, 0.51, 0.22, negative
0.5, 0.41, 0.44, 0.5, 0.5, 0.0, 0.42, 0.22, negative
0.5, 0.4, 0.56, 0.7, 0.5, 0.0, 0.5, 0.22, negative
0.55, 0.45, 0.45, 0.54, 0.5, 0.0, 0.5, 0.22, negative
0.67, 0.68, 0.46, 0.29, 0.5, 0.0, 0.46, 0.22, negative
0.78, 0.74, 0.58, 0.25, 1.0, 0.0, 0.53, 0.22, negative
0.47, 0.54, 0.37, 0.14, 0.5, 0.0, 0.5, 0.22, negative
0.56, 0.41, 0.58, 0.21, 0.5, 0.0, 0.42, 0.22, negative
0.69, 0.61, 0.38, 0.27, 0.5, 0.0, 0.52, 0.22, negative
0.37, 0.53, 0.6, 0.19, 0.5, 0.5, 0.42, 0.22, negative
0.36, 0.37, 0.33, 0.14, 0.5, 0.0, 0.57, 0.31, negative
0.82, 0.75, 0.54, 0.23, 0.5, 0.0, 0.46, 0.22, negative
0.38, 0.51, 0.75, 0.17, 0.5, 0.0, 0.55, 0.22, negative
0.38, 0.51, 0.75, 0.17, 0.5, 0.0, 0.55, 0.22, negative
0.46, 0.54, 0.71, 0.15, 0.5, 0.0, 0.59, 0.22, negative
0.42, 0.57, 0.72, 0.22, 0.5, 0.0, 0.57, 0.22, negative
0.51, 0.53, 0.55, 0.14, 0.5, 0.0, 0.51, 0.22, negative
0.44, 0.68, 0.45, 0.51, 0.5, 0.0, 0.52, 0.41, negative
0.55, 0.42, 0.34, 0.3, 0.5, 0.0, 0.52, 0.22, negative
0.34, 0.42, 0.3, 0.23, 0.5, 0.0, 0.53, 0.22, negative
0.44, 0.53, 0.52, 0.23, 0.5, 0.83, 0.51, 0.22, negative
0.83, 0.58, 0.33, 0.04, 0.5, 0.0, 0.53, 0.22, negative
0.52, 0.54, 0.5, 0.21, 0.5, 0.0, 0.48, 0.3, negative
0.36, 0.49, 0.3, 0.22, 0.5, 0.0, 0.52, 0.31, negative
0.78, 0.7, 0.32, 0.23, 0.5, 0.0, 0.53, 0.22, negative
0.29, 0.43, 0.4, 0.15, 0.5, 0.0, 0.53, 0.22, negative
0.58, 0.6, 0.43, 0.12, 0.5, 0.0, 0.55, 0.22, negative
0.57, 0.59, 0.44, 0.16, 0.5, 0.0, 0.52, 0.22, negative
0.92, 0.61, 0.4, 0.22, 0.5, 0.0, 0.54, 0.22, negative
0.55, 0.56, 0.45, 0.14, 0.5, 0.0, 0.54, 0.22, negative
0.63, 0.61, 0.41, 0.22, 0.5, 0.0, 0.51, 0.22, negative
0.58, 0.53, 0.38, 0.18, 0.5, 0.0, 0.52, 0.22, negative
0.36, 0.46, 0.43, 0.19, 0.5, 0.0, 0.48, 0.22, negative
0.62, 0.58, 0.46, 0.13, 0.5, 0.0, 0.53, 0.22, negative
0.53, 0.68, 0.42, 0.19, 0.5, 0.0, 0.53, 0.22, negative
0.77, 0.8, 0.51, 0.4, 1.0, 0.0, 0.54, 0.22, negative
0.77, 0.87, 0.47, 0.37, 0.5, 0.0, 0.48, 0.22, negative
0.43, 0.51, 0.48, 0.14, 0.5, 0.0, 0.5, 0.22, negative
0.57, 0.61, 0.45, 0.26, 0.5, 0.0, 0.5, 0.22, negative
0.63, 0.62, 0.42, 0.12, 0.5, 0.0, 0.52, 0.25, negative
0.46, 0.35, 0.33, 0.17, 0.5, 0.0, 0.55, 0.22, negative
0.39, 0.44, 0.28, 0.12, 0.5, 0.0, 0.46, 0.27, negative
0.81, 0.82, 0.41, 0.36, 0.5, 0.0, 0.39, 0.22, negative
0.69, 0.6, 0.51, 0.13, 0.5, 0.83, 0.52, 0.22, negative
0.74, 0.72, 0.47, 0.25, 0.5, 0.0, 0.57, 0.22, negative
0.91, 0.77, 0.34, 0.47, 0.5, 0.0, 0.52, 0.31, negative
0.81, 0.9, 0.39, 0.41, 0.5, 0.0, 0.53, 0.22, negative
0.41, 0.39, 0.51, 0.52, 0.5, 0.0, 0.49, 0.22, negative
0.37, 0.34, 0.32, 0.22, 0.5, 0.0, 0.56, 0.22, negative
0.84, 0.66, 0.36, 0.78, 0.5, 0.0, 0.49, 0.5, negative
0.44, 0.51, 0.37, 0.15, 0.5, 0.0, 0.51, 0.22, negative
0.49, 0.46, 0.34, 0.21, 0.5, 0.0, 0.55, 0.22, negative
0.7, 0.69, 0.43, 0.33, 0.5, 0.0, 0.58, 0.22, negative
0.59, 0.43, 0.52, 0.19, 0.5, 0.0, 0.55, 0.27, negative
0.49, 0.31, 0.34, 0.13, 0.5, 0.0, 0.52, 0.22, negative
0.49, 0.47, 0.52, 0.16, 0.5, 0.0, 0.53, 0.28, negative
0.48, 0.39, 0.49, 0.18, 0.5, 0.0, 0.51, 0.22, negative
0.58, 0.45, 0.48, 0.24, 0.5, 0.0, 0.52, 0.37, negative
0.69, 0.5, 0.49, 0.42, 0.5, 0.0, 0.49, 0.22, negative
0.57, 0.59, 0.5, 0.58, 0.5, 0.0, 0.53, 0.22, negative
0.53, 0.43, 0.47, 0.15, 0.5, 0.0, 0.58, 0.22, negative
0.46, 0.45, 0.56, 0.16, 0.5, 0.0, 0.56, 0.22, negative
0.48, 0.46, 0.38, 0.29, 0.5, 0.0, 0.53, 0.22, negative
0.51, 0.63, 0.3, 0.35, 0.5, 0.0, 0.53, 0.27, negative
0.53, 0.68, 0.34, 0.42, 0.5, 0.0, 0.54, 0.27, negative
0.33, 0.28, 0.31, 0.24, 0.5, 0.0, 0.53, 0.22, negative
0.55, 0.53, 0.56, 0.29, 0.5, 0.0, 0.48, 0.22, negative
0.45, 0.56, 0.51, 0.64, 0.5, 0.0, 0.54, 0.22, negative
0.38, 0.46, 0.52, 0.75, 0.5, 0.0, 0.5, 0.26, negative
0.51, 0.68, 0.49, 0.59, 0.5, 0.0, 0.54, 0.27, negative
0.3, 0.5, 0.34, 0.26, 0.5, 0.0, 0.51, 0.22, negative
0.34, 0.4, 0.3, 0.23, 0.5, 0.0, 0.51, 0.22, negative
0.43, 0.44, 0.3, 0.18, 0.5, 0.0, 0.51, 0.22, negative
0.45, 0.57, 0.3, 0.17, 0.5, 0.0, 0.51, 0.22, negative
0.45, 0.57, 0.3, 0.17, 0.5, 0.0, 0.51, 0.22, negative
0.42, 0.44, 0.33, 0.17, 0.5, 0.0, 0.54, 0.27, negative
0.45, 0.54, 0.54, 0.62, 0.5, 0.0, 0.53, 0.22, negative
0.51, 0.52, 0.48, 0.5, 0.5, 0.0, 0.51, 0.22, negative
0.5, 0.46, 0.52, 0.16, 0.5, 0.0, 0.52, 0.26, negative
0.5, 0.53, 0.45, 0.44, 0.5, 0.0, 0.49, 0.22, negative
0.45, 0.59, 0.53, 0.74, 0.5, 0.0, 0.47, 0.25, negative
0.57, 0.61, 0.55, 0.67, 0.5, 0.0, 0.48, 0.22, negative
0.47, 0.63, 0.66, 0.45, 0.5, 0.0, 0.37, 0.11, negative
0.43, 0.51, 0.6, 0.25, 0.5, 0.0, 0.55, 0.22, negative
0.4, 0.45, 0.42, 0.17, 0.5, 0.0, 0.54, 0.26, negative
0.49, 0.41, 0.32, 0.21, 0.5, 0.0, 0.5, 0.32, negative
0.35, 0.53, 0.35, 0.33, 0.5, 0.0, 0.5, 0.32, negative
0.32, 0.36, 0.34, 0.19, 0.5, 0.0, 0.55, 0.26, negative
0.4, 0.51, 0.42, 0.13, 0.5, 0.0, 0.45, 0.25, negative
0.7, 0.73, 0.37, 0.37, 0.5, 0.0, 0.48, 0.31, negative
0.65, 0.61, 0.39, 0.3, 0.5, 0.0, 0.57, 0.28, negative
0.47, 0.43, 0.35, 0.32, 0.5, 0.0, 0.54, 0.22, negative
0.85, 0.56, 0.33, 0.38, 1.0, 0.0, 0.55, 0.25, negative
0.67, 0.63, 0.34, 0.41, 0.5, 0.0, 0.6, 0.33, negative
0.7, 0.73, 0.38, 0.36, 0.5, 0.0, 0.54, 0.22, negative
0.84, 0.63, 0.38, 0.23, 0.5, 0.0, 0.53, 0.22, negative
0.38, 0.49, 0.54, 1.0, 0.5, 0.0, 0.5, 0.27, negative
0.27, 0.56, 0.56, 0.18, 0.5, 0.0, 0.52, 0.22, negative
0.86, 0.92, 0.5, 0.37, 1.0, 0.0, 0.53, 0.32, negative
0.37, 0.55, 0.29, 0.32, 0.5, 0.0, 0.51, 0.22, negative
0.87, 0.83, 0.57, 0.36, 0.5, 0.0, 0.36, 0.22, negative
0.77, 0.6, 0.42, 0.33, 0.5, 0.0, 0.57, 0.22, negative
0.76, 0.74, 0.56, 0.34, 0.5, 0.0, 0.51, 0.3, negative
0.58, 0.76, 0.4, 0.37, 0.5, 0.0, 0.54, 0.3, negative
0.94, 0.6, 0.33, 0.49, 0.5, 0.0, 0.54, 0.22, negative
0.48, 0.57, 0.52, 0.61, 0.5, 0.0, 0.51, 0.22, negative
0.83, 0.53, 0.52, 0.2, 0.5, 0.0, 0.48, 0.25, negative
0.51, 0.43, 0.47, 0.19, 0.5, 0.0, 0.52, 0.37, negative
0.54, 0.54, 0.49, 0.14, 0.5, 0.0, 0.56, 0.22, negative
0.46, 0.4, 0.38, 0.18, 0.5, 0.0, 0.49, 0.22, negative
0.48, 0.48, 0.5, 0.47, 0.5, 0.0, 0.55, 0.22, negative
0.39, 0.37, 0.33, 0.23, 0.5, 0.0, 0.53, 0.26, negative
0.47, 0.54, 0.54, 0.48, 0.5, 0.0, 0.53, 0.26, negative
0.72, 0.58, 0.42, 0.28, 0.5, 0.0, 0.48, 0.22, negative
0.41, 0.41, 0.51, 0.19, 0.5, 0.0, 0.57, 0.22, negative
0.81, 0.65, 0.52, 0.41, 0.5, 0.0, 0.57, 0.26, negative
0.62, 0.6, 0.47, 0.16, 0.5, 0.0, 0.53, 0.22, negative
0.68, 0.58, 0.51, 0.19, 0.5, 0.83, 0.54, 0.22, negative
0.49, 0.48, 0.46, 0.63, 0.5, 0.0, 0.52, 0.22, negative
0.47, 0.6, 0.35, 0.21, 0.5, 0.0, 0.52, 0.22, negative
0.8, 0.81, 0.55, 0.35, 0.5, 0.0, 0.42, 0.22, negative
0.79, 0.74, 0.49, 0.33, 0.5, 0.0, 0.48, 0.22, negative
0.45, 0.48, 0.63, 0.67, 0.5, 0.0, 0.48, 0.22, negative
0.48, 0.47, 0.54, 0.55, 0.5, 0.0, 0.51, 0.65, negative
0.6, 0.59, 0.45, 0.23, 0.5, 0.0, 0.55, 0.22, negative
0.46, 0.55, 0.61, 0.13, 0.5, 0.0, 0.47, 0.22, negative
0.66, 0.66, 0.32, 0.54, 0.5, 0.0, 0.51, 0.22, negative
0.74, 0.56, 0.35, 0.36, 0.5, 0.0, 0.51, 0.25, negative
0.89, 0.52, 0.41, 0.26, 0.5, 0.0, 0.52, 0.31, negative
0.67, 0.51, 0.54, 0.21, 0.5, 0.0, 0.43, 0.3, negative
0.4, 0.68, 0.5, 0.82, 0.5, 0.0, 0.44, 0.36, negative
0.59, 0.57, 0.43, 0.26, 0.5, 0.0, 0.51, 0.22, negative
0.6, 0.62, 0.54, 0.4, 0.5, 0.0, 0.5, 0.22, negative
0.41, 0.54, 0.58, 0.2, 0.5, 0.0, 0.52, 0.22, negative
0.42, 0.53, 0.53, 0.64, 0.5, 0.0, 0.47, 0.22, negative
0.6, 0.51, 0.6, 0.38, 0.5, 0.83, 0.52, 0.24, negative
0.6, 0.57, 0.64, 0.52, 0.5, 0.0, 0.47, 0.28, negative
0.41, 0.52, 0.53, 0.41, 0.5, 0.0, 0.39, 0.33, negative
0.45, 0.43, 0.63, 0.4, 0.5, 0.0, 0.59, 0.11, negative
0.44, 0.44, 0.67, 0.35, 0.5, 0.0, 0.48, 0.26, negative
0.58, 0.52, 0.61, 0.33, 0.5, 0.0, 0.38, 0.11, negative
0.57, 0.61, 0.55, 0.27, 0.5, 0.0, 0.44, 0.21, negative
0.56, 0.5, 0.61, 0.49, 0.5, 0.0, 0.46, 0.28, negative
0.6, 0.46, 0.59, 0.16, 0.5, 0.0, 0.49, 0.22, negative
0.36, 0.38, 0.56, 0.44, 0.5, 0.0, 0.48, 0.22, negative
0.53, 0.52, 0.61, 0.35, 0.5, 0.0, 0.5, 0.22, negative
0.62, 0.59, 0.54, 0.47, 0.5, 0.0, 0.46, 0.22, negative
0.55, 0.5, 0.6, 0.31, 0.5, 0.0, 0.46, 0.27, negative
0.58, 0.53, 0.57, 0.46, 0.5, 0.0, 0.51, 0.27, negative
0.65, 0.53, 0.55, 0.52, 0.5, 0.0, 0.47, 0.27, negative
0.58, 0.53, 0.5, 0.53, 0.5, 0.0, 0.47, 0.31, negative
0.61, 0.46, 0.51, 0.37, 0.5, 0.0, 0.51, 0.22, negative
0.76, 0.76, 0.35, 0.27, 0.5, 0.0, 0.44, 0.22, negative
0.49, 0.44, 0.45, 0.55, 0.5, 0.0, 0.48, 0.22, negative
0.5, 0.56, 0.49, 0.61, 0.5, 0.0, 0.5, 0.22, negative
0.51, 0.48, 0.51, 0.43, 0.5, 0.0, 0.49, 0.22, negative
0.58, 0.57, 0.54, 0.69, 0.5, 0.0, 0.54, 0.22, negative
0.61, 0.59, 0.47, 0.49, 0.5, 0.0, 0.54, 0.22, negative
0.55, 0.53, 0.54, 0.4, 0.5, 0.0, 0.48, 0.22, negative
0.57, 0.4, 0.48, 0.24, 0.5, 0.0, 0.55, 0.22, negative
0.81, 0.79, 0.32, 0.37, 0.5, 0.0, 0.41, 0.22, negative
0.44, 0.41, 0.29, 0.21, 0.5, 0.0, 0.49, 0.22, negative
0.37, 0.41, 0.45, 0.14, 0.5, 0.0, 0.47, 0.22, negative
0.59, 0.58, 0.39, 0.52, 0.5, 0.0, 0.5, 0.31, negative
0.78, 0.63, 0.53, 0.13, 0.5, 0.0, 0.54, 0.22, negative
0.53, 0.61, 0.51, 0.49, 0.5, 0.0, 0.54, 0.27, negative
0.47, 0.5, 0.55, 0.19, 0.5, 0.0, 0.62, 0.22, negative
0.43, 0.38, 0.38, 0.12, 0.5, 0.0, 0.5, 0.22, negative
0.78, 0.65, 0.4, 0.16, 0.5, 0.0, 0.63, 0.22, negative
0.52, 0.64, 0.34, 0.16, 0.5, 0.0, 0.57, 0.22, negative
0.75, 0.66, 0.64, 0.39, 0.5, 0.0, 0.46, 0.32, negative
0.76, 0.67, 0.37, 0.22, 0.5, 0.0, 0.54, 0.22, negative
0.49, 0.27, 0.57, 0.18, 0.5, 0.83, 0.54, 0.22, negative
0.56, 0.48, 0.5, 0.3, 0.5, 0.0, 0.51, 0.22, negative
0.47, 0.43, 0.59, 0.27, 0.5, 0.0, 0.55, 0.22, negative
0.68, 0.59, 0.44, 0.49, 0.5, 0.0, 0.4, 0.26, negative
0.53, 0.51, 0.36, 0.13, 0.5, 0.0, 0.52, 0.22, negative
0.6, 0.54, 0.54, 0.53, 0.5, 0.0, 0.52, 0.27, negative
0.49, 0.52, 0.53, 0.7, 0.5, 0.0, 0.51, 0.22, negative
0.39, 0.58, 0.5, 0.1, 0.5, 0.0, 0.51, 0.25, negative
0.7, 0.84, 0.49, 0.28, 1.0, 0.0, 0.58, 0.22, negative
0.45, 0.58, 0.59, 0.44, 0.5, 0.0, 0.56, 0.22, negative
0.74, 0.89, 0.32, 0.24, 0.5, 0.0, 0.54, 0.32, negative
0.28, 0.46, 0.26, 0.18, 0.5, 0.0, 0.39, 0.22, negative
0.8, 0.82, 0.57, 0.26, 0.5, 0.0, 0.57, 0.27, negative
0.46, 0.49, 0.45, 0.28, 0.5, 0.0, 0.55, 0.22, negative
0.45, 0.53, 0.47, 0.43, 0.5, 0.0, 0.5, 0.27, negative
0.75, 0.6, 0.43, 0.35, 0.5, 0.0, 0.45, 0.27, negative
0.59, 0.45, 0.58, 0.21, 0.5, 0.0, 0.49, 0.22, negative
0.48, 0.52, 0.49, 0.35, 0.5, 0.5, 0.51, 0.22, negative
0.59, 0.58, 0.47, 0.61, 0.5, 0.0, 0.44, 0.3, negative
0.57, 0.49, 0.5, 0.2, 0.5, 0.0, 0.51, 0.28, negative
0.62, 0.43, 0.49, 0.29, 0.5, 0.0, 0.5, 0.27, negative
0.48, 0.42, 0.48, 0.19, 0.5, 0.0, 0.58, 0.22, negative
0.43, 0.45, 0.53, 0.19, 0.5, 0.0, 0.56, 0.22, negative
0.74, 0.72, 0.5, 0.28, 0.5, 0.0, 0.5, 0.27, negative
0.74, 0.72, 0.5, 0.28, 0.5, 0.0, 0.49, 0.27, negative
0.74, 0.74, 0.51, 0.27, 0.5, 0.0, 0.5, 0.22, negative
0.38, 0.45, 0.37, 0.19, 0.5, 0.0, 0.52, 0.3, negative
0.31, 0.3, 0.34, 0.19, 0.5, 0.0, 0.55, 0.3, negative
0.59, 0.61, 0.51, 0.62, 0.5, 0.0, 0.51, 0.38, negative
0.77, 0.78, 0.51, 0.28, 0.5, 0.0, 0.33, 0.22, negative
0.74, 0.71, 0.52, 0.3, 0.5, 0.0, 0.27, 0.22, negative
0.77, 0.73, 0.51, 0.27, 0.5, 0.0, 0.34, 0.22, negative
0.78, 0.69, 0.44, 0.26, 0.5, 0.0, 0.54, 0.22, negative
0.95, 0.71, 0.27, 0.39, 0.5, 0.0, 0.31, 0.22, negative
0.44, 0.43, 0.34, 0.21, 0.5, 0.0, 0.55, 0.4, negative
0.39, 0.49, 0.3, 0.19, 0.5, 0.0, 0.52, 0.31, negative
0.27, 0.49, 0.36, 0.26, 0.5, 0.0, 0.49, 0.26, negative
0.66, 0.55, 0.34, 0.2, 0.5, 0.0, 0.62, 0.22, negative
0.51, 0.48, 0.46, 0.29, 0.5, 0.0, 0.54, 0.22, negative
0.75, 0.69, 0.48, 0.13, 0.5, 0.0, 0.57, 0.4, negative
0.69, 0.7, 0.5, 0.3, 0.5, 0.0, 0.54, 0.22, negative
0.63, 0.55, 0.53, 0.51, 0.5, 0.0, 0.55, 0.22, negative
0.53, 0.59, 0.48, 0.14, 0.5, 0.0, 0.51, 0.22, negative
0.45, 0.45, 0.52, 0.17, 0.5, 0.0, 0.54, 0.22, negative
0.51, 0.46, 0.4, 0.65, 0.5, 0.0, 0.49, 0.22, negative
0.6, 0.59, 0.47, 0.47, 0.5, 0.0, 0.53, 0.22, negative
0.58, 0.53, 0.33, 0.26, 0.5, 0.0, 0.51, 0.22, negative
0.61, 0.55, 0.51, 0.26, 0.5, 0.0, 0.52, 0.22, negative
0.64, 0.53, 0.59, 0.14, 0.5, 0.0, 0.53, 0.22, negative
0.41, 0.41, 0.43, 0.61, 0.5, 0.0, 0.53, 0.22, negative
0.45, 0.66, 0.39, 0.11, 0.5, 0.0, 0.54, 0.22, negative
0.55, 0.38, 0.64, 0.42, 0.5, 0.0, 0.47, 0.22, negative
0.47, 0.53, 0.48, 0.51, 0.5, 0.0, 0.54, 0.22, negative
0.61, 0.38, 0.57, 0.36, 0.5, 0.0, 0.44, 0.21, negative
0.43, 0.33, 0.54, 0.37, 0.5, 0.0, 0.38, 0.16, negative
0.43, 0.33, 0.54, 0.37, 0.5, 0.0, 0.38, 0.16, negative
0.35, 0.33, 0.48, 0.42, 0.5, 0.0, 0.47, 0.43, negative
0.57, 0.43, 0.52, 0.3, 0.5, 0.0, 0.37, 0.11, negative
0.57, 0.43, 0.52, 0.3, 0.5, 0.0, 0.37, 0.11, negative
0.61, 0.48, 0.56, 0.19, 0.5, 0.0, 0.53, 0.31, negative
0.61, 0.48, 0.56, 0.19, 0.5, 0.0, 0.53, 0.31, negative
0.72, 0.37, 0.63, 0.38, 0.5, 0.0, 0.4, 0.14, negative
0.44, 0.36, 0.64, 0.45, 0.5, 0.0, 0.53, 0.11, negative
0.63, 0.64, 0.45, 0.26, 0.5, 0.0, 0.43, 0.22, negative
0.58, 0.44, 0.5, 0.26, 0.5, 0.0, 0.52, 0.22, negative
0.34, 0.34, 0.65, 0.4, 0.5, 0.0, 0.32, 0.16, negative
0.34, 0.34, 0.65, 0.4, 0.5, 0.0, 0.32, 0.16, negative
0.43, 0.22, 0.79, 0.79, 0.5, 0.0, 0.22, 0.0, negative
0.35, 0.21, 1.0, 0.8, 0.5, 0.0, 0.13, 0.01, negative
0.54, 0.44, 0.55, 0.48, 0.5, 0.0, 0.47, 0.22, negative
0.66, 0.6, 0.52, 0.19, 0.5, 0.0, 0.69, 0.22, negative
0.73, 0.6, 0.47, 0.2, 0.5, 0.0, 0.72, 0.22, negative
0.78, 0.82, 0.56, 0.21, 0.5, 0.0, 0.69, 0.22, negative
0.42, 0.49, 0.49, 0.36, 0.5, 0.0, 0.57, 0.26, negative
0.47, 0.56, 0.46, 0.5, 0.5, 0.0, 0.51, 0.22, negative
0.52, 0.43, 0.61, 0.22, 0.5, 0.0, 0.45, 0.22, negative
0.52, 0.43, 0.61, 0.22, 0.5, 0.0, 0.45, 0.22, negative
0.32, 0.44, 0.54, 0.21, 0.5, 0.0, 0.4, 0.19, negative
0.32, 0.44, 0.54, 0.21, 0.5, 0.0, 0.4, 0.19, negative
0.46, 0.54, 0.59, 0.41, 0.5, 0.0, 0.53, 0.21, negative
0.46, 0.54, 0.59, 0.41, 0.5, 0.0, 0.53, 0.21, negative
0.5, 0.5, 0.62, 0.23, 0.5, 0.0, 0.35, 0.11, negative
0.51, 0.4, 0.5, 0.28, 0.5, 0.0, 0.48, 0.27, negative
0.39, 1.0, 0.38, 0.41, 0.5, 0.0, 0.5, 0.27, negative
0.39, 0.46, 0.33, 0.18, 0.5, 0.0, 0.53, 0.22, negative
0.52, 0.54, 0.47, 0.49, 0.5, 0.0, 0.54, 0.22, negative
0.56, 0.65, 0.49, 0.56, 0.5, 0.0, 0.49, 0.22, negative
0.54, 0.64, 0.4, 0.56, 0.5, 0.0, 0.51, 0.22, negative
0.47, 0.58, 0.47, 0.52, 0.5, 0.0, 0.54, 0.22, negative
0.46, 0.42, 0.51, 0.16, 0.5, 0.0, 0.56, 0.22, negative
0.85, 0.66, 0.49, 0.18, 0.5, 0.0, 0.51, 0.22, negative
0.49, 0.38, 0.56, 0.09, 0.5, 0.0, 0.46, 0.22, negative
0.55, 0.55, 0.52, 0.13, 0.5, 0.0, 0.53, 0.25, negative
0.34, 0.46, 0.52, 0.19, 0.5, 0.0, 0.53, 0.26, negative
0.51, 0.51, 0.32, 0.27, 0.5, 0.0, 0.54, 0.22, negative
0.55, 0.72, 0.35, 0.26, 0.5, 0.0, 0.49, 0.22, negative
0.54, 0.44, 0.35, 0.19, 0.5, 0.0, 0.51, 0.27, negative
0.65, 0.66, 0.37, 0.12, 0.5, 0.0, 0.52, 0.27, negative
0.77, 0.82, 0.4, 0.36, 0.5, 0.0, 0.38, 0.22, negative
0.42, 0.28, 0.33, 0.23, 0.5, 0.0, 0.39, 0.26, negative
0.56, 0.59, 0.45, 0.15, 0.5, 0.0, 0.54, 0.22, negative
0.47, 0.56, 0.53, 0.44, 0.5, 0.0, 0.53, 0.22, negative
0.42, 0.43, 0.67, 0.7, 0.5, 0.0, 0.42, 0.25, negative
0.38, 0.42, 0.31, 0.35, 0.5, 0.0, 0.52, 0.22, negative
0.4, 0.43, 0.36, 0.33, 0.5, 0.0, 0.51, 0.22, negative
0.57, 0.51, 0.34, 0.13, 0.5, 0.0, 0.53, 0.27, negative
0.23, 0.37, 0.32, 0.13, 0.5, 0.0, 0.53, 0.22, negative
0.6, 0.64, 0.56, 0.36, 0.5, 0.0, 0.46, 0.27, negative
0.27, 0.41, 0.24, 0.2, 0.5, 0.0, 0.49, 0.22, negative
0.25, 0.35, 0.22, 0.18, 0.5, 0.0, 0.46, 0.22, negative
0.37, 0.4, 0.38, 0.18, 0.5, 0.0, 0.51, 0.22, negative
0.55, 0.57, 0.51, 0.07, 0.5, 0.0, 0.55, 0.22, negative
0.54, 0.47, 0.58, 0.4, 0.5, 0.0, 0.46, 0.27, negative
0.5, 0.45, 0.51, 0.19, 0.5, 0.0, 0.53, 0.25, negative
0.66, 0.65, 0.54, 0.4, 0.5, 0.0, 0.51, 0.22, negative
0.32, 0.68, 0.51, 0.16, 0.5, 0.83, 0.55, 0.22, negative
0.53, 0.48, 0.51, 0.18, 0.5, 0.0, 0.52, 0.27, negative
0.51, 0.48, 0.51, 0.19, 0.5, 0.0, 0.51, 0.27, negative
0.53, 0.48, 0.51, 0.18, 0.5, 0.0, 0.51, 0.27, negative
0.51, 0.5, 0.49, 0.45, 0.5, 0.0, 0.48, 0.22, negative
0.41, 0.42, 0.23, 0.16, 0.5, 0.0, 0.4, 0.22, negative
0.25, 0.42, 0.21, 0.14, 0.5, 0.0, 0.41, 0.22, negative
0.7, 0.58, 0.53, 0.39, 0.5, 0.0, 0.59, 0.22, negative
0.46, 0.41, 0.43, 0.18, 0.5, 0.0, 0.54, 0.22, negative
0.36, 0.37, 0.63, 0.25, 0.5, 0.0, 0.3, 0.22, negative
0.88, 0.72, 0.32, 0.3, 0.5, 0.0, 0.52, 0.33, negative
0.46, 0.61, 0.38, 0.35, 0.5, 0.0, 0.49, 0.22, negative
0.58, 0.43, 0.32, 0.11, 0.5, 0.0, 0.49, 0.22, negative
0.74, 0.82, 0.46, 0.24, 0.5, 0.0, 0.5, 0.31, negative
0.75, 0.76, 0.58, 0.22, 0.5, 0.0, 0.49, 0.22, negative
0.41, 0.49, 0.55, 0.13, 0.5, 0.0, 0.55, 0.22, negative
0.38, 0.34, 0.55, 0.44, 0.5, 0.0, 0.48, 0.26, negative
0.78, 0.73, 0.27, 0.28, 0.5, 0.0, 0.56, 0.22, negative
0.63, 0.64, 0.49, 0.2, 0.5, 0.0, 0.52, 0.25, negative
0.31, 0.4, 0.31, 0.17, 0.5, 0.0, 0.52, 0.22, negative
0.62, 0.42, 0.47, 0.16, 0.5, 0.0, 0.52, 0.22, negative
0.54, 0.55, 0.55, 0.4, 0.5, 0.0, 0.53, 0.22, negative
0.38, 0.42, 0.5, 0.19, 0.5, 0.0, 0.44, 0.22, negative
0.38, 0.42, 0.5, 0.19, 0.5, 0.0, 0.44, 0.22, negative
0.44, 0.54, 0.51, 0.16, 0.5, 0.0, 0.58, 0.22, negative
0.44, 0.55, 0.51, 0.16, 0.5, 0.0, 0.6, 0.22, negative
0.79, 0.79, 0.42, 0.26, 0.5, 0.0, 0.6, 0.22, negative
0.8, 0.83, 0.43, 0.24, 0.5, 0.0, 0.54, 0.22, negative
0.58, 0.55, 0.51, 0.13, 0.5, 0.0, 0.52, 0.22, negative
0.42, 0.45, 0.75, 0.21, 0.5, 0.0, 0.48, 0.22, negative
0.39, 0.45, 0.75, 0.17, 0.5, 0.0, 0.51, 0.22, negative
0.63, 0.54, 0.53, 0.27, 0.5, 0.0, 0.49, 0.22, negative
0.45, 0.76, 0.51, 0.25, 0.5, 0.0, 0.59, 0.22, negative
0.59, 0.64, 0.44, 0.26, 0.5, 0.0, 0.5, 0.22, negative
0.79, 0.56, 0.53, 0.19, 0.5, 0.0, 0.47, 0.35, negative
0.79, 0.62, 0.35, 0.35, 0.5, 0.0, 0.6, 0.28, negative
0.61, 0.73, 0.5, 0.58, 0.5, 0.0, 0.5, 0.22, negative
0.66, 0.54, 0.53, 0.17, 0.5, 0.0, 0.54, 0.22, negative
0.47, 0.46, 0.49, 0.27, 0.5, 0.0, 0.59, 0.22, negative
0.5, 0.46, 0.49, 0.27, 0.5, 0.0, 0.6, 0.22, negative
0.42, 0.51, 0.33, 0.16, 0.5, 0.0, 0.54, 0.22, negative
0.48, 0.39, 0.56, 0.23, 0.5, 0.0, 0.6, 0.22, negative
0.4, 0.28, 0.58, 0.44, 0.5, 0.0, 0.41, 0.22, negative
0.51, 0.49, 0.48, 0.55, 0.5, 0.0, 0.52, 0.58, negative
0.36, 0.51, 0.51, 0.17, 0.5, 0.0, 0.52, 0.22, negative
0.68, 0.68, 0.35, 0.16, 0.5, 0.0, 0.62, 0.22, negative
0.57, 0.54, 0.32, 0.15, 0.5, 0.0, 0.52, 0.25, negative
0.4, 0.36, 0.32, 0.16, 0.5, 0.0, 0.51, 0.27, negative
0.65, 0.63, 0.47, 0.22, 0.5, 0.0, 0.52, 0.27, negative
0.25, 0.4, 0.54, 0.16, 0.5, 0.0, 0.43, 0.22, negative
0.78, 0.71, 0.35, 0.25, 0.5, 0.0, 0.49, 0.22, negative
1.0, 0.8, 0.29, 0.36, 0.5, 0.0, 0.52, 0.22, negative
0.51, 0.39, 0.56, 0.55, 0.5, 0.0, 0.46, 0.64, negative
0.69, 0.66, 0.36, 0.09, 0.5, 0.0, 0.56, 0.22, negative
0.49, 0.53, 0.36, 0.15, 0.5, 0.0, 0.52, 0.27, negative
0.77, 0.78, 0.27, 0.37, 0.5, 0.0, 0.49, 0.22, negative
0.88, 0.75, 0.41, 0.36, 0.5, 0.0, 0.43, 0.22, negative
0.53, 0.52, 0.49, 0.27, 0.5, 0.0, 0.51, 0.22, negative
0.71, 0.79, 0.41, 0.38, 0.5, 0.0, 0.54, 0.22, negative
0.47, 0.41, 0.46, 0.18, 0.5, 0.0, 0.53, 0.22, negative
0.59, 0.56, 0.5, 0.48, 0.5, 0.0, 0.46, 0.22, negative
0.22, 0.53, 0.36, 0.22, 0.5, 0.0, 0.54, 0.31, negative
0.43, 0.41, 0.37, 0.18, 0.5, 0.0, 0.54, 0.31, negative
0.46, 0.59, 0.38, 0.12, 0.5, 0.0, 0.5, 0.22, negative
0.8, 0.82, 0.4, 0.31, 0.5, 0.0, 0.57, 0.25, negative
0.57, 0.52, 0.46, 0.2, 0.5, 0.83, 0.52, 0.41, negative
0.56, 0.71, 0.47, 0.21, 0.5, 0.0, 0.52, 0.22, negative
0.77, 0.7, 0.37, 0.12, 0.5, 0.0, 0.49, 0.26, negative
0.71, 0.51, 0.49, 0.23, 0.5, 0.0, 0.3, 0.32, negative
0.59, 0.48, 0.49, 0.49, 0.5, 0.0, 0.36, 0.32, negative
0.74, 0.73, 0.32, 0.2, 0.5, 0.0, 0.55, 0.22, negative
0.35, 0.32, 0.31, 0.16, 0.5, 0.0, 0.56, 0.22, negative
0.67, 0.61, 0.39, 0.24, 0.5, 0.0, 0.51, 0.22, negative
0.47, 0.41, 0.53, 0.27, 0.5, 0.0, 0.47, 0.25, negative
0.39, 0.56, 0.34, 0.18, 0.5, 0.0, 0.49, 0.22, negative
0.51, 0.38, 0.42, 0.21, 0.5, 0.0, 0.46, 0.34, negative
0.75, 0.73, 0.35, 0.33, 0.5, 0.0, 0.49, 0.28, negative
0.28, 0.48, 0.36, 0.16, 0.5, 0.0, 0.53, 0.22, negative
0.38, 0.37, 0.36, 0.14, 0.5, 0.0, 0.54, 0.22, negative
0.63, 0.65, 0.42, 0.18, 0.5, 0.0, 0.54, 0.27, negative
0.61, 0.76, 0.3, 0.16, 0.5, 0.0, 0.45, 0.41, negative
0.39, 0.33, 0.33, 0.23, 0.5, 0.0, 0.47, 0.22, negative
0.51, 0.46, 0.41, 0.36, 0.5, 0.0, 0.49, 0.22, negative
0.92, 0.66, 0.52, 0.23, 0.5, 0.0, 0.53, 0.22, negative
0.72, 0.73, 0.41, 0.28, 0.5, 0.0, 0.44, 0.22, negative
0.49, 0.55, 0.35, 0.23, 0.5, 0.0, 0.57, 0.22, negative
0.63, 0.71, 0.44, 0.53, 0.5, 0.0, 0.52, 0.22, negative
0.6, 0.68, 0.3, 0.27, 0.5, 0.0, 0.55, 0.22, negative
0.77, 0.68, 0.35, 0.19, 0.5, 0.0, 0.53, 0.43, negative
0.51, 0.59, 0.46, 0.13, 0.5, 0.0, 0.48, 0.22, negative
0.52, 0.46, 0.34, 0.2, 0.5, 0.0, 0.51, 0.25, negative
0.85, 0.85, 0.3, 0.31, 0.5, 0.0, 0.55, 0.42, negative
0.46, 0.62, 0.46, 0.54, 0.5, 0.0, 0.51, 0.27, negative
0.74, 0.75, 0.45, 0.44, 0.5, 0.0, 0.52, 0.22, negative
0.52, 0.53, 0.58, 0.69, 0.5, 0.0, 0.5, 0.22, negative
0.38, 0.47, 0.47, 0.18, 0.5, 0.0, 0.44, 0.26, negative
0.63, 0.57, 0.5, 0.48, 0.5, 0.0, 0.51, 0.22, negative
0.71, 0.5, 0.5, 0.18, 0.5, 0.0, 0.46, 0.22, negative
0.67, 0.57, 0.36, 0.19, 0.5, 0.0, 0.56, 0.22, negative
0.58, 0.44, 0.57, 0.13, 0.5, 0.0, 0.54, 0.22, positive
0.43, 0.39, 0.54, 0.21, 0.5, 0.0, 0.53, 0.27, positive
0.42, 0.37, 0.59, 0.2, 0.5, 0.0, 0.52, 0.29, positive
0.58, 0.47, 0.54, 0.11, 0.5, 0.0, 0.51, 0.26, positive
0.5, 0.34, 0.55, 0.21, 0.5, 0.0, 0.49, 0.22, positive
0.37, 0.32, 0.47, 0.18, 0.5, 0.0, 0.45, 0.25, positive
0.3, 0.32, 0.57, 0.19, 0.5, 0.0, 0.48, 0.55, positive
0.4, 0.44, 0.49, 0.47, 0.5, 0.0, 0.49, 0.27, positive
0.45, 0.51, 0.5, 0.16, 0.5, 0.0, 0.52, 1.0, positive
0.53, 0.51, 0.55, 0.05, 0.5, 0.0, 0.45, 0.25, positive
0.64, 0.6, 0.57, 0.19, 0.5, 0.0, 0.43, 0.22, positive
0.28, 0.37, 0.61, 0.09, 0.5, 0.0, 0.52, 0.55, positive
0.26, 0.36, 0.47, 0.34, 0.5, 0.0, 0.53, 0.72, positive
0.58, 0.5, 0.5, 0.12, 0.5, 0.0, 0.48, 0.25, positive
0.36, 0.68, 0.46, 0.16, 0.5, 0.0, 0.53, 0.28, positive
0.42, 0.31, 0.5, 0.15, 0.5, 0.0, 0.53, 0.22, positive
0.49, 0.47, 0.53, 0.16, 0.5, 0.0, 0.48, 0.27, positive
0.42, 0.51, 0.5, 0.12, 0.5, 0.0, 0.52, 0.46, positive
0.31, 0.31, 0.56, 0.33, 0.5, 0.0, 0.52, 0.33, positive
0.34, 0.36, 0.54, 0.11, 0.5, 0.0, 0.36, 0.21, positive
0.41, 0.45, 0.53, 0.17, 0.5, 0.0, 0.51, 0.25, positive
0.59, 0.58, 0.56, 0.21, 0.5, 0.0, 0.54, 0.33, positive
0.56, 0.43, 0.54, 0.16, 0.5, 0.0, 0.5, 0.22, positive
0.27, 0.36, 0.6, 0.33, 0.5, 0.0, 0.37, 0.31, positive
0.35, 0.4, 0.59, 0.22, 0.5, 0.0, 0.47, 0.37, positive
0.42, 0.32, 0.5, 0.21, 0.5, 0.0, 0.51, 0.22, positive
0.55, 0.54, 0.56, 0.22, 0.5, 0.0, 0.5, 0.37, positive
0.36, 0.24, 0.49, 0.16, 0.5, 0.0, 0.51, 0.22, positive
0.6, 0.56, 0.47, 0.2, 0.5, 0.0, 0.5, 0.38, positive
0.41, 0.24, 0.54, 0.26, 0.5, 0.0, 0.41, 0.22, positive
0.53, 0.61, 0.52, 0.21, 0.5, 0.0, 0.55, 0.3, positive
0.61, 0.3, 0.59, 0.12, 0.5, 0.0, 0.49, 0.27, positive
0.37, 0.53, 0.46, 0.23, 0.5, 0.0, 0.47, 0.22, positive
0.35, 0.39, 0.57, 0.11, 0.5, 0.0, 0.48, 0.22, positive
0.33, 0.44, 0.49, 0.08, 0.5, 0.0, 0.48, 0.49, positive
0.54, 0.57, 0.52, 0.19, 0.5, 0.0, 0.59, 0.67, positive
0.37, 0.43, 0.62, 0.27, 0.5, 0.0, 0.48, 0.22, positive
0.44, 0.44, 0.49, 0.15, 0.5, 0.0, 0.46, 0.27, positive
0.27, 0.51, 0.47, 0.35, 0.5, 0.0, 0.49, 0.28, positive
0.54, 0.56, 0.57, 0.18, 0.5, 0.0, 0.45, 0.25, positive
0.43, 0.54, 0.58, 0.16, 0.5, 0.0, 0.5, 0.36, positive
0.34, 0.66, 0.51, 0.16, 0.5, 0.0, 0.47, 0.33, positive
0.4, 0.34, 0.52, 0.17, 0.5, 0.0, 0.47, 0.51, positive
0.58, 0.48, 0.56, 0.1, 0.5, 0.0, 0.46, 0.25, positive
0.58, 0.48, 0.56, 0.12, 0.5, 0.0, 0.46, 0.25, positive
0.41, 0.6, 0.53, 0.29, 0.5, 0.0, 0.47, 0.43, positive
0.47, 0.49, 0.63, 0.17, 0.5, 0.0, 0.31, 0.26, positive
0.44, 0.42, 0.62, 0.14, 0.5, 0.0, 0.55, 0.37, positive
0.61, 0.57, 0.45, 0.21, 0.5, 0.0, 0.5, 0.42, positive
0.37, 0.22, 0.64, 0.35, 0.5, 0.0, 0.47, 0.22, positive
0.51, 0.48, 0.58, 0.22, 0.5, 0.0, 0.5, 0.28, positive
0.49, 0.37, 0.59, 0.17, 0.5, 0.0, 0.51, 0.22, positive
0.51, 0.48, 0.58, 0.22, 0.5, 0.0, 0.5, 0.28, positive
0.29, 0.68, 0.47, 0.26, 0.5, 0.0, 0.47, 0.37, positive
0.43, 0.39, 0.51, 0.28, 0.5, 0.0, 0.4, 0.22, positive
0.54, 0.45, 0.62, 0.13, 0.5, 0.0, 0.52, 0.26, positive
0.56, 0.45, 0.59, 0.14, 0.5, 0.0, 0.51, 0.26, positive
0.45, 0.38, 0.59, 0.18, 0.5, 0.0, 0.44, 0.45, positive
0.5, 0.45, 0.49, 0.3, 0.5, 0.0, 0.47, 0.4, positive
0.34, 0.31, 0.6, 0.37, 0.5, 0.0, 0.5, 0.3, positive
0.59, 0.53, 0.47, 0.26, 0.5, 0.0, 0.53, 0.31, positive
0.57, 0.49, 0.48, 0.16, 0.5, 0.0, 0.51, 0.22, positive
0.43, 0.32, 0.56, 0.27, 0.5, 0.0, 0.47, 0.27, positive
0.52, 0.48, 0.54, 0.28, 0.5, 0.0, 0.54, 0.22, positive
0.44, 0.53, 0.43, 0.17, 0.5, 0.0, 0.54, 0.75, positive
0.49, 0.62, 0.65, 0.18, 0.5, 0.0, 0.46, 0.43, positive
0.33, 0.37, 0.54, 0.28, 0.5, 0.0, 0.53, 0.27, positive
0.33, 0.38, 0.53, 0.26, 0.5, 0.0, 0.52, 0.27, positive
0.5, 0.49, 0.52, 0.2, 0.5, 0.0, 0.43, 0.52, positive
0.46, 0.57, 0.52, 0.28, 0.5, 0.0, 0.52, 0.22, positive
0.55, 0.49, 0.45, 0.18, 0.5, 0.0, 0.49, 0.22, positive
0.4, 0.53, 0.61, 0.21, 0.5, 0.0, 0.48, 0.33, positive
0.43, 0.83, 0.55, 0.2, 0.5, 0.0, 0.47, 0.4, positive
0.37, 0.31, 0.53, 0.16, 0.5, 0.0, 0.53, 0.44, positive
0.43, 0.39, 0.59, 0.13, 0.5, 0.0, 0.41, 0.43, positive
0.39, 0.3, 0.56, 0.12, 0.5, 0.0, 0.53, 0.38, positive
0.52, 0.38, 0.62, 0.12, 0.5, 0.0, 0.41, 0.28, positive
0.51, 0.56, 0.62, 0.24, 0.5, 0.0, 0.52, 0.51, positive
0.39, 0.35, 0.49, 0.17, 0.5, 0.0, 0.49, 0.22, positive
0.58, 0.56, 0.52, 0.25, 0.5, 0.0, 0.57, 0.35, positive
0.36, 0.39, 0.55, 0.26, 0.5, 0.0, 0.49, 0.22, positive
0.48, 0.62, 0.52, 0.3, 0.5, 0.0, 0.51, 0.37, positive
0.33, 0.46, 0.53, 0.29, 0.5, 0.0, 0.5, 0.55, positive
0.39, 0.34, 0.68, 0.3, 0.5, 0.0, 0.5, 0.29, positive
0.4, 0.53, 0.44, 0.18, 0.5, 0.0, 0.54, 0.31, positive
0.36, 0.3, 0.5, 0.19, 0.5, 0.0, 0.55, 0.3, positive
0.33, 0.48, 0.55, 0.16, 0.5, 0.0, 0.53, 0.75, positive
0.45, 0.21, 0.49, 0.24, 0.5, 0.0, 0.46, 0.31, positive
0.44, 0.34, 0.61, 0.13, 0.5, 0.0, 0.49, 0.26, positive
0.47, 0.47, 0.5, 0.15, 0.5, 0.0, 0.5, 0.48, positive
0.51, 0.34, 0.49, 0.16, 0.5, 0.0, 0.53, 0.21, positive
0.7, 0.51, 0.47, 0.24, 0.5, 0.0, 0.53, 0.25, positive
0.25, 0.36, 0.58, 0.3, 0.5, 0.0, 0.58, 0.31, positive
0.58, 0.51, 0.56, 0.16, 0.5, 0.0, 0.34, 0.22, positive
0.64, 0.52, 0.5, 0.26, 0.5, 0.0, 0.51, 0.31, positive
0.33, 0.38, 0.45, 0.19, 0.5, 0.0, 0.54, 0.37, positive
0.61, 0.46, 0.44, 0.47, 0.5, 0.0, 0.5, 0.37, positive
0.37, 0.42, 0.6, 0.13, 0.5, 0.0, 0.51, 0.22, positive
0.67, 0.46, 0.58, 0.3, 0.5, 0.0, 0.57, 0.27, positive
0.41, 0.48, 0.54, 0.24, 0.5, 0.0, 0.37, 0.51, positive
0.44, 0.42, 0.57, 0.22, 0.5, 0.0, 0.5, 0.25, positive
0.53, 0.54, 0.43, 0.18, 0.5, 0.0, 0.53, 0.31, positive
0.4, 0.37, 0.54, 0.13, 0.5, 0.0, 0.48, 0.22, positive
0.45, 0.4, 0.43, 0.22, 0.5, 0.0, 0.51, 0.48, positive
0.38, 0.48, 0.51, 0.13, 0.5, 0.0, 0.5, 0.32, positive
0.49, 0.48, 0.52, 0.2, 0.5, 0.0, 0.55, 0.22, positive
0.37, 0.48, 0.5, 0.26, 0.5, 0.0, 0.52, 0.39, positive
0.42, 0.28, 0.51, 0.23, 0.5, 0.0, 0.53, 0.27, positive
0.56, 0.59, 0.54, 0.18, 0.5, 0.0, 0.48, 0.46, positive
0.33, 0.39, 0.52, 0.09, 0.5, 0.0, 0.47, 0.28, positive
0.38, 0.26, 0.6, 0.1, 0.5, 0.0, 0.48, 0.44, positive
0.34, 0.35, 0.58, 0.2, 0.5, 0.0, 0.46, 0.32, positive
0.4, 0.28, 0.48, 0.06, 0.5, 0.0, 0.49, 0.42, positive
0.37, 0.44, 0.51, 0.56, 0.5, 0.0, 0.5, 0.38, positive
0.24, 0.41, 0.47, 0.16, 0.5, 0.0, 0.51, 0.38, positive
0.33, 0.28, 0.5, 0.4, 0.5, 0.0, 0.46, 0.61, positive
0.51, 0.55, 0.56, 0.18, 0.5, 0.0, 0.5, 0.38, positive
0.39, 0.44, 0.54, 0.24, 0.5, 0.0, 0.51, 0.49, positive
0.47, 0.43, 0.48, 0.16, 0.5, 0.0, 0.46, 0.27, positive
0.52, 0.5, 0.51, 0.2, 0.5, 0.0, 0.51, 0.22, positive
0.33, 0.28, 0.52, 0.15, 0.5, 0.0, 0.51, 0.86, positive
0.36, 0.48, 0.5, 0.13, 0.5, 0.0, 0.49, 0.6, positive
0.55, 0.59, 0.53, 0.15, 0.5, 0.0, 0.49, 0.22, positive
0.31, 0.39, 0.55, 0.28, 0.5, 0.0, 0.46, 0.31, positive
0.43, 0.41, 0.51, 0.34, 0.5, 0.0, 0.49, 0.28, positive
0.41, 0.52, 0.56, 0.26, 0.5, 0.0, 0.48, 0.32, positive
0.49, 0.49, 0.51, 0.29, 0.5, 0.0, 0.52, 0.71, positive
0.41, 0.52, 0.51, 0.22, 0.5, 0.0, 0.52, 0.44, positive
0.51, 0.61, 0.5, 0.23, 0.5, 0.0, 0.52, 0.61, positive
0.54, 0.53, 0.53, 0.17, 0.5, 0.0, 0.51, 0.39, positive
0.58, 0.31, 0.6, 0.12, 0.5, 0.0, 0.47, 0.33, positive
0.49, 0.67, 0.5, 0.28, 0.5, 0.0, 0.43, 0.22, positive
0.44, 0.45, 0.53, 0.19, 0.5, 0.0, 0.41, 0.28, positive
0.57, 0.55, 0.52, 0.16, 0.5, 0.0, 0.49, 0.39, positive
0.32, 0.49, 0.53, 0.28, 0.5, 0.0, 0.5, 0.5, positive
0.35, 0.42, 0.56, 0.28, 0.5, 0.0, 0.47, 0.22, positive
0.57, 0.51, 0.58, 0.22, 0.5, 0.0, 0.51, 0.22, positive
0.47, 0.47, 0.54, 0.19, 0.5, 0.0, 0.51, 0.33, positive
0.34, 0.58, 0.5, 0.26, 0.5, 0.0, 0.51, 0.22, positive
0.55, 0.45, 0.58, 0.25, 0.5, 0.0, 0.49, 0.22, positive
0.42, 0.21, 0.59, 0.3, 0.5, 0.0, 0.47, 0.27, positive
0.35, 0.4, 0.44, 0.25, 0.5, 0.0, 0.53, 0.57, positive
0.43, 0.44, 0.64, 0.19, 0.5, 0.0, 0.38, 0.33, positive
0.72, 0.51, 0.52, 0.08, 0.5, 0.0, 0.54, 0.22, positive
0.56, 0.49, 0.54, 0.15, 0.5, 0.0, 0.5, 0.35, positive
0.57, 0.49, 0.61, 0.26, 0.5, 0.0, 0.52, 0.22, positive
0.54, 0.57, 0.55, 0.18, 0.5, 0.0, 0.5, 0.22, positive
0.38, 0.44, 0.55, 0.44, 0.5, 0.0, 0.47, 0.51, positive
0.34, 0.47, 0.48, 0.32, 0.5, 0.0, 0.42, 0.22, positive
0.5, 0.56, 0.63, 0.25, 0.5, 0.0, 0.42, 0.22, positive
0.46, 0.53, 0.47, 0.37, 0.5, 0.0, 0.51, 0.36, positive
0.38, 0.38, 0.54, 0.24, 0.5, 0.0, 0.54, 0.22, positive
0.37, 0.3, 0.51, 0.15, 0.5, 0.0, 0.58, 0.26, positive
0.56, 0.61, 0.52, 0.19, 0.5, 0.0, 0.52, 0.32, positive
0.6, 0.57, 0.52, 0.14, 0.5, 0.0, 0.46, 0.48, positive
0.42, 0.38, 0.52, 0.29, 0.5, 0.0, 0.42, 0.22, positive
0.41, 0.46, 0.58, 0.08, 0.5, 0.0, 0.51, 0.28, positive
0.47, 0.37, 0.46, 0.28, 0.5, 0.0, 0.52, 0.99, positive
0.48, 0.5, 0.47, 0.29, 0.5, 0.0, 0.46, 0.27, positive
0.47, 0.44, 0.53, 0.18, 0.5, 0.0, 0.47, 0.29, positive
0.45, 0.65, 0.51, 0.17, 0.5, 0.0, 0.49, 0.22, positive
0.42, 0.42, 0.55, 0.31, 0.5, 0.0, 0.43, 0.22, positive
0.45, 0.41, 0.53, 0.49, 0.5, 0.0, 0.49, 0.31, positive
0.42, 0.28, 0.49, 0.22, 0.5, 0.0, 0.55, 0.34, positive
0.37, 0.47, 0.49, 0.12, 0.5, 0.0, 0.47, 0.31, positive
0.47, 0.55, 0.57, 0.17, 0.5, 0.0, 0.52, 0.66, positive
0.47, 0.56, 0.51, 0.2, 0.5, 0.0, 0.52, 0.59, positive
0.48, 0.55, 0.58, 0.18, 0.5, 0.0, 0.38, 0.69, positive
0.33, 0.47, 0.55, 0.24, 0.5, 0.0, 0.45, 0.67, positive
0.54, 0.6, 0.57, 0.17, 0.5, 0.0, 0.44, 0.22, positive
0.57, 0.55, 0.51, 0.18, 0.5, 0.0, 0.51, 0.43, positive
0.44, 0.43, 0.46, 0.28, 0.5, 0.0, 0.45, 0.29, positive
0.46, 0.5, 0.5, 0.28, 0.5, 0.0, 0.5, 0.37, positive
0.38, 0.58, 0.46, 0.21, 0.5, 0.0, 0.52, 0.22, positive
0.37, 0.29, 0.45, 0.15, 0.5, 0.0, 0.49, 0.22, positive
0.37, 0.48, 0.67, 0.37, 0.5, 0.0, 0.56, 0.62, positive
0.44, 0.59, 0.54, 0.18, 0.5, 0.0, 0.49, 0.22, positive
0.48, 0.65, 0.36, 0.24, 0.5, 0.0, 0.54, 0.31, positive
0.59, 0.49, 0.45, 0.22, 0.5, 0.0, 0.45, 0.31, positive
0.5, 0.43, 0.5, 0.17, 0.5, 0.0, 0.46, 0.47, positive
0.49, 0.6, 0.54, 0.35, 0.5, 0.0, 0.53, 0.46, positive
0.52, 0.31, 0.56, 0.16, 0.5, 0.0, 0.55, 0.22, positive
0.49, 0.48, 0.51, 0.21, 0.5, 0.0, 0.53, 0.22, positive
0.49, 0.6, 0.42, 0.18, 0.5, 0.0, 0.58, 0.28, positive
0.47, 0.32, 0.51, 0.24, 0.5, 0.0, 0.54, 0.27, positive
0.53, 0.25, 0.59, 0.27, 0.5, 0.0, 0.45, 0.26, positive
0.31, 0.5, 0.54, 0.32, 0.5, 0.0, 0.53, 0.31, positive
0.44, 0.39, 0.63, 0.11, 0.5, 0.0, 0.49, 0.26, positive
0.38, 0.42, 0.47, 0.12, 0.5, 0.0, 0.47, 0.53, positive
0.38, 0.51, 0.56, 0.21, 0.5, 0.0, 0.48, 0.31, positive
0.48, 0.54, 0.56, 0.29, 0.5, 0.0, 0.51, 0.43, positive
0.58, 0.37, 0.58, 0.16, 0.5, 0.0, 0.51, 0.22, positive
0.47, 0.47, 0.5, 0.19, 0.5, 0.0, 0.51, 0.26, positive
0.55, 0.38, 0.52, 0.16, 0.5, 0.0, 0.49, 0.64, positive
0.49, 0.51, 0.52, 0.13, 0.5, 0.0, 0.51, 0.33, positive
0.54, 0.67, 0.56, 0.15, 0.5, 0.0, 0.57, 0.33, positive
0.41, 0.59, 0.65, 0.14, 0.5, 0.0, 0.49, 0.33, positive
0.47, 0.38, 0.5, 0.15, 0.5, 0.0, 0.49, 0.47, positive
0.33, 0.17, 0.52, 0.13, 0.5, 0.0, 0.51, 0.75, positive
0.57, 0.29, 0.63, 0.22, 0.5, 0.0, 0.49, 0.27, positive
0.52, 0.49, 0.59, 0.21, 0.5, 0.0, 0.47, 0.22, positive
0.41, 0.42, 0.53, 0.17, 0.5, 0.0, 0.48, 0.58, positive
0.53, 0.51, 0.54, 0.21, 0.5, 0.0, 0.45, 0.22, positive
0.5, 0.5, 0.48, 0.34, 0.5, 0.0, 0.52, 0.27, positive
0.36, 0.52, 0.61, 0.33, 0.5, 0.0, 0.52, 0.37, positive
0.6, 0.57, 0.63, 0.22, 0.5, 0.0, 0.5, 0.49, positive
0.56, 0.49, 0.47, 0.13, 0.5, 0.0, 0.52, 0.22, positive
0.55, 0.49, 0.6, 0.18, 0.5, 0.0, 0.51, 0.22, positive
0.4, 0.45, 0.45, 0.15, 0.5, 0.0, 0.53, 0.48, positive
0.45, 0.51, 0.43, 0.22, 0.5, 0.0, 0.57, 0.22, positive
0.57, 0.53, 0.6, 0.28, 0.5, 0.0, 0.52, 0.45, positive
0.25, 0.41, 0.47, 0.14, 0.5, 0.0, 0.56, 0.68, positive
0.47, 0.4, 0.63, 0.19, 0.5, 0.0, 0.52, 0.32, positive
0.33, 0.38, 0.47, 0.14, 0.5, 0.0, 0.51, 0.47, positive
0.38, 0.44, 0.57, 0.14, 0.5, 0.0, 0.53, 0.52, positive
0.4, 0.43, 0.49, 0.17, 0.5, 0.0, 0.51, 0.36, positive
0.34, 0.24, 0.51, 0.15, 0.5, 0.0, 0.54, 0.4, positive
0.36, 0.48, 0.61, 0.26, 0.5, 0.0, 0.5, 0.16, positive
0.41, 0.25, 0.59, 0.44, 0.5, 0.0, 0.6, 0.69, positive
0.38, 0.4, 0.39, 0.19, 0.5, 0.0, 0.46, 0.62, positive
0.41, 0.47, 0.5, 0.14, 0.5, 0.0, 0.53, 0.37, positive
0.47, 0.43, 0.61, 0.4, 0.5, 0.0, 0.48, 0.47, positive
0.43, 0.4, 0.6, 0.16, 0.5, 0.0, 0.53, 0.39, positive
0.5654, 0.5224, 0.5292, 0.1554, 0.5, 0.0, 0.4946, 0.3716, positive
0.4381, 0.2945, 0.4973, 0.2273, 0.5, 0.0, 0.5464, 0.3146, positive
0.4437, 0.41, 0.5182, 0.3537, 0.5, 0.0, 0.4955, 0.2636, positive
0.3993, 0.431, 0.49, 0.1688, 0.5, 0.0, 0.509, 0.3588, positive
0.562, 0.5023, 0.5359, 0.152, 0.5, 0.0, 0.498, 0.3582, positive
0.5961, 0.6, 0.57, 0.1812, 0.5, 0.0, 0.4344, 0.22, positive
0.3439, 0.3124, 0.6063, 0.3645, 0.5, 0.0, 0.5, 0.2992, positive
0.4182, 0.381, 0.521, 0.2897, 0.5, 0.0, 0.4213, 0.22, positive
0.4674, 0.3785, 0.5007, 0.1507, 0.5, 0.0, 0.4893, 0.4715, positive
0.4051, 0.42, 0.5202, 0.1618, 0.5, 0.0, 0.4784, 0.5718, positive
0.3665, 0.4891, 0.5348, 0.16, 0.5, 0.0, 0.527, 0.826, positive
0.3741, 0.4636, 0.6209, 0.3986, 0.5, 0.0, 0.5232, 0.575, positive
0.3784, 0.2678, 0.589, 0.1094, 0.5, 0.0, 0.4878, 0.44, positive
0.3825, 0.4825, 0.6, 0.2575, 0.5, 0.0, 0.495, 0.175, positive
0.291, 0.3425, 0.588, 0.1449, 0.5, 0.0, 0.498, 0.55, positive
0.3671, 0.4443, 0.6171, 0.2671, 0.5, 0.0, 0.4857, 0.2029, positive
0.517, 0.4198, 0.5804, 0.187, 0.5, 0.0, 0.3568, 0.2404, positive
0.568, 0.4796, 0.4484, 0.442, 0.5, 0.0, 0.5028, 0.3672, positive
0.5609, 0.4514, 0.5886, 0.1391, 0.5, 0.0, 0.5077, 0.2595, positive
0.4467, 0.4095, 0.5274, 0.1674, 0.5, 0.0, 0.4826, 0.5957, positive
0.4789, 0.4745, 0.5045, 0.1989, 0.5, 0.0, 0.5189, 0.2422, positive
0.4194, 0.4306, 0.4422, 0.1772, 0.5, 0.0, 0.5222, 0.48, positive
0.4152, 0.4278, 0.5542, 0.5368, 0.5, 0.0, 0.412, 0.1852, positive
0.3675, 0.3, 0.5075, 0.1599, 0.5, 0.0, 0.5726, 0.2699, positive
0.33, 0.2408, 0.52, 0.1429, 0.5, 0.0, 0.51, 0.8208, positive
0.3624, 0.3997, 0.567, 0.2624, 0.5, 0.0, 0.4876, 0.22, positive
0.5004, 0.5593, 0.6287, 0.2494, 0.5, 0.0, 0.4204, 0.22, positive
0.4977, 0.4604, 0.4981, 0.2988, 0.5, 0.0, 0.4746, 0.4035, positive
0.4976, 0.3396, 0.55, 0.208, 0.5, 0.0, 0.49, 0.22, positive
0.3443, 0.5728, 0.4942, 0.2557, 0.5, 0.0, 0.5042, 0.22, positive
0.7111, 0.5426, 0.5111, 0.0563, 0.6482, 0.0, 0.5193, 0.22, positive
0.349, 0.4279, 0.5058, 0.1042, 0.5, 0.0, 0.47, 0.2942, positive
0.5339, 0.51, 0.5439, 0.211, 0.5, 0.0, 0.4559, 0.22, positive
0.4247, 0.2621, 0.5758, 0.2858, 0.5, 0.0, 0.47, 0.27, positive
0.4704, 0.3183, 0.5765, 0.1683, 0.5, 0.0, 0.5996, 0.2448, positive
0.431, 0.4343, 0.584, 0.4174, 0.5, 0.0, 0.4757, 0.4874, positive
0.48, 0.5719, 0.5441, 0.294, 0.5, 0.0, 0.51, 0.4061, positive
0.4162, 0.5231, 0.5623, 0.1662, 0.5, 0.0, 0.5238, 0.6946, positive
0.3227, 0.3836, 0.5373, 0.2673, 0.5, 0.0, 0.4981, 0.2846, positive
0.4114, 0.4495, 0.5282, 0.1691, 0.5, 0.0, 0.5077, 0.2509, positive
0.3, 0.3287, 0.5013, 0.1463, 0.5, 0.0, 0.5287, 0.7926, positive
0.3976, 0.2875, 0.4937, 0.2088, 0.5, 0.0, 0.55, 0.325, positive
0.2897, 0.3454, 0.4948, 0.145, 0.5, 0.0, 0.5352, 0.7694, positive
0.4257, 0.5386, 0.5843, 0.1672, 0.5, 0.0, 0.4971, 0.3557, positive
0.4868, 0.5, 0.4734, 0.3071, 0.5, 0.0, 0.4805, 0.27, positive
0.4484, 0.6451, 0.5133, 0.1863, 0.5, 0.0, 0.49, 0.22, positive
0.5221, 0.5228, 0.5264, 0.1557, 0.5, 0.0, 0.51, 0.3685, positive
0.5397, 0.5684, 0.5497, 0.1808, 0.5, 0.0, 0.4987, 0.22, positive
0.4449, 0.2344, 0.452, 0.2714, 0.5, 0.0, 0.4927, 0.3073, positive
0.4606, 0.5336, 0.464, 0.3664, 0.5, 0.0, 0.51, 0.36, positive
0.4942, 0.3573, 0.573, 0.187, 0.5, 0.0, 0.5015, 0.22, positive
0.3416, 0.3655, 0.5561, 0.2172, 0.5, 0.0, 0.4961, 0.22, positive
0.3229, 0.3486, 0.5471, 0.2978, 0.5, 0.0, 0.5264, 0.2914, positive
0.3383, 0.6367, 0.4708, 0.1437, 0.5, 0.0, 0.53, 0.2475, positive
0.4629, 0.5718, 0.5194, 0.2788, 0.5, 0.0, 0.5212, 0.22, positive
0.43, 0.4984, 0.5361, 0.1616, 0.5, 0.0, 0.4539, 0.2446, positive
0.5843, 0.5828, 0.5562, 0.21, 0.5, 0.0, 0.5409, 0.3272, positive
0.6485, 0.4678, 0.5761, 0.2922, 0.5, 0.0, 0.5622, 0.27, positive
0.4414, 0.4286, 0.4593, 0.2765, 0.5, 0.0, 0.4521, 0.2851, positive
0.4071, 0.524, 0.6029, 0.208, 0.5, 0.0, 0.483, 0.33, positive
0.5728, 0.5509, 0.5062, 0.1819, 0.5, 0.0, 0.5091, 0.4253, positive
0.4, 0.3732, 0.5368, 0.1395, 0.5, 0.0, 0.4927, 0.2358, positive
0.37, 0.2921, 0.4514, 0.1521, 0.5, 0.0, 0.4872, 0.2221, positive
0.33, 0.2449, 0.52, 0.1436, 0.5, 0.0, 0.51, 0.8249, positive
0.4147, 0.4491, 0.5878, 0.0847, 0.5, 0.0, 0.5069, 0.2769, positive
0.6869, 0.4769, 0.5828, 0.2859, 0.5, 0.0, 0.5531, 0.2559, positive
0.343, 0.3652, 0.583, 0.2061, 0.5, 0.0, 0.463, 0.3352, positive
0.5075, 0.3449, 0.49, 0.1588, 0.5, 0.0, 0.53, 0.2149, positive
0.6268, 0.5121, 0.4868, 0.2494, 0.5, 0.0, 0.4941, 0.31, positive
0.4498, 0.6298, 0.5241, 0.272, 0.5, 0.0, 0.4782, 0.22, positive
0.5631, 0.3297, 0.6056, 0.12, 0.5, 0.0, 0.4531, 0.3159, positive
0.5918, 0.5024, 0.4535, 0.2165, 0.5, 0.0, 0.4589, 0.3224, positive
0.3624, 0.7024, 0.52, 0.17, 0.5, 0.0, 0.47, 0.3475, positive
0.5519, 0.5303, 0.5561, 0.2065, 0.5, 0.0, 0.5, 0.3661, positive
0.5602, 0.4294, 0.5404, 0.16, 0.5, 0.0, 0.5001, 0.22, positive
0.4335, 0.2224, 0.5106, 0.2483, 0.5, 0.0, 0.4394, 0.2729, positive
0.5137, 0.4837, 0.5837, 0.2163, 0.5, 0.0, 0.4888, 0.2577, positive
0.5624, 0.6358, 0.5566, 0.1722, 0.5, 0.0, 0.4445, 0.22, positive
0.4032, 0.4268, 0.5334, 0.1939, 0.5, 0.0, 0.4902, 0.5493, positive
0.4014, 0.4542, 0.4535, 0.1479, 0.5, 0.0, 0.5293, 0.4786, positive
0.3301, 0.3171, 0.6, 0.3643, 0.5, 0.0, 0.4816, 0.3014, positive
0.49, 0.48, 0.5125, 0.2075, 0.5, 0.0, 0.5349, 0.22, positive
0.3731, 0.4659, 0.49, 0.1252, 0.5, 0.0, 0.4741, 0.3152, positive
0.3952, 0.5151, 0.56, 0.2353, 0.5, 0.0, 0.48, 0.3151, positive
0.4087, 0.4348, 0.4969, 0.4735, 0.5, 0.0, 0.49, 0.2769, positive
0.5304, 0.5364, 0.5396, 0.1732, 0.5, 0.0, 0.5068, 0.3868, positive
0.551, 0.4952, 0.599, 0.1758, 0.5, 0.0, 0.511, 0.2252, positive
0.4817, 0.4778, 0.5078, 0.1695, 0.5, 0.0, 0.4728, 0.4956, positive
0.58, 0.4802, 0.5593, 0.1002, 0.5, 0.0, 0.4602, 0.25, positive
0.5985, 0.4805, 0.4547, 0.2134, 0.5, 0.0, 0.4528, 0.3157, positive
0.4336, 0.404, 0.5764, 0.2136, 0.5, 0.0, 0.5064, 0.2628, positive
0.3535, 0.238, 0.492, 0.162, 0.5, 0.0, 0.5065, 0.22, positive
0.2444, 0.4085, 0.469, 0.1615, 0.5, 0.0, 0.5115, 0.3795, positive
0.4444, 0.4615, 0.5128, 0.1815, 0.5, 0.0, 0.51, 0.2557, positive
0.4337, 0.42, 0.5695, 0.1905, 0.5, 0.0, 0.5626, 0.3447, positive
0.4817, 0.4729, 0.5517, 0.1988, 0.5, 0.0, 0.5071, 0.3153, positive
0.5066, 0.537, 0.6169, 0.2369, 0.5, 0.0, 0.4364, 0.22, positive
0.4335, 0.3498, 0.6035, 0.1529, 0.5, 0.0, 0.4998, 0.2698, positive
0.425, 0.4073, 0.5524, 0.205, 0.5, 0.0, 0.5424, 0.27, positive
0.33, 0.3779, 0.5321, 0.2642, 0.5, 0.0, 0.5221, 0.27, positive
0.4321, 0.4142, 0.4995, 0.3274, 0.5, 0.0, 0.4816, 0.2821, positive
0.54, 0.5727, 0.5518, 0.1791, 0.5, 0.0, 0.4945, 0.22, positive
0.4749, 0.6048, 0.4442, 0.3051, 0.5, 0.0, 0.51, 0.3649, positive
0.4806, 0.5435, 0.5588, 0.2935, 0.5, 0.0, 0.5112, 0.4317, positive
0.339, 0.433, 0.4895, 0.272, 0.5, 0.0, 0.5135, 0.559, positive
0.4177, 0.3177, 0.5877, 0.13, 0.5, 0.0, 0.4732, 0.2377, positive
0.369, 0.6766, 0.4634, 0.16, 0.5, 0.0, 0.5244, 0.2834, positive
0.3725, 0.2789, 0.5425, 0.1305, 0.5, 0.0, 0.5335, 0.387, positive
0.6053, 0.5677, 0.457, 0.2065, 0.5, 0.0, 0.5012, 0.4212, positive
0.3771, 0.4114, 0.4057, 0.1814, 0.5, 0.0, 0.4643, 0.6171, positive
0.5938, 0.5567, 0.4776, 0.2753, 0.5, 0.0, 0.53, 0.2756, positive
0.438, 0.4149, 0.617, 0.1461, 0.5, 0.0, 0.547, 0.3619, positive
0.47, 0.4675, 0.5025, 0.1892, 0.5, 0.0, 0.5066, 0.2625, positive
0.607, 0.567, 0.456, 0.207, 0.5, 0.0, 0.5, 0.408, positive
0.5422, 0.5315, 0.5285, 0.1707, 0.5, 0.0, 0.51, 0.3929, positive
0.3641, 0.4271, 0.6024, 0.2729, 0.5, 0.0, 0.4771, 0.22, positive
0.2898, 0.3676, 0.6027, 0.0965, 0.5, 0.0, 0.5159, 0.5467, positive
0.2734, 0.3625, 0.5958, 0.3258, 0.5, 0.0, 0.3776, 0.31, positive
0.6996, 0.5093, 0.4715, 0.2408, 0.5, 0.0, 0.5305, 0.2503, positive
0.33, 0.3474, 0.5112, 0.3588, 0.5, 0.0, 0.475, 0.5875, positive
0.57, 0.5026, 0.5911, 0.2348, 0.5, 0.0, 0.5137, 0.22, positive
0.3358, 0.4826, 0.5437, 0.1605, 0.5, 0.0, 0.5305, 0.75, positive
0.4999, 0.3404, 0.5506, 0.2094, 0.5, 0.0, 0.4903, 0.22, positive
0.4774, 0.4752, 0.6127, 0.17, 0.5, 0.0, 0.3199, 0.2501, positive
0.4188, 0.3813, 0.5475, 0.1375, 0.5, 0.0, 0.4951, 0.22, positive
0.5342, 0.5067, 0.5492, 0.055, 0.5, 0.0, 0.455, 0.2508, positive
0.4078, 0.4834, 0.4866, 0.1489, 0.5, 0.0, 0.5322, 0.3566, positive
0.5242, 0.4985, 0.5688, 0.21, 0.5, 0.0, 0.4615, 0.22, positive
0.4053, 0.4256, 0.5272, 0.1663, 0.5, 0.0, 0.4809, 0.5819, positive
0.5267, 0.3722, 0.6178, 0.12, 0.5, 0.0, 0.4167, 0.2856, positive
0.3948, 0.5149, 0.56, 0.2346, 0.5, 0.0, 0.48, 0.3149, positive
0.3597, 0.3899, 0.5498, 0.26, 0.5, 0.0, 0.4903, 0.2206, positive
0.4759, 0.6231, 0.5094, 0.28, 0.5, 0.0, 0.4722, 0.22, positive
0.4077, 0.4577, 0.5811, 0.0828, 0.5, 0.0, 0.51, 0.2766, positive
0.4269, 0.5241, 0.4443, 0.1688, 0.5, 0.0, 0.5388, 0.75, positive
0.6065, 0.46, 0.4424, 0.4547, 0.5, 0.0, 0.5, 0.3771, positive
0.396, 0.233, 0.5751, 0.2916, 0.5, 0.0, 0.431, 0.22, positive
0.3875, 0.2898, 0.5702, 0.1149, 0.5, 0.0, 0.5173, 0.3952, positive
0.4575, 0.4317, 0.5467, 0.1967, 0.5, 0.0, 0.4825, 0.2733, positive
0.5715, 0.5508, 0.5174, 0.1619, 0.5, 0.0, 0.4904, 0.3911, positive
0.4486, 0.4443, 0.5157, 0.1814, 0.5, 0.0, 0.4243, 0.2771, positive
0.3839, 0.4374, 0.5647, 0.1439, 0.5, 0.0, 0.5234, 0.5279, positive
0.3607, 0.4778, 0.4989, 0.1296, 0.5, 0.0, 0.4893, 0.5974, positive
0.4302, 0.3998, 0.5999, 0.1602, 0.5, 0.0, 0.5289, 0.3907, positive
0.5776, 0.5076, 0.56, 0.1603, 0.5, 0.0, 0.3403, 0.22, positive
0.3213, 0.3778, 0.5354, 0.2644, 0.5, 0.0, 0.5265, 0.2744, positive
0.47, 0.4558, 0.5142, 0.1853, 0.5, 0.0, 0.4911, 0.2742, positive
0.4099, 0.5896, 0.6497, 0.1405, 0.5, 0.0, 0.4899, 0.33, positive
0.5822, 0.3093, 0.5993, 0.12, 0.5, 0.0, 0.4715, 0.3256, positive
0.5577, 0.4934, 0.5555, 0.0777, 0.5, 0.0, 0.4555, 0.25, positive
0.4203, 0.3685, 0.5891, 0.2021, 0.5, 0.0, 0.5185, 0.2894, positive
0.5148, 0.3257, 0.5234, 0.16, 0.5, 0.0, 0.5395, 0.2148, positive
0.6063, 0.5663, 0.4574, 0.2063, 0.5, 0.0, 0.5, 0.4052, positive
0.6552, 0.5365, 0.5178, 0.0696, 0.6521, 0.0, 0.4978, 0.22, positive
0.3727, 0.4255, 0.4855, 0.1791, 0.5, 0.0, 0.4873, 0.3373, positive
0.3665, 0.5561, 0.6249, 0.1988, 0.5, 0.0, 0.4726, 0.289, positive
0.5358, 0.5217, 0.5217, 0.1451, 0.5, 0.0, 0.5017, 0.3983, positive
0.552, 0.4559, 0.58, 0.247, 0.5, 0.0, 0.492, 0.22, positive
0.3291, 0.3709, 0.5405, 0.28, 0.5, 0.0, 0.5268, 0.2718, positive
0.5112, 0.5712, 0.6131, 0.2275, 0.5, 0.0, 0.4256, 0.22, positive
0.4405, 0.65, 0.491, 0.1605, 0.5, 0.0, 0.4805, 0.3055, positive
0.4967, 0.4945, 0.4833, 0.3389, 0.5, 0.0, 0.5134, 0.2689, positive
0.4482, 0.3854, 0.549, 0.1391, 0.5, 0.0, 0.4465, 0.4482, positive
0.3628, 0.499, 0.4586, 0.1862, 0.5, 0.0, 0.5152, 0.3038, positive
0.5528, 0.49, 0.4555, 0.1661, 0.5, 0.0, 0.4983, 0.22, positive
0.4915, 0.5822, 0.5325, 0.2022, 0.5, 0.0, 0.52, 0.6332, positive
0.53, 0.54, 0.43, 0.1333, 0.5, 0.0, 0.5533, 0.3158, positive
0.3516, 0.4208, 0.5647, 0.2792, 0.5, 0.0, 0.4708, 0.22, positive
0.3903, 0.4397, 0.5399, 0.239, 0.5, 0.0, 0.5096, 0.4912, positive
0.5909, 0.557, 0.4821, 0.194, 0.5, 0.0, 0.503, 0.3951, positive
0.3493, 0.3361, 0.5661, 0.2325, 0.5, 0.0, 0.4646, 0.371, positive
0.4824, 0.3969, 0.6083, 0.2086, 0.5, 0.0, 0.5169, 0.3231, positive
0.5063, 0.5426, 0.5526, 0.1707, 0.5, 0.0, 0.5019, 0.3707, positive
0.4737, 0.5274, 0.5411, 0.2868, 0.5, 0.0, 0.5068, 0.4111, positive
0.4767, 0.5335, 0.5502, 0.2884, 0.5, 0.0, 0.5084, 0.4202, positive
0.4618, 0.5, 0.4973, 0.2809, 0.5, 0.0, 0.4964, 0.3611, positive
0.4347, 0.4418, 0.4971, 0.1535, 0.5, 0.0, 0.4689, 0.2665, positive
0.4415, 0.522, 0.4315, 0.1755, 0.5, 0.0, 0.539, 0.762, positive
0.4461, 0.6268, 0.5216, 0.1739, 0.5, 0.0, 0.49, 0.22, positive
0.47, 0.5558, 0.5351, 0.1875, 0.5, 0.0, 0.52, 0.6193, positive
0.552, 0.5413, 0.5573, 0.222, 0.5, 0.0, 0.5047, 0.3687, positive
0.416, 0.3154, 0.4987, 0.1527, 0.5, 0.0, 0.5246, 0.22, positive
0.5523, 0.5914, 0.5305, 0.1482, 0.5, 0.0, 0.4909, 0.22, positive
0.4213, 0.2811, 0.4905, 0.2205, 0.5, 0.0, 0.5497, 0.3382, positive
0.4238, 0.3643, 0.5938, 0.1867, 0.5, 0.0, 0.5143, 0.2843, positive
0.4894, 0.3703, 0.5905, 0.1692, 0.5, 0.0, 0.5097, 0.2205, positive
0.529, 0.319, 0.563, 0.16, 0.5, 0.0, 0.544, 0.22, positive
0.4641, 0.5365, 0.4472, 0.2922, 0.5, 0.0, 0.5041, 0.3659, positive
0.4338, 0.4871, 0.5362, 0.1652, 0.5, 0.0, 0.4348, 0.2676, positive
0.4003, 0.4312, 0.4903, 0.1691, 0.5, 0.0, 0.5106, 0.3603, positive
0.4447, 0.5047, 0.4347, 0.1874, 0.5, 0.0, 0.5368, 0.7879, positive
0.4729, 0.5732, 0.5281, 0.2897, 0.5, 0.0, 0.5151, 0.22, positive
0.4047, 0.5019, 0.4681, 0.1613, 0.5, 0.0, 0.5353, 0.3381, positive
0.33, 0.4641, 0.5383, 0.2693, 0.5, 0.0, 0.4793, 0.5998, positive
0.3973, 0.4663, 0.6536, 0.3782, 0.5, 0.0, 0.5381, 0.579, positive
0.3783, 0.4, 0.3928, 0.1934, 0.5, 0.0, 0.4639, 0.6172, positive
0.5241, 0.49, 0.5914, 0.2059, 0.5, 0.0, 0.4754, 0.22, positive
0.4881, 0.5888, 0.5437, 0.3388, 0.5, 0.0, 0.5263, 0.4544, positive
0.5501, 0.4501, 0.5801, 0.25, 0.5, 0.0, 0.4901, 0.22, positive
0.4456, 0.65, 0.5011, 0.1656, 0.5, 0.0, 0.4856, 0.26, positive
0.5754, 0.4423, 0.5746, 0.1323, 0.5, 0.0, 0.5331, 0.2292, positive
0.4094, 0.5867, 0.6478, 0.1439, 0.5, 0.0, 0.4894, 0.33, positive
0.462, 0.65, 0.4186, 0.204, 0.5, 0.0, 0.513, 0.31, positive
0.59, 0.4952, 0.4526, 0.2252, 0.5, 0.0, 0.4603, 0.31, positive
0.5509, 0.4518, 0.5814, 0.2505, 0.5, 0.0, 0.4914, 0.22, positive
0.6158, 0.5661, 0.52, 0.1518, 0.5, 0.0, 0.4915, 0.4761, positive
0.4998, 0.4866, 0.5167, 0.2, 0.5, 0.0, 0.5369, 0.22, positive
0.3694, 0.4979, 0.507, 0.1636, 0.5, 0.0, 0.5336, 0.75, positive
0.5666, 0.4333, 0.5499, 0.1501, 0.5, 0.0, 0.5131, 0.22, positive
0.3704, 0.3848, 0.5448, 0.2496, 0.5, 0.0, 0.516, 0.22, positive
0.3072, 0.3158, 0.5532, 0.1923, 0.5, 0.0, 0.4863, 0.22, positive
0.5174, 0.5559, 0.557, 0.18, 0.5, 0.0, 0.497, 0.3918, positive
0.4534, 0.4583, 0.4434, 0.2193, 0.5, 0.0, 0.531, 0.8575, positive
0.4812, 0.6175, 0.5225, 0.3062, 0.5, 0.0, 0.5125, 0.3811, positive
0.4579, 0.4081, 0.626, 0.1698, 0.5, 0.0, 0.5321, 0.3402, positive
0.544, 0.562, 0.554, 0.1854, 0.5, 0.0, 0.5013, 0.22, positive
0.3589, 0.4, 0.4252, 0.2322, 0.5, 0.0, 0.5093, 0.5848, positive
0.4964, 0.4757, 0.5206, 0.2185, 0.5, 0.0, 0.5279, 0.22, positive
0.6059, 0.3095, 0.5886, 0.1255, 0.5, 0.0, 0.4927, 0.2632, positive
0.4207, 0.2806, 0.51, 0.2301, 0.5, 0.0, 0.5301, 0.27, positive
0.4949, 0.2745, 0.5795, 0.27, 0.5, 0.0, 0.457, 0.2635, positive
0.2936, 0.3305, 0.5764, 0.33, 0.5, 0.0, 0.4585, 0.3218, positive
0.3996, 0.3839, 0.54, 0.2282, 0.5, 0.0, 0.5361, 0.2396, positive
0.5963, 0.5825, 0.57, 0.1856, 0.5, 0.0, 0.4387, 0.2331, positive
0.51, 0.48, 0.58, 0.22, 0.5, 0.0, 0.5, 0.28, positive
0.5996, 0.46, 0.447, 0.4247, 0.5, 0.0, 0.5, 0.3909, positive
0.3192, 0.68, 0.5186, 0.328, 0.5, 0.0, 0.4992, 0.3651, positive
0.4249, 0.4222, 0.5808, 0.2308, 0.5, 0.0, 0.4957, 0.2435, positive
0.3041, 0.4919, 0.5138, 0.1462, 0.5, 0.0, 0.466, 0.22, positive
0.5438, 0.4651, 0.6124, 0.1489, 0.5, 0.0, 0.5162, 0.2449, positive
0.5772, 0.3783, 0.5745, 0.16, 0.5, 0.0, 0.5086, 0.22, positive
0.4395, 0.429, 0.4625, 0.283, 0.5, 0.0, 0.452, 0.2895, positive
0.58, 0.4902, 0.5295, 0.12, 0.5, 0.0, 0.4702, 0.25, positive
0.3792, 0.48, 0.5092, 0.1312, 0.5, 0.0, 0.5, 0.3196, positive
0.4199, 0.4648, 0.53, 0.1749, 0.5, 0.0, 0.4854, 0.2352, positive
0.5367, 0.5704, 0.5601, 0.1832, 0.5, 0.0, 0.4433, 0.22, positive
0.2933, 0.359, 0.4923, 0.28, 0.5, 0.0, 0.519, 0.27, positive
0.4384, 0.4952, 0.5, 0.2752, 0.5, 0.0, 0.5048, 0.3748, positive
0.3184, 0.3839, 0.4526, 0.1861, 0.5, 0.0, 0.5361, 0.3713, positive
0.5264, 0.4987, 0.5062, 0.1949, 0.5, 0.0, 0.51, 0.22, positive
0.5115, 0.477, 0.577, 0.2246, 0.5, 0.0, 0.503, 0.2709, positive
0.4428, 0.4272, 0.4586, 0.2731, 0.5, 0.0, 0.4542, 0.2803, positive
0.4244, 0.432, 0.5408, 0.1628, 0.5, 0.0, 0.5136, 0.2392, positive
0.3746, 0.6745, 0.4655, 0.16, 0.5, 0.0, 0.5209, 0.2855, positive
0.4262, 0.419, 0.549, 0.3183, 0.5, 0.0, 0.4383, 0.22, positive
0.5058, 0.48, 0.5258, 0.2468, 0.5, 0.0, 0.5353, 0.22, positive
0.3434, 0.3601, 0.4599, 0.2999, 0.5, 0.0, 0.5067, 0.5833, positive
0.4769, 0.3983, 0.6179, 0.2003, 0.5, 0.0, 0.5183, 0.3217, positive
0.7, 0.5262, 0.4296, 0.2238, 0.5, 0.0, 0.5138, 0.2742, positive
0.58, 0.4808, 0.5575, 0.1008, 0.5, 0.0, 0.4608, 0.25, positive
0.3783, 0.2684, 0.5882, 0.1101, 0.5, 0.0, 0.4884, 0.44, positive
0.3572, 0.3984, 0.5528, 0.2656, 0.5, 0.0, 0.4844, 0.22, positive
0.59, 0.5229, 0.4665, 0.2529, 0.5, 0.0, 0.5158, 0.31, positive
0.4888, 0.4872, 0.5088, 0.2052, 0.5, 0.0, 0.53, 0.22, positive
0.33, 0.4654, 0.5408, 0.263, 0.5, 0.0, 0.473, 0.6147, positive
0.5521, 0.5003, 0.5979, 0.1717, 0.5, 0.0, 0.5121, 0.2303, positive
0.58, 0.4899, 0.5302, 0.12, 0.5, 0.0, 0.4699, 0.25, positive
0.4583, 0.6138, 0.5231, 0.2969, 0.5, 0.0, 0.4976, 0.3886, positive
0.512, 0.5612, 0.6169, 0.2376, 0.5, 0.0, 0.5184, 0.508, positive
0.516, 0.546, 0.554, 0.178, 0.5, 0.0, 0.502, 0.382, positive
0.5314, 0.4551, 0.5412, 0.1888, 0.5, 0.0, 0.3814, 0.22, positive
0.5625, 0.4313, 0.5438, 0.1562, 0.5, 0.0, 0.5051, 0.22, positive
0.3894, 0.5272, 0.4462, 0.23, 0.5, 0.0, 0.4811, 0.22, positive
0.4081, 0.4622, 0.4981, 0.1458, 0.5, 0.0, 0.5261, 0.3681, positive
0.4799, 0.4023, 0.5726, 0.1599, 0.5, 0.0, 0.2971, 0.2326, positive
0.47, 0.4645, 0.5382, 0.1882, 0.5, 0.0, 0.5026, 0.3226, positive
0.5084, 0.5684, 0.6174, 0.2333, 0.5, 0.0, 0.4242, 0.22, positive
0.5026, 0.5655, 0.5037, 0.2522, 0.5, 0.0, 0.52, 0.647, positive
0.4058, 0.3852, 0.54, 0.2245, 0.5, 0.0, 0.5348, 0.2458, positive
0.6684, 0.5063, 0.5126, 0.0948, 0.5, 0.0, 0.5179, 0.2311, positive
0.3493, 0.2678, 0.5054, 0.1685, 0.5, 0.0, 0.5446, 0.3537, positive
0.49, 0.48, 0.5125, 0.2075, 0.5, 0.0, 0.5351, 0.22, positive
0.3485, 0.3996, 0.5885, 0.2222, 0.5, 0.0, 0.4696, 0.3678, positive
0.5375, 0.5549, 0.5475, 0.1876, 0.5, 0.0, 0.4874, 0.22, positive
0.3931, 0.3458, 0.491, 0.1679, 0.5, 0.0, 0.4942, 0.22, positive
0.3956, 0.3149, 0.4854, 0.1646, 0.5, 0.0, 0.4909, 0.2346, positive
0.38, 0.4021, 0.3986, 0.1825, 0.5, 0.0, 0.4611, 0.6104, positive
0.4034, 0.3321, 0.4945, 0.1611, 0.5, 0.0, 0.5079, 0.22, positive
0.5374, 0.4547, 0.476, 0.3187, 0.5, 0.0, 0.484, 0.414, positive
0.5008, 0.6027, 0.4469, 0.1881, 0.5, 0.0, 0.5719, 0.2854, positive
0.5811, 0.6087, 0.5362, 0.1251, 0.5, 0.0, 0.5025, 0.22, positive
0.3925, 0.5268, 0.4439, 0.23, 0.5, 0.0, 0.4829, 0.22, positive
0.4737, 0.5085, 0.4742, 0.29, 0.5, 0.0, 0.4663, 0.2658, positive
0.57, 0.4965, 0.6002, 0.2469, 0.5, 0.0, 0.5167, 0.22, positive
0.4622, 0.5044, 0.5066, 0.2811, 0.5, 0.0, 0.5011, 0.3766, positive
0.5597, 0.4863, 0.5441, 0.0856, 0.5, 0.0, 0.4856, 0.2559, positive
0.58, 0.4817, 0.5548, 0.1017, 0.5, 0.0, 0.4617, 0.25, positive
0.4183, 0.4907, 0.5, 0.2707, 0.5, 0.0, 0.5093, 0.3793, positive
0.4835, 0.5124, 0.4759, 0.3524, 0.5, 0.0, 0.5159, 0.3072, positive
0.33, 0.4291, 0.5424, 0.1575, 0.5, 0.0, 0.5249, 0.778, positive
0.4143, 0.4873, 0.5, 0.1314, 0.5, 0.0, 0.5257, 0.4088, positive
0.4264, 0.5049, 0.5, 0.1238, 0.5, 0.0, 0.5174, 0.4626, positive
0.3714, 0.5228, 0.61, 0.2959, 0.5, 0.0, 0.5086, 0.3586, positive
0.3818, 0.3773, 0.5509, 0.1227, 0.5, 0.0, 0.48, 0.22, positive
0.3958, 0.2329, 0.5754, 0.2919, 0.5, 0.0, 0.4312, 0.22, positive
0.47, 0.5557, 0.5358, 0.1871, 0.5, 0.0, 0.52, 0.62, positive
0.49, 0.48, 0.5164, 0.2036, 0.5, 0.0, 0.5429, 0.22, positive
0.49, 0.4705, 0.5299, 0.1596, 0.5, 0.0, 0.4804, 0.2708, positive
0.6937, 0.4837, 0.5839, 0.2803, 0.5, 0.0, 0.5463, 0.2503, positive
0.3658, 0.4519, 0.5453, 0.402, 0.5, 0.0, 0.4771, 0.5076, positive
0.3731, 0.3081, 0.512, 0.151, 0.5, 0.0, 0.5739, 0.261, positive
0.51, 0.48, 0.58, 0.22, 0.5, 0.0, 0.5, 0.28, positive
0.57, 0.5068, 0.5848, 0.2264, 0.5, 0.0, 0.5116, 0.22, positive
0.3712, 0.2963, 0.5019, 0.1975, 0.5, 0.0, 0.5463, 0.2944, positive
0.4943, 0.4757, 0.51, 0.2971, 0.5, 0.0, 0.4814, 0.4086, positive
0.3131, 0.3817, 0.5552, 0.2893, 0.5, 0.0, 0.4641, 0.309, positive
0.3668, 0.4792, 0.6604, 0.3596, 0.5, 0.0, 0.5512, 0.624, positive
0.3252, 0.4743, 0.53, 0.2852, 0.5, 0.0, 0.5, 0.5262, positive
0.6449, 0.5954, 0.4736, 0.0492, 0.7948, 0.0, 0.4864, 0.22, positive
0.3839, 0.2718, 0.494, 0.1799, 0.5, 0.0, 0.51, 0.22, positive
0.4715, 0.4306, 0.4791, 0.1591, 0.5, 0.0, 0.4606, 0.2685, positive
0.426, 0.5387, 0.584, 0.1667, 0.5, 0.0, 0.4973, 0.356, positive
0.5482, 0.4827, 0.6037, 0.1709, 0.5, 0.0, 0.5118, 0.2273, positive
0.47, 0.5574, 0.5255, 0.1923, 0.5, 0.0, 0.52, 0.6081, positive
0.3667, 0.2734, 0.4633, 0.1533, 0.5, 0.0, 0.4966, 0.22, positive
0.47, 0.5593, 0.5142, 0.1979, 0.5, 0.0, 0.52, 0.5949, positive
0.5634, 0.5344, 0.4523, 0.2245, 0.5, 0.0, 0.53, 0.31, positive
0.5557, 0.4671, 0.5943, 0.1571, 0.5, 0.0, 0.51, 0.2429, positive
0.4316, 0.4428, 0.5012, 0.1556, 0.5, 0.0, 0.474, 0.2644, positive
0.6107, 0.4669, 0.4615, 0.2039, 0.5, 0.0, 0.4569, 0.3238, positive
0.3169, 0.295, 0.5106, 0.1855, 0.5, 0.0, 0.5137, 0.8338, positive
0.5606, 0.3506, 0.5735, 0.16, 0.5, 0.0, 0.5229, 0.22, positive
0.5502, 0.5097, 0.5351, 0.1598, 0.5, 0.0, 0.5049, 0.3697, positive
0.49, 0.48, 0.5176, 0.2024, 0.5, 0.0, 0.5452, 0.22, positive
0.4542, 0.5844, 0.5229, 0.2771, 0.5, 0.0, 0.5113, 0.22, positive
0.3642, 0.3, 0.5042, 0.1732, 0.5, 0.0, 0.5626, 0.2832, positive
0.5454, 0.4562, 0.5815, 0.2438, 0.5, 0.0, 0.4869, 0.22, positive
0.5963, 0.5608, 0.5796, 0.1192, 0.5, 0.0, 0.52, 0.3011, positive
0.58, 0.4753, 0.5507, 0.1047, 0.5, 0.0, 0.4834, 0.2547, positive
0.3999, 0.4667, 0.5564, 0.0968, 0.5, 0.0, 0.5066, 0.2935, positive
0.5687, 0.49, 0.4781, 0.1613, 0.5, 0.0, 0.5087, 0.22, positive
0.3732, 0.4671, 0.6313, 0.3926, 0.5, 0.0, 0.531, 0.5845, positive
0.5467, 0.5957, 0.5609, 0.18, 0.5, 0.0, 0.4762, 0.4543, positive
0.5427, 0.4998, 0.5475, 0.0653, 0.5, 0.0, 0.4653, 0.2525, positive
0.4232, 0.4224, 0.582, 0.232, 0.5, 0.0, 0.4952, 0.2428, positive
0.4064, 0.4881, 0.5, 0.2681, 0.5, 0.0, 0.5119, 0.3819, positive
0.4211, 0.4289, 0.4447, 0.1394, 0.5, 0.0, 0.5089, 0.4483, positive
0.2988, 0.4935, 0.4741, 0.3376, 0.5, 0.0, 0.4612, 0.2553, positive
0.3435, 0.3705, 0.5505, 0.11, 0.5, 0.0, 0.4019, 0.2135, positive
0.4063, 0.4414, 0.4851, 0.4693, 0.5, 0.0, 0.4942, 0.2665, positive
0.6037, 0.5017, 0.5034, 0.1132, 0.5, 0.0, 0.4902, 0.2449, positive
0.4651, 0.5476, 0.5693, 0.1697, 0.5, 0.0, 0.5203, 0.6631, positive
0.4162, 0.5175, 0.5525, 0.2625, 0.5, 0.0, 0.4825, 0.3262, positive
0.5618, 0.6082, 0.5225, 0.1912, 0.5, 0.0, 0.5212, 0.3206, positive
0.3646, 0.5391, 0.4672, 0.2354, 0.5, 0.0, 0.4772, 0.22, positive
0.4327, 0.4127, 0.51, 0.3393, 0.5, 0.0, 0.488, 0.2787, positive
0.3893, 0.2578, 0.5667, 0.4296, 0.5, 0.0, 0.5638, 0.6693, positive
0.5172, 0.5313, 0.5783, 0.227, 0.5, 0.0, 0.4372, 0.22, positive
0.5414, 0.5986, 0.5644, 0.1672, 0.5, 0.0, 0.447, 0.22, positive
0.58, 0.476, 0.5319, 0.112, 0.5, 0.0, 0.504, 0.258, positive
0.4153, 0.8022, 0.5435, 0.1935, 0.5, 0.0, 0.47, 0.3885, positive
0.4481, 0.8037, 0.5516, 0.1918, 0.5, 0.0, 0.4864, 0.3885, positive
0.5481, 0.5919, 0.5374, 0.1537, 0.5, 0.0, 0.4807, 0.22, positive
0.3667, 0.3, 0.5067, 0.1634, 0.5, 0.0, 0.57, 0.2734, positive
0.4057, 0.3343, 0.4952, 0.1909, 0.5, 0.0, 0.5005, 0.22, positive
0.5425, 0.5374, 0.5312, 0.1712, 0.5, 0.0, 0.5063, 0.3986, positive
0.3561, 0.4565, 0.5904, 0.2678, 0.5, 0.0, 0.4882, 0.1835, positive
0.3763, 0.431, 0.4755, 0.1218, 0.5, 0.0, 0.4737, 0.5428, positive
0.4524, 0.4, 0.6168, 0.1768, 0.5, 0.0, 0.5244, 0.3507, positive
0.4012, 0.3025, 0.4812, 0.15, 0.5, 0.0, 0.5149, 0.22, positive
0.5061, 0.48, 0.5307, 0.243, 0.5, 0.0, 0.5446, 0.22, positive
0.4679, 0.65, 0.3992, 0.2159, 0.5, 0.0, 0.5219, 0.31, positive
0.4773, 0.4426, 0.5101, 0.1877, 0.5, 0.0, 0.4373, 0.4801, positive
0.5248, 0.5001, 0.5299, 0.1399, 0.5, 0.0, 0.505, 0.3399, positive
0.583, 0.309, 0.599, 0.12, 0.5, 0.0, 0.472, 0.324, positive
0.4809, 0.4917, 0.5291, 0.1574, 0.5, 0.0, 0.51, 0.33, positive
0.5619, 0.4244, 0.5437, 0.16, 0.5, 0.0, 0.5009, 0.22, positive
0.4138, 0.4362, 0.5725, 0.425, 0.5, 0.0, 0.4738, 0.495, positive
0.6342, 0.5165, 0.4942, 0.2553, 0.5, 0.0, 0.503, 0.31, positive
0.4526, 0.4894, 0.6198, 0.167, 0.5, 0.0, 0.2913, 0.2594, positive
0.2714, 0.4037, 0.4888, 0.16, 0.5, 0.0, 0.51, 0.3549, positive
0.4733, 0.3566, 0.5766, 0.1667, 0.5, 0.0, 0.5033, 0.22, positive
0.3272, 0.3728, 0.5414, 0.28, 0.5, 0.0, 0.5203, 0.2756, positive
0.5282, 0.4841, 0.5441, 0.2759, 0.5, 0.0, 0.5379, 0.2303, positive
0.5024, 0.5348, 0.5448, 0.161, 0.5, 0.0, 0.5038, 0.361, positive
0.368, 0.2587, 0.496, 0.108, 0.5, 0.0, 0.5167, 0.4093, positive
0.3842, 0.5694, 0.4558, 0.2037, 0.5, 0.0, 0.5242, 0.239, positive
0.58, 0.4654, 0.5446, 0.113, 0.5, 0.0, 0.5146, 0.2539, positive
0.4206, 0.5369, 0.5894, 0.1756, 0.5, 0.0, 0.4938, 0.3506, positive
0.4146, 0.2944, 0.5805, 0.2905, 0.5, 0.0, 0.47, 0.2572, positive
0.4793, 0.616, 0.5193, 0.2993, 0.5, 0.0, 0.5097, 0.37, positive
0.5443, 0.5957, 0.5528, 0.1614, 0.5, 0.0, 0.4615, 0.22, positive
0.6281, 0.5224, 0.4929, 0.26, 0.5, 0.0, 0.5148, 0.31, positive
0.3401, 0.3801, 0.5675, 0.1125, 0.5, 0.0, 0.4825, 0.22, positive
0.4437, 0.4571, 0.6366, 0.1832, 0.5, 0.0, 0.3561, 0.3061, positive
0.3471, 0.58, 0.4929, 0.2511, 0.5, 0.0, 0.5118, 0.22, positive
0.5575, 0.5824, 0.5387, 0.1787, 0.5, 0.0, 0.4838, 0.4511, positive
0.3779, 0.3319, 0.4779, 0.176, 0.5, 0.0, 0.4659, 0.2381, positive
0.36, 0.4082, 0.5622, 0.26, 0.5, 0.0, 0.492, 0.2078, positive
0.3715, 0.3025, 0.5405, 0.151, 0.5, 0.0, 0.5225, 0.44, positive
0.3617, 0.4728, 0.4844, 0.1394, 0.5, 0.0, 0.4783, 0.3072, positive
0.3744, 0.608, 0.46, 0.196, 0.5, 0.0, 0.5228, 0.2368, positive
0.5063, 0.719, 0.5569, 0.1653, 0.5, 0.0, 0.5394, 0.3514, positive
0.4617, 0.468, 0.4654, 0.2854, 0.5, 0.0, 0.4554, 0.2791, positive
0.2901, 0.4924, 0.4876, 0.3273, 0.5, 0.0, 0.4976, 0.275, positive
0.3793, 0.5127, 0.4504, 0.1835, 0.5, 0.0, 0.5262, 0.3065, positive
0.42, 0.28, 0.5064, 0.2282, 0.5, 0.0, 0.5336, 0.2827, positive
0.3818, 0.5873, 0.449, 0.21, 0.5, 0.0, 0.52, 0.2237, positive
0.4608, 0.5133, 0.4633, 0.22, 0.5, 0.0, 0.5317, 0.7333, positive
0.56, 0.442, 0.57, 0.148, 0.5, 0.0, 0.506, 0.244, positive
0.5477, 0.3477, 0.6108, 0.12, 0.5, 0.0, 0.4377, 0.3031, positive
0.4574, 0.5011, 0.5032, 0.2789, 0.5, 0.0, 0.4989, 0.3674, positive
0.5423, 0.4585, 0.4646, 0.3085, 0.5, 0.0, 0.5631, 0.4677, positive
0.3766, 0.6717, 0.4103, 0.1807, 0.5, 0.0, 0.5259, 0.2717, positive
0.5253, 0.4502, 0.5448, 0.1852, 0.5, 0.0, 0.3753, 0.22, positive
0.4778, 0.5328, 0.51, 0.235, 0.5, 0.0, 0.52, 0.6366, positive
0.4007, 0.4493, 0.4498, 0.1496, 0.5, 0.0, 0.5293, 0.4789, positive
0.58, 0.379, 0.5787, 0.1562, 0.5, 0.0, 0.5138, 0.22, positive
0.5693, 0.5459, 0.5214, 0.1593, 0.5, 0.0, 0.4907, 0.3873, positive
0.3983, 0.2887, 0.51, 0.1952, 0.5, 0.0, 0.5517, 0.2657, positive
0.3909, 0.3852, 0.5582, 0.13, 0.5, 0.0, 0.4891, 0.22, positive
0.4029, 0.5271, 0.5954, 0.2246, 0.5, 0.0, 0.48, 0.3271, positive
0.3139, 0.4846, 0.4992, 0.1608, 0.5, 0.0, 0.4685, 0.22, positive
0.4312, 0.5115, 0.5346, 0.2685, 0.5, 0.0, 0.4885, 0.3412, positive
