@relation yeast1
@attribute Mcg real [0.11, 1.0]
@attribute Gvh real [0.13, 1.0]
@attribute Alm real [0.21, 1.0]
@attribute Mit real [0.0, 1.0]
@attribute Erl real [0.5, 1.0]
@attribute Pox real [0.0, 0.83]
@attribute Vac real [0.0, 0.73]
@attribute Nuc real [0.0, 1.0]
@attribute Class {positive,negative}
@inputs Mcg, Gvh, Alm, Mit, Erl, Pox, Vac, Nuc
@outputs Class
@data
0.58, 0.61, 0.47, 0.13, 0.5, 0.0, 0.48, 0.22, negative
0.64, 0.62, 0.49, 0.15, 0.5, 0.0, 0.53, 0.22, negative
0.42, 0.44, 0.48, 0.54, 0.5, 0.0, 0.48, 0.22, negative
0.6, 0.4, 0.52, 0.46, 0.5, 0.0, 0.53, 0.22, negative
0.66, 0.55, 0.45, 0.19, 0.5, 0.0, 0.46, 0.22, negative
0.73, 0.63, 0.42, 0.3, 0.5, 0.0, 0.49, 0.22, negative
0.43, 0.53, 0.52, 0.13, 0.5, 0.0, 0.55, 0.22, negative
0.46, 0.53, 0.52, 0.15, 0.5, 0.0, 0.58, 0.22, negative
0.51, 0.51, 0.52, 0.51, 0.5, 0.0, 0.54, 0.22, negative
0.57, 0.47, 0.6, 0.18, 0.5, 0.0, 0.51, 0.22, negative
0.8, 0.88, 0.36, 0.39, 0.5, 0.0, 0.56, 0.33, negative
0.74, 0.67, 0.47, 0.34, 0.5, 0.0, 0.42, 0.22, negative
0.72, 0.61, 0.45, 0.3, 0.5, 0.0, 0.54, 0.25, negative
0.59, 0.53, 0.43, 0.44, 0.5, 0.0, 0.5, 0.22, negative
0.57, 0.53, 0.53, 0.34, 0.5, 0.0, 0.53, 0.22, negative
0.86, 0.68, 0.39, 0.24, 0.5, 0.0, 0.54, 0.22, negative
0.86, 0.74, 0.51, 0.4, 0.5, 0.0, 0.55, 0.22, negative
0.79, 0.57, 0.41, 0.28, 0.5, 0.0, 0.59, 0.22, negative
0.49, 0.39, 0.52, 0.29, 0.5, 0.0, 0.48, 0.22, negative
0.42, 0.24, 0.34, 0.16, 0.5, 0.0, 0.5, 0.22, negative
0.48, 0.39, 0.51, 0.21, 0.5, 0.0, 0.52, 0.28, negative
0.64, 0.56, 0.56, 0.22, 0.5, 0.0, 0.45, 0.22, negative
0.66, 0.62, 0.49, 0.1, 0.5, 0.0, 0.49, 0.22, negative
0.45, 0.58, 0.48, 0.67, 0.5, 0.0, 0.52, 0.22, negative
0.34, 0.46, 0.57, 0.09, 0.5, 0.0, 0.55, 0.22, negative
0.81, 0.85, 0.47, 0.37, 0.5, 0.0, 0.56, 0.22, negative
0.48, 0.42, 0.52, 0.24, 0.5, 0.0, 0.56, 0.22, negative
0.6, 0.5, 0.44, 0.61, 0.5, 0.0, 0.47, 0.22, negative
0.45, 0.55, 0.54, 0.66, 0.5, 0.0, 0.47, 0.22, negative
0.63, 0.53, 0.54, 0.4, 0.5, 0.0, 0.5, 0.22, negative
0.63, 0.57, 0.59, 0.4, 0.5, 0.0, 0.38, 0.22, negative
0.43, 0.57, 0.51, 0.49, 0.5, 0.0, 0.48, 0.22, negative
0.5, 0.58, 0.46, 0.46, 0.5, 0.0, 0.46, 0.22, negative
0.54, 0.52, 0.63, 0.37, 0.5, 0.0, 0.46, 0.22, negative
0.67, 0.62, 0.4, 0.43, 0.5, 0.83, 0.5, 0.22, negative
0.28, 0.58, 0.21, 0.13, 0.5, 0.0, 0.51, 0.22, negative
0.39, 0.44, 0.35, 0.16, 0.5, 0.0, 0.55, 0.22, negative
0.8, 0.63, 0.45, 0.29, 0.5, 0.0, 0.51, 0.22, negative
0.38, 0.5, 0.37, 0.26, 0.5, 0.0, 0.43, 0.22, negative
0.69, 0.7, 0.52, 0.36, 0.5, 0.0, 0.46, 0.22, negative
0.78, 0.75, 0.4, 0.28, 0.5, 0.0, 0.53, 0.22, negative
0.36, 0.58, 0.35, 0.24, 0.5, 0.0, 0.44, 0.22, negative
0.36, 0.43, 0.39, 0.12, 0.5, 0.0, 0.49, 0.22, negative
0.47, 0.39, 0.55, 0.24, 0.5, 0.0, 0.47, 0.22, negative
0.44, 0.59, 0.36, 0.16, 0.5, 0.0, 0.52, 0.22, negative
0.65, 0.65, 0.52, 0.16, 0.5, 0.0, 0.6, 0.22, negative
0.27, 0.6, 0.48, 0.23, 0.5, 0.0, 0.55, 0.22, negative
0.45, 0.45, 0.5, 0.6, 0.5, 0.0, 0.49, 0.22, negative
0.59, 0.67, 0.56, 0.41, 0.5, 0.0, 0.47, 0.22, negative
0.47, 0.41, 0.66, 0.26, 0.5, 0.0, 0.53, 0.22, negative
0.64, 0.62, 0.29, 0.28, 0.5, 0.0, 0.51, 0.22, negative
0.55, 0.53, 0.55, 0.46, 0.5, 0.0, 0.52, 0.22, negative
0.59, 0.6, 0.49, 0.43, 0.5, 0.0, 0.53, 0.31, negative
0.54, 0.55, 0.34, 0.31, 0.5, 0.0, 0.54, 0.22, negative
0.46, 0.71, 0.48, 0.53, 0.5, 0.0, 0.53, 0.22, negative
0.5, 0.64, 0.57, 0.15, 0.5, 0.0, 0.47, 0.22, negative
0.39, 0.55, 0.48, 0.31, 0.5, 0.0, 0.54, 0.29, negative
0.71, 0.59, 0.48, 0.43, 0.5, 0.0, 0.59, 0.22, negative
0.35, 0.45, 0.43, 0.11, 0.5, 0.0, 0.56, 0.22, negative
0.26, 0.5, 0.33, 0.28, 0.5, 0.0, 0.51, 0.22, negative
0.38, 0.68, 0.44, 0.45, 0.5, 0.0, 0.53, 0.22, negative
0.44, 0.38, 0.48, 0.32, 0.5, 0.83, 0.53, 0.22, negative
0.39, 0.4, 0.53, 0.67, 0.5, 0.0, 0.47, 0.22, negative
0.43, 0.57, 0.53, 0.53, 0.5, 0.0, 0.53, 0.25, negative
0.48, 0.64, 0.61, 0.23, 0.5, 0.0, 0.6, 0.22, negative
0.31, 0.55, 0.52, 0.17, 0.5, 0.0, 0.52, 0.22, negative
0.37, 0.42, 0.51, 0.11, 0.5, 0.0, 0.57, 0.22, negative
0.75, 0.7, 0.38, 0.27, 0.5, 0.0, 0.49, 0.22, negative
0.61, 0.72, 0.31, 0.33, 0.5, 0.0, 0.56, 0.22, negative
0.63, 0.56, 0.45, 0.58, 0.5, 0.0, 0.51, 0.22, negative
0.52, 0.56, 0.54, 0.53, 0.5, 0.0, 0.45, 0.22, negative
0.58, 0.58, 0.58, 0.49, 0.5, 0.0, 0.49, 0.26, negative
0.72, 0.61, 0.37, 0.3, 0.5, 0.0, 0.57, 0.22, negative
0.46, 0.43, 0.38, 0.33, 0.5, 0.0, 0.48, 0.28, negative
0.42, 0.58, 0.41, 0.65, 0.5, 0.0, 0.46, 0.26, negative
0.59, 0.61, 0.34, 0.22, 0.5, 0.0, 0.51, 0.22, negative
0.49, 0.6, 0.43, 0.56, 0.5, 0.0, 0.36, 0.22, negative
0.5, 0.41, 0.44, 0.5, 0.5, 0.0, 0.42, 0.22, negative
0.5, 0.4, 0.56, 0.7, 0.5, 0.0, 0.5, 0.22, negative
0.37, 0.58, 0.44, 0.51, 0.5, 0.0, 0.44, 0.22, negative
0.55, 0.45, 0.45, 0.54, 0.5, 0.0, 0.5, 0.22, negative
0.67, 0.68, 0.46, 0.29, 0.5, 0.0, 0.46, 0.22, negative
0.53, 0.51, 0.46, 0.28, 0.5, 0.0, 0.48, 0.22, negative
0.77, 0.79, 0.58, 0.23, 0.5, 0.0, 0.48, 0.22, negative
0.73, 0.83, 0.43, 0.3, 0.5, 0.0, 0.55, 0.22, negative
0.56, 0.41, 0.58, 0.21, 0.5, 0.0, 0.42, 0.22, negative
0.69, 0.61, 0.38, 0.27, 0.5, 0.0, 0.52, 0.22, negative
0.37, 0.53, 0.6, 0.19, 0.5, 0.5, 0.42, 0.22, negative
0.36, 0.37, 0.33, 0.14, 0.5, 0.0, 0.57, 0.31, negative
0.82, 0.78, 0.49, 0.23, 0.5, 0.0, 0.46, 0.22, negative
0.38, 0.51, 0.75, 0.17, 0.5, 0.0, 0.55, 0.22, negative
0.38, 0.51, 0.75, 0.17, 0.5, 0.0, 0.55, 0.22, negative
0.53, 0.44, 0.51, 0.33, 0.5, 0.0, 0.52, 0.22, negative
0.46, 0.54, 0.71, 0.15, 0.5, 0.0, 0.59, 0.22, negative
0.4, 0.56, 0.48, 0.14, 0.5, 0.0, 0.47, 0.22, negative
0.42, 0.57, 0.72, 0.22, 0.5, 0.0, 0.57, 0.22, negative
0.34, 0.42, 0.3, 0.23, 0.5, 0.0, 0.53, 0.22, negative
0.44, 0.53, 0.52, 0.23, 0.5, 0.83, 0.51, 0.22, negative
0.36, 0.68, 0.38, 0.08, 0.5, 0.0, 0.53, 0.25, negative
0.83, 0.58, 0.33, 0.04, 0.5, 0.0, 0.53, 0.22, negative
0.36, 0.49, 0.3, 0.22, 0.5, 0.0, 0.52, 0.31, negative
0.78, 0.7, 0.32, 0.23, 0.5, 0.0, 0.53, 0.22, negative
0.45, 0.56, 0.54, 0.32, 0.5, 0.0, 0.57, 0.22, negative
0.29, 0.43, 0.4, 0.15, 0.5, 0.0, 0.53, 0.22, negative
0.52, 0.75, 0.37, 0.14, 0.5, 0.0, 0.46, 0.22, negative
0.71, 0.56, 0.39, 0.27, 0.5, 0.0, 0.52, 0.22, negative
0.58, 0.6, 0.43, 0.12, 0.5, 0.0, 0.55, 0.22, negative
0.57, 0.59, 0.44, 0.16, 0.5, 0.0, 0.52, 0.22, negative
0.59, 0.58, 0.46, 0.19, 0.5, 0.0, 0.56, 0.27, negative
0.92, 0.61, 0.4, 0.22, 0.5, 0.0, 0.54, 0.22, negative
0.58, 0.53, 0.38, 0.18, 0.5, 0.0, 0.52, 0.22, negative
0.62, 0.58, 0.46, 0.13, 0.5, 0.0, 0.53, 0.22, negative
0.53, 0.68, 0.42, 0.19, 0.5, 0.0, 0.53, 0.22, negative
0.77, 0.87, 0.47, 0.37, 0.5, 0.0, 0.48, 0.22, negative
0.35, 0.46, 0.49, 0.15, 1.0, 0.0, 0.55, 0.35, negative
0.43, 0.51, 0.48, 0.14, 0.5, 0.0, 0.5, 0.22, negative
0.46, 0.35, 0.33, 0.17, 0.5, 0.0, 0.55, 0.22, negative
0.39, 0.44, 0.28, 0.12, 0.5, 0.0, 0.46, 0.27, negative
0.81, 0.82, 0.41, 0.36, 0.5, 0.0, 0.39, 0.22, negative
0.69, 0.6, 0.51, 0.13, 0.5, 0.83, 0.52, 0.22, negative
0.74, 0.72, 0.47, 0.25, 0.5, 0.0, 0.57, 0.22, negative
0.37, 0.34, 0.32, 0.22, 0.5, 0.0, 0.56, 0.22, negative
0.69, 0.6, 0.5, 0.31, 0.5, 0.0, 0.55, 0.22, negative
0.35, 0.56, 0.36, 0.3, 0.5, 0.0, 0.53, 0.25, negative
0.48, 0.35, 0.42, 0.21, 0.5, 0.0, 0.57, 0.22, negative
0.49, 0.46, 0.34, 0.21, 0.5, 0.0, 0.55, 0.22, negative
0.7, 0.69, 0.43, 0.33, 0.5, 0.0, 0.58, 0.22, negative
0.45, 0.42, 0.52, 0.2, 0.5, 0.0, 0.5, 0.25, negative
0.91, 0.69, 0.57, 0.45, 0.5, 0.0, 0.56, 0.22, negative
0.59, 0.43, 0.52, 0.19, 0.5, 0.0, 0.55, 0.27, negative
0.64, 0.53, 0.45, 0.13, 0.5, 0.0, 0.53, 0.22, negative
0.49, 0.31, 0.34, 0.13, 0.5, 0.0, 0.52, 0.22, negative
0.48, 0.39, 0.49, 0.18, 0.5, 0.0, 0.51, 0.22, negative
0.69, 0.48, 0.38, 0.15, 0.5, 0.0, 0.55, 0.22, negative
0.38, 0.49, 0.61, 0.13, 0.5, 0.0, 0.54, 0.22, negative
0.57, 0.59, 0.5, 0.58, 0.5, 0.0, 0.53, 0.22, negative
0.48, 0.46, 0.38, 0.29, 0.5, 0.0, 0.53, 0.22, negative
0.56, 0.44, 0.56, 0.19, 0.5, 0.0, 0.54, 0.22, negative
0.53, 0.68, 0.34, 0.42, 0.5, 0.0, 0.54, 0.27, negative
0.33, 0.28, 0.31, 0.24, 0.5, 0.0, 0.53, 0.22, negative
0.85, 0.85, 0.3, 0.31, 0.5, 0.0, 0.55, 0.42, negative
0.55, 0.53, 0.56, 0.29, 0.5, 0.0, 0.48, 0.22, negative
0.66, 0.62, 0.52, 0.17, 0.5, 0.0, 0.49, 0.22, negative
0.45, 0.56, 0.51, 0.64, 0.5, 0.0, 0.54, 0.22, negative
0.38, 0.46, 0.52, 0.75, 0.5, 0.0, 0.5, 0.26, negative
0.41, 0.43, 0.5, 0.28, 0.5, 0.0, 0.5, 0.22, negative
0.3, 0.5, 0.34, 0.26, 0.5, 0.0, 0.51, 0.22, negative
0.49, 0.4, 0.34, 0.26, 0.5, 0.0, 0.5, 0.22, negative
0.34, 0.4, 0.3, 0.23, 0.5, 0.0, 0.51, 0.22, negative
0.43, 0.44, 0.3, 0.18, 0.5, 0.0, 0.51, 0.22, negative
0.43, 0.45, 0.37, 0.12, 0.5, 0.0, 0.48, 0.22, negative
0.45, 0.57, 0.3, 0.17, 0.5, 0.0, 0.51, 0.22, negative
0.45, 0.57, 0.3, 0.17, 0.5, 0.0, 0.51, 0.22, negative
0.42, 0.44, 0.33, 0.17, 0.5, 0.0, 0.54, 0.27, negative
0.53, 0.56, 0.49, 0.46, 0.5, 0.0, 0.52, 0.22, negative
0.51, 0.52, 0.48, 0.5, 0.5, 0.0, 0.51, 0.22, negative
0.55, 0.49, 0.5, 0.46, 0.5, 0.0, 0.52, 0.25, negative
0.5, 0.53, 0.45, 0.44, 0.5, 0.0, 0.49, 0.22, negative
0.57, 0.61, 0.55, 0.67, 0.5, 0.0, 0.48, 0.22, negative
0.47, 0.63, 0.66, 0.45, 0.5, 0.0, 0.37, 0.11, negative
0.43, 0.51, 0.6, 0.25, 0.5, 0.0, 0.55, 0.22, negative
0.4, 0.45, 0.42, 0.17, 0.5, 0.0, 0.54, 0.26, negative
0.59, 0.57, 0.46, 0.14, 0.5, 0.0, 0.52, 0.22, negative
0.49, 0.41, 0.32, 0.21, 0.5, 0.0, 0.5, 0.32, negative
0.4, 0.51, 0.42, 0.13, 0.5, 0.0, 0.45, 0.25, negative
0.7, 0.73, 0.37, 0.37, 0.5, 0.0, 0.48, 0.31, negative
0.81, 0.76, 0.32, 0.37, 0.5, 0.0, 0.51, 0.22, negative
0.47, 0.43, 0.35, 0.32, 0.5, 0.0, 0.54, 0.22, negative
0.85, 0.56, 0.33, 0.38, 1.0, 0.0, 0.55, 0.25, negative
0.67, 0.63, 0.34, 0.41, 0.5, 0.0, 0.6, 0.33, negative
0.7, 0.73, 0.38, 0.36, 0.5, 0.0, 0.54, 0.22, negative
0.54, 0.51, 0.54, 0.52, 0.5, 0.0, 0.47, 0.25, negative
0.84, 0.63, 0.38, 0.23, 0.5, 0.0, 0.53, 0.22, negative
0.89, 0.77, 0.36, 0.34, 0.5, 0.0, 0.44, 0.22, negative
0.43, 0.52, 0.53, 0.52, 1.0, 0.0, 0.49, 0.22, negative
0.84, 0.87, 0.45, 0.54, 0.5, 0.0, 0.28, 0.22, negative
0.89, 0.82, 0.6, 0.49, 0.5, 0.0, 0.55, 0.22, negative
0.37, 0.55, 0.29, 0.32, 0.5, 0.0, 0.51, 0.22, negative
0.87, 0.83, 0.57, 0.36, 0.5, 0.0, 0.36, 0.22, negative
0.77, 0.6, 0.42, 0.33, 0.5, 0.0, 0.57, 0.22, negative
0.76, 0.74, 0.56, 0.34, 0.5, 0.0, 0.51, 0.3, negative
0.94, 0.6, 0.33, 0.49, 0.5, 0.0, 0.54, 0.22, negative
0.36, 0.44, 0.57, 0.18, 0.5, 0.0, 0.42, 0.22, negative
0.42, 0.51, 0.39, 0.22, 0.5, 0.0, 0.49, 0.26, negative
0.48, 0.57, 0.52, 0.61, 0.5, 0.0, 0.51, 0.22, negative
0.51, 0.43, 0.47, 0.19, 0.5, 0.0, 0.52, 0.37, negative
0.54, 0.54, 0.49, 0.14, 0.5, 0.0, 0.56, 0.22, negative
0.68, 0.5, 0.55, 0.65, 0.5, 0.0, 0.46, 0.31, negative
0.78, 0.48, 0.47, 0.3, 0.5, 0.0, 0.53, 0.47, negative
0.39, 0.37, 0.33, 0.23, 0.5, 0.0, 0.53, 0.26, negative
0.39, 0.37, 0.33, 0.23, 0.5, 0.0, 0.52, 0.26, negative
0.5, 0.62, 0.54, 0.66, 0.5, 0.0, 0.49, 0.22, negative
0.41, 0.41, 0.51, 0.19, 0.5, 0.0, 0.57, 0.22, negative
0.58, 0.49, 0.5, 0.41, 0.5, 0.0, 0.57, 0.22, negative
0.62, 0.6, 0.47, 0.16, 0.5, 0.0, 0.53, 0.22, negative
0.68, 0.58, 0.51, 0.19, 0.5, 0.83, 0.54, 0.22, negative
0.53, 0.48, 0.45, 0.44, 0.5, 0.0, 0.49, 0.27, negative
0.49, 0.48, 0.46, 0.63, 0.5, 0.0, 0.52, 0.22, negative
0.68, 0.68, 0.49, 0.15, 0.5, 0.0, 0.53, 0.22, negative
0.8, 0.81, 0.55, 0.35, 0.5, 0.0, 0.42, 0.22, negative
0.79, 0.74, 0.49, 0.33, 0.5, 0.0, 0.48, 0.22, negative
0.66, 0.52, 0.52, 0.44, 0.5, 0.0, 0.56, 0.27, negative
0.45, 0.73, 0.47, 0.65, 0.5, 0.0, 0.54, 0.43, negative
0.46, 0.55, 0.61, 0.13, 0.5, 0.0, 0.47, 0.22, negative
0.42, 0.5, 0.53, 0.22, 0.5, 0.83, 0.5, 0.22, negative
0.66, 0.66, 0.32, 0.54, 0.5, 0.0, 0.51, 0.22, negative
0.74, 0.56, 0.35, 0.36, 0.5, 0.0, 0.51, 0.25, negative
0.89, 0.52, 0.41, 0.26, 0.5, 0.0, 0.52, 0.31, negative
0.6, 0.62, 0.54, 0.4, 0.5, 0.0, 0.5, 0.22, negative
0.41, 0.54, 0.58, 0.2, 0.5, 0.0, 0.52, 0.22, negative
0.52, 0.5, 0.59, 0.31, 0.5, 0.0, 0.5, 0.22, negative
0.42, 0.53, 0.53, 0.64, 0.5, 0.0, 0.47, 0.22, negative
0.5, 0.46, 0.64, 0.36, 0.5, 0.0, 0.49, 0.22, negative
0.6, 0.51, 0.6, 0.38, 0.5, 0.83, 0.52, 0.24, negative
0.6, 0.57, 0.64, 0.52, 0.5, 0.0, 0.47, 0.28, negative
0.44, 0.44, 0.67, 0.35, 0.5, 0.0, 0.48, 0.26, negative
0.56, 0.5, 0.61, 0.49, 0.5, 0.0, 0.46, 0.28, negative
0.6, 0.46, 0.59, 0.16, 0.5, 0.0, 0.49, 0.22, negative
0.53, 0.52, 0.61, 0.35, 0.5, 0.0, 0.5, 0.22, negative
0.62, 0.59, 0.54, 0.47, 0.5, 0.0, 0.46, 0.22, negative
0.55, 0.5, 0.6, 0.31, 0.5, 0.0, 0.46, 0.27, negative
0.58, 0.53, 0.57, 0.46, 0.5, 0.0, 0.51, 0.27, negative
0.65, 0.53, 0.55, 0.52, 0.5, 0.0, 0.47, 0.27, negative
0.58, 0.53, 0.5, 0.53, 0.5, 0.0, 0.47, 0.31, negative
0.76, 0.76, 0.35, 0.27, 0.5, 0.0, 0.44, 0.22, negative
0.49, 0.44, 0.45, 0.55, 0.5, 0.0, 0.48, 0.22, negative
0.5, 0.56, 0.49, 0.61, 0.5, 0.0, 0.5, 0.22, negative
0.51, 0.48, 0.51, 0.43, 0.5, 0.0, 0.49, 0.22, negative
0.63, 0.6, 0.5, 0.27, 0.5, 0.0, 0.55, 0.22, negative
0.53, 0.41, 0.5, 0.24, 1.0, 0.0, 0.47, 0.22, negative
0.43, 0.4, 0.5, 0.18, 0.5, 0.0, 0.5, 0.28, negative
0.81, 0.79, 0.32, 0.37, 0.5, 0.0, 0.41, 0.22, negative
0.6, 0.51, 0.52, 0.45, 0.5, 0.0, 0.5, 0.27, negative
0.37, 0.41, 0.45, 0.14, 0.5, 0.0, 0.47, 0.22, negative
0.59, 0.58, 0.39, 0.52, 0.5, 0.0, 0.5, 0.31, negative
0.53, 0.61, 0.51, 0.49, 0.5, 0.0, 0.54, 0.27, negative
0.75, 0.67, 0.51, 0.29, 0.5, 0.0, 0.52, 0.36, negative
0.83, 0.57, 0.42, 0.57, 0.5, 0.0, 0.5, 0.32, negative
0.78, 0.65, 0.4, 0.16, 0.5, 0.0, 0.63, 0.22, negative
0.52, 0.64, 0.34, 0.16, 0.5, 0.0, 0.57, 0.22, negative
0.75, 0.66, 0.64, 0.39, 0.5, 0.0, 0.46, 0.32, negative
0.41, 0.49, 0.58, 0.22, 0.5, 0.0, 0.52, 0.22, negative
0.48, 0.49, 0.45, 0.23, 0.5, 0.0, 0.51, 0.22, negative
0.76, 0.67, 0.37, 0.22, 0.5, 0.0, 0.54, 0.22, negative
0.56, 0.48, 0.5, 0.3, 0.5, 0.0, 0.51, 0.22, negative
0.47, 0.43, 0.59, 0.27, 0.5, 0.0, 0.55, 0.22, negative
0.68, 0.59, 0.44, 0.49, 0.5, 0.0, 0.4, 0.26, negative
0.39, 0.58, 0.5, 0.1, 0.5, 0.0, 0.51, 0.25, negative
0.74, 0.89, 0.32, 0.24, 0.5, 0.0, 0.54, 0.32, negative
0.28, 0.46, 0.26, 0.18, 0.5, 0.0, 0.39, 0.22, negative
0.8, 0.82, 0.57, 0.26, 0.5, 0.0, 0.57, 0.27, negative
0.75, 0.6, 0.43, 0.35, 0.5, 0.0, 0.45, 0.27, negative
0.56, 0.68, 0.52, 0.39, 0.5, 0.0, 0.36, 0.22, negative
0.48, 0.52, 0.49, 0.35, 0.5, 0.5, 0.51, 0.22, negative
0.59, 0.58, 0.47, 0.61, 0.5, 0.0, 0.44, 0.3, negative
0.5, 0.57, 0.62, 0.25, 0.5, 0.0, 0.51, 0.22, negative
0.57, 0.49, 0.5, 0.2, 0.5, 0.0, 0.51, 0.28, negative
0.47, 0.49, 0.6, 0.15, 0.5, 0.0, 0.38, 0.22, negative
0.48, 0.42, 0.48, 0.19, 0.5, 0.0, 0.58, 0.22, negative
0.43, 0.45, 0.53, 0.19, 0.5, 0.0, 0.56, 0.22, negative
0.74, 0.72, 0.5, 0.28, 0.5, 0.0, 0.5, 0.27, negative
0.77, 0.72, 0.48, 0.26, 0.5, 0.0, 0.51, 0.22, negative
0.74, 0.74, 0.51, 0.27, 0.5, 0.0, 0.5, 0.22, negative
0.38, 0.45, 0.37, 0.19, 0.5, 0.0, 0.52, 0.3, negative
0.31, 0.3, 0.34, 0.19, 0.5, 0.0, 0.55, 0.3, negative
0.77, 0.78, 0.51, 0.28, 0.5, 0.0, 0.33, 0.22, negative
0.74, 0.71, 0.52, 0.3, 0.5, 0.0, 0.27, 0.22, negative
0.77, 0.73, 0.51, 0.27, 0.5, 0.0, 0.34, 0.22, negative
0.27, 0.56, 0.3, 0.14, 0.5, 0.0, 0.52, 0.39, negative
0.4, 0.39, 0.33, 0.17, 0.5, 0.0, 0.51, 0.31, negative
0.97, 0.71, 0.29, 0.42, 0.5, 0.0, 0.35, 0.22, negative
0.44, 0.43, 0.34, 0.21, 0.5, 0.0, 0.55, 0.4, negative
0.66, 0.55, 0.34, 0.2, 0.5, 0.0, 0.62, 0.22, negative
0.75, 0.69, 0.48, 0.13, 0.5, 0.0, 0.57, 0.4, negative
0.69, 0.7, 0.5, 0.3, 0.5, 0.0, 0.54, 0.22, negative
0.63, 0.55, 0.53, 0.51, 0.5, 0.0, 0.55, 0.22, negative
0.42, 0.53, 0.57, 0.17, 0.5, 0.0, 0.49, 0.22, negative
0.56, 0.48, 0.5, 0.17, 0.5, 0.0, 0.51, 0.26, negative
0.45, 0.45, 0.52, 0.17, 0.5, 0.0, 0.54, 0.22, negative
0.59, 0.46, 0.48, 0.46, 0.5, 0.0, 0.49, 0.22, negative
0.51, 0.46, 0.4, 0.65, 0.5, 0.0, 0.49, 0.22, negative
0.81, 0.55, 0.35, 0.34, 0.5, 0.0, 0.51, 0.22, negative
0.6, 0.59, 0.47, 0.47, 0.5, 0.0, 0.53, 0.22, negative
0.58, 0.53, 0.33, 0.26, 0.5, 0.0, 0.51, 0.22, negative
0.61, 0.55, 0.51, 0.26, 0.5, 0.0, 0.52, 0.22, negative
0.64, 0.53, 0.59, 0.14, 0.5, 0.0, 0.53, 0.22, negative
0.59, 0.47, 0.51, 0.53, 0.5, 0.0, 0.53, 0.26, negative
0.66, 0.55, 0.54, 0.18, 0.5, 0.0, 0.43, 0.22, negative
0.41, 0.41, 0.43, 0.61, 0.5, 0.0, 0.53, 0.22, negative
0.45, 0.66, 0.39, 0.11, 0.5, 0.0, 0.54, 0.22, negative
0.64, 0.44, 0.51, 0.35, 0.5, 0.0, 0.53, 0.22, negative
0.55, 0.38, 0.64, 0.42, 0.5, 0.0, 0.47, 0.22, negative
0.45, 0.43, 0.5, 0.25, 0.5, 0.0, 0.47, 0.22, negative
0.47, 0.53, 0.48, 0.51, 0.5, 0.0, 0.54, 0.22, negative
0.45, 0.52, 0.5, 0.12, 0.5, 0.0, 0.6, 0.22, negative
0.61, 0.38, 0.57, 0.36, 0.5, 0.0, 0.44, 0.21, negative
0.57, 0.43, 0.52, 0.3, 0.5, 0.0, 0.37, 0.11, negative
0.61, 0.48, 0.56, 0.19, 0.5, 0.0, 0.53, 0.31, negative
0.72, 0.37, 0.63, 0.38, 0.5, 0.0, 0.4, 0.14, negative
0.72, 0.37, 0.63, 0.38, 0.5, 0.0, 0.4, 0.14, negative
0.44, 0.36, 0.64, 0.45, 0.5, 0.0, 0.53, 0.11, negative
0.63, 0.64, 0.45, 0.26, 0.5, 0.0, 0.43, 0.22, negative
0.63, 0.64, 0.45, 0.26, 0.5, 0.0, 0.43, 0.22, negative
0.43, 0.33, 0.67, 0.12, 0.5, 0.0, 0.45, 0.23, negative
0.43, 0.33, 0.67, 0.12, 0.5, 0.0, 0.43, 0.23, negative
0.43, 0.22, 0.79, 0.79, 0.5, 0.0, 0.22, 0.0, negative
0.35, 0.21, 1.0, 0.8, 0.5, 0.0, 0.13, 0.01, negative
0.35, 0.21, 1.0, 0.8, 0.5, 0.0, 0.13, 0.01, negative
0.48, 0.55, 0.48, 0.1, 0.5, 0.0, 0.55, 0.22, negative
0.66, 0.6, 0.52, 0.19, 0.5, 0.0, 0.69, 0.22, negative
0.69, 0.54, 0.55, 0.23, 0.5, 0.0, 0.73, 0.22, negative
0.73, 0.6, 0.47, 0.2, 0.5, 0.0, 0.72, 0.22, negative
0.78, 0.82, 0.56, 0.21, 0.5, 0.0, 0.69, 0.22, negative
0.47, 0.56, 0.46, 0.5, 0.5, 0.0, 0.51, 0.22, negative
0.32, 0.44, 0.54, 0.21, 0.5, 0.0, 0.4, 0.19, negative
0.32, 0.44, 0.54, 0.21, 0.5, 0.0, 0.4, 0.19, negative
0.46, 0.39, 0.54, 0.22, 0.5, 0.0, 0.48, 0.25, negative
0.42, 0.5, 0.64, 0.13, 0.5, 0.0, 0.49, 0.22, negative
0.46, 0.54, 0.59, 0.41, 0.5, 0.0, 0.53, 0.21, negative
0.5, 0.5, 0.62, 0.23, 0.5, 0.0, 0.35, 0.11, negative
0.57, 0.5, 0.4, 0.08, 0.5, 0.0, 0.47, 0.22, negative
0.51, 0.4, 0.5, 0.28, 0.5, 0.0, 0.48, 0.27, negative
0.77, 0.86, 0.44, 0.27, 0.5, 0.0, 0.48, 0.22, negative
0.39, 0.46, 0.33, 0.18, 0.5, 0.0, 0.53, 0.22, negative
0.52, 0.54, 0.47, 0.49, 0.5, 0.0, 0.54, 0.22, negative
0.56, 0.65, 0.49, 0.56, 0.5, 0.0, 0.49, 0.22, negative
0.55, 0.55, 0.52, 0.13, 0.5, 0.0, 0.53, 0.25, negative
0.34, 0.46, 0.52, 0.19, 0.5, 0.0, 0.53, 0.26, negative
0.58, 0.56, 0.46, 0.14, 0.5, 0.0, 0.51, 0.22, negative
0.46, 0.47, 0.44, 0.18, 1.0, 0.0, 0.46, 0.22, negative
0.56, 0.49, 0.32, 0.22, 0.5, 0.0, 0.5, 0.22, negative
0.41, 0.49, 0.47, 0.09, 0.5, 0.0, 0.49, 0.22, negative
0.51, 0.51, 0.32, 0.27, 0.5, 0.0, 0.54, 0.22, negative
0.46, 0.38, 0.51, 0.2, 0.5, 0.0, 0.51, 0.22, negative
0.55, 0.72, 0.35, 0.26, 0.5, 0.0, 0.49, 0.22, negative
0.54, 0.44, 0.35, 0.19, 0.5, 0.0, 0.51, 0.27, negative
0.65, 0.66, 0.37, 0.12, 0.5, 0.0, 0.52, 0.27, negative
0.77, 0.82, 0.4, 0.36, 0.5, 0.0, 0.38, 0.22, negative
0.42, 0.28, 0.33, 0.23, 0.5, 0.0, 0.39, 0.26, negative
0.7, 0.78, 0.53, 0.24, 0.5, 0.0, 0.48, 0.22, negative
0.85, 0.69, 0.34, 0.31, 0.5, 0.0, 0.57, 0.3, negative
0.47, 0.56, 0.53, 0.44, 0.5, 0.0, 0.53, 0.22, negative
0.42, 0.43, 0.67, 0.7, 0.5, 0.0, 0.42, 0.25, negative
0.38, 0.42, 0.31, 0.35, 0.5, 0.0, 0.52, 0.22, negative
0.8, 0.69, 0.53, 0.33, 0.5, 0.0, 0.51, 0.22, negative
0.4, 0.43, 0.36, 0.33, 0.5, 0.0, 0.51, 0.22, negative
0.57, 0.51, 0.34, 0.13, 0.5, 0.0, 0.53, 0.27, negative
0.23, 0.37, 0.32, 0.13, 0.5, 0.0, 0.53, 0.22, negative
0.6, 0.64, 0.56, 0.36, 0.5, 0.0, 0.46, 0.27, negative
0.27, 0.41, 0.24, 0.2, 0.5, 0.0, 0.49, 0.22, negative
0.39, 0.45, 0.51, 0.29, 0.5, 0.0, 0.54, 0.22, negative
0.55, 0.57, 0.51, 0.07, 0.5, 0.0, 0.55, 0.22, negative
0.66, 0.65, 0.54, 0.4, 0.5, 0.0, 0.51, 0.22, negative
0.77, 0.73, 0.49, 0.46, 0.5, 0.0, 0.38, 0.22, negative
0.32, 0.68, 0.51, 0.16, 0.5, 0.83, 0.55, 0.22, negative
0.53, 0.48, 0.51, 0.18, 0.5, 0.0, 0.52, 0.27, negative
0.51, 0.48, 0.51, 0.26, 0.5, 0.0, 0.51, 0.27, negative
0.53, 0.48, 0.51, 0.18, 0.5, 0.0, 0.51, 0.27, negative
0.51, 0.5, 0.49, 0.45, 0.5, 0.0, 0.48, 0.22, negative
0.25, 0.42, 0.21, 0.14, 0.5, 0.0, 0.41, 0.22, negative
0.7, 0.58, 0.53, 0.39, 0.5, 0.0, 0.59, 0.22, negative
0.83, 0.81, 0.45, 0.38, 0.5, 0.0, 0.4, 0.26, negative
0.88, 0.72, 0.32, 0.3, 0.5, 0.0, 0.52, 0.33, negative
0.44, 0.4, 0.53, 0.19, 0.5, 0.0, 0.48, 0.27, negative
0.46, 0.61, 0.38, 0.35, 0.5, 0.0, 0.49, 0.22, negative
0.36, 0.5, 0.39, 0.23, 0.5, 0.0, 0.5, 0.22, negative
0.33, 0.37, 0.49, 0.22, 0.5, 0.0, 0.55, 0.22, negative
0.74, 0.82, 0.46, 0.24, 0.5, 0.0, 0.48, 0.22, negative
0.75, 0.76, 0.58, 0.22, 0.5, 0.0, 0.49, 0.22, negative
0.43, 0.28, 0.41, 0.32, 0.5, 0.0, 0.52, 0.22, negative
0.78, 0.73, 0.27, 0.28, 0.5, 0.0, 0.56, 0.22, negative
0.63, 0.64, 0.49, 0.2, 0.5, 0.0, 0.52, 0.25, negative
0.31, 0.4, 0.31, 0.17, 0.5, 0.0, 0.52, 0.22, negative
0.59, 0.48, 0.49, 0.42, 0.5, 0.0, 0.52, 0.22, negative
0.42, 0.5, 0.59, 0.17, 0.5, 0.0, 0.51, 0.22, negative
0.54, 0.55, 0.55, 0.4, 0.5, 0.0, 0.53, 0.22, negative
0.38, 0.42, 0.5, 0.19, 0.5, 0.0, 0.44, 0.22, negative
0.38, 0.42, 0.5, 0.19, 0.5, 0.0, 0.44, 0.22, negative
0.44, 0.54, 0.51, 0.16, 0.5, 0.0, 0.58, 0.22, negative
0.77, 0.7, 0.44, 0.29, 0.5, 0.0, 0.56, 0.22, negative
0.58, 0.55, 0.51, 0.13, 0.5, 0.0, 0.52, 0.22, negative
0.44, 0.49, 0.49, 0.27, 0.5, 0.0, 0.52, 0.22, negative
0.42, 0.45, 0.75, 0.21, 0.5, 0.0, 0.48, 0.22, negative
0.39, 0.45, 0.75, 0.17, 0.5, 0.0, 0.51, 0.22, negative
0.63, 0.54, 0.53, 0.27, 0.5, 0.0, 0.49, 0.22, negative
0.48, 0.44, 0.51, 0.24, 0.5, 0.0, 0.49, 0.22, negative
0.79, 0.62, 0.35, 0.35, 0.5, 0.0, 0.6, 0.28, negative
0.59, 0.46, 0.57, 0.17, 0.5, 0.0, 0.52, 0.22, negative
0.53, 0.42, 0.53, 0.19, 0.5, 0.0, 0.47, 0.22, negative
0.59, 0.46, 0.55, 0.17, 0.5, 0.0, 0.52, 0.25, negative
0.61, 0.73, 0.5, 0.58, 0.5, 0.0, 0.5, 0.22, negative
0.66, 0.54, 0.53, 0.17, 0.5, 0.0, 0.54, 0.22, negative
0.43, 0.48, 0.36, 0.26, 0.5, 0.0, 0.52, 0.22, negative
0.42, 0.51, 0.33, 0.16, 0.5, 0.0, 0.54, 0.22, negative
0.48, 0.39, 0.56, 0.23, 0.5, 0.0, 0.6, 0.22, negative
0.4, 0.28, 0.58, 0.44, 0.5, 0.0, 0.41, 0.22, negative
0.5, 0.47, 0.45, 0.14, 0.5, 0.0, 0.53, 0.32, negative
0.36, 0.51, 0.51, 0.17, 0.5, 0.0, 0.52, 0.22, negative
0.73, 0.59, 0.35, 0.15, 0.5, 0.0, 0.54, 0.22, negative
0.57, 0.54, 0.32, 0.15, 0.5, 0.0, 0.52, 0.25, negative
0.4, 0.36, 0.32, 0.16, 0.5, 0.0, 0.51, 0.27, negative
0.65, 0.63, 0.47, 0.22, 0.5, 0.0, 0.52, 0.27, negative
0.25, 0.4, 0.54, 0.16, 0.5, 0.0, 0.43, 0.22, negative
0.5, 0.4, 0.57, 0.17, 0.5, 0.0, 0.59, 0.22, negative
0.78, 0.71, 0.35, 0.25, 0.5, 0.0, 0.49, 0.22, negative
0.77, 0.78, 0.27, 0.37, 0.5, 0.0, 0.49, 0.22, negative
0.49, 0.49, 0.4, 0.2, 0.5, 0.0, 0.48, 0.26, negative
0.53, 0.52, 0.49, 0.27, 0.5, 0.0, 0.51, 0.22, negative
0.71, 0.79, 0.41, 0.38, 0.5, 0.0, 0.54, 0.22, negative
0.47, 0.41, 0.46, 0.18, 0.5, 0.0, 0.53, 0.22, negative
0.59, 0.56, 0.5, 0.48, 0.5, 0.0, 0.46, 0.22, negative
0.26, 0.3, 0.37, 0.15, 0.5, 0.0, 0.53, 0.25, negative
0.54, 0.44, 0.38, 0.22, 0.5, 0.0, 0.54, 0.3, negative
0.22, 0.53, 0.36, 0.22, 0.5, 0.0, 0.54, 0.31, negative
0.46, 0.59, 0.38, 0.12, 0.5, 0.0, 0.5, 0.22, negative
0.8, 0.82, 0.4, 0.31, 0.5, 0.0, 0.57, 0.25, negative
0.4, 0.4, 0.43, 0.19, 0.5, 0.83, 0.48, 0.22, negative
0.57, 0.52, 0.46, 0.2, 0.5, 0.83, 0.52, 0.41, negative
0.43, 0.6, 0.4, 0.12, 0.5, 0.0, 0.49, 0.29, negative
0.65, 0.62, 0.26, 0.33, 0.5, 0.0, 0.55, 0.22, negative
0.77, 0.7, 0.37, 0.12, 0.5, 0.0, 0.49, 0.26, negative
0.71, 0.51, 0.49, 0.23, 0.5, 0.0, 0.3, 0.32, negative
0.59, 0.48, 0.49, 0.49, 0.5, 0.0, 0.36, 0.32, negative
0.74, 0.73, 0.32, 0.2, 0.5, 0.0, 0.55, 0.22, negative
0.35, 0.32, 0.31, 0.16, 0.5, 0.0, 0.56, 0.22, negative
0.47, 0.41, 0.53, 0.27, 0.5, 0.0, 0.47, 0.25, negative
0.39, 0.56, 0.34, 0.18, 0.5, 0.0, 0.49, 0.22, negative
0.51, 0.38, 0.42, 0.21, 0.5, 0.0, 0.46, 0.34, negative
0.32, 0.45, 0.39, 0.14, 0.5, 0.0, 0.45, 0.22, negative
0.75, 0.73, 0.35, 0.33, 0.5, 0.0, 0.49, 0.28, negative
0.71, 0.64, 0.42, 0.28, 0.5, 0.0, 0.43, 0.22, negative
0.28, 0.48, 0.36, 0.16, 0.5, 0.0, 0.53, 0.22, negative
0.52, 0.65, 0.36, 0.26, 0.5, 0.0, 0.44, 0.22, negative
0.64, 0.44, 0.56, 0.15, 0.5, 0.0, 0.56, 0.22, negative
0.38, 0.37, 0.36, 0.14, 0.5, 0.0, 0.54, 0.22, negative
0.8, 0.79, 0.43, 0.25, 0.5, 0.0, 0.52, 0.22, negative
0.63, 0.65, 0.42, 0.18, 0.5, 0.0, 0.54, 0.27, negative
0.83, 0.94, 0.32, 0.21, 0.5, 0.0, 0.51, 0.22, negative
0.61, 0.76, 0.3, 0.16, 0.5, 0.0, 0.45, 0.41, negative
0.39, 0.33, 0.33, 0.23, 0.5, 0.0, 0.47, 0.22, negative
0.2, 0.6, 0.5, 0.29, 0.5, 0.0, 0.51, 0.22, negative
0.51, 0.46, 0.41, 0.36, 0.5, 0.0, 0.49, 0.22, negative
0.49, 0.56, 0.37, 0.2, 0.5, 0.0, 0.53, 0.22, negative
0.86, 0.78, 0.34, 0.15, 0.5, 0.0, 0.53, 0.22, negative
0.72, 0.73, 0.41, 0.28, 0.5, 0.0, 0.44, 0.22, negative
0.8, 0.73, 0.47, 0.19, 0.5, 0.0, 0.49, 0.22, negative
0.49, 0.55, 0.35, 0.23, 0.5, 0.0, 0.57, 0.22, negative
0.6, 0.68, 0.3, 0.27, 0.5, 0.0, 0.55, 0.22, negative
0.82, 0.63, 0.47, 0.18, 0.5, 0.0, 0.5, 0.22, negative
0.77, 0.68, 0.35, 0.19, 0.5, 0.0, 0.53, 0.43, negative
0.52, 0.46, 0.34, 0.2, 0.5, 0.0, 0.51, 0.25, negative
0.58, 0.67, 0.49, 0.16, 0.5, 0.0, 0.47, 0.28, negative
0.77, 0.74, 0.37, 0.29, 0.5, 0.0, 0.45, 0.22, negative
0.47, 0.38, 0.58, 0.19, 0.5, 0.0, 0.57, 0.22, negative
0.5, 0.61, 0.44, 0.2, 0.5, 0.0, 0.49, 0.22, negative
0.46, 0.62, 0.46, 0.54, 0.5, 0.0, 0.51, 0.27, negative
0.74, 0.75, 0.45, 0.44, 0.5, 0.0, 0.52, 0.22, negative
0.32, 0.29, 0.29, 0.08, 0.5, 0.0, 0.52, 0.22, negative
0.38, 0.47, 0.47, 0.18, 0.5, 0.0, 0.44, 0.26, negative
0.51, 0.45, 0.62, 0.25, 0.5, 0.0, 0.59, 0.22, negative
0.38, 0.32, 0.64, 0.41, 0.5, 0.0, 0.44, 0.11, negative
0.38, 0.4, 0.66, 0.35, 0.5, 0.0, 0.43, 0.11, negative
0.81, 0.62, 0.43, 0.17, 0.5, 0.0, 0.53, 0.22, negative
0.67, 0.57, 0.36, 0.19, 0.5, 0.0, 0.56, 0.22, negative
0.48, 0.45, 0.59, 0.2, 0.5, 0.0, 0.58, 0.34, positive
0.42, 0.37, 0.59, 0.2, 0.5, 0.0, 0.52, 0.29, positive
0.58, 0.47, 0.54, 0.11, 0.5, 0.0, 0.51, 0.26, positive
0.5, 0.34, 0.55, 0.21, 0.5, 0.0, 0.49, 0.22, positive
0.45, 0.46, 0.55, 0.43, 0.5, 0.0, 0.55, 0.38, positive
0.37, 0.32, 0.47, 0.18, 0.5, 0.0, 0.45, 0.25, positive
0.5, 0.52, 0.59, 0.3, 0.5, 0.0, 0.51, 0.35, positive
0.33, 0.43, 0.64, 0.16, 0.5, 0.0, 0.52, 0.52, positive
0.53, 0.51, 0.55, 0.05, 0.5, 0.0, 0.45, 0.25, positive
0.47, 0.32, 0.64, 0.3, 0.5, 0.0, 0.63, 0.22, positive
0.28, 0.37, 0.61, 0.09, 0.5, 0.0, 0.52, 0.55, positive
0.51, 0.34, 0.5, 0.19, 0.5, 0.0, 0.5, 0.22, positive
0.42, 0.31, 0.5, 0.15, 0.5, 0.0, 0.53, 0.22, positive
0.49, 0.47, 0.53, 0.16, 0.5, 0.0, 0.48, 0.27, positive
0.57, 0.51, 0.53, 0.18, 0.5, 0.0, 0.56, 0.25, positive
0.31, 0.44, 0.53, 0.23, 0.5, 0.0, 0.51, 0.32, positive
0.31, 0.31, 0.56, 0.33, 0.5, 0.0, 0.52, 0.33, positive
0.38, 0.37, 0.56, 0.21, 0.5, 0.0, 0.49, 0.22, positive
0.56, 0.52, 0.48, 0.17, 0.5, 0.0, 0.46, 0.22, positive
0.39, 0.28, 0.46, 0.12, 0.5, 0.0, 0.41, 0.22, positive
0.42, 0.32, 0.5, 0.21, 0.5, 0.0, 0.51, 0.22, positive
0.55, 0.54, 0.56, 0.22, 0.5, 0.0, 0.5, 0.37, positive
0.36, 0.24, 0.49, 0.16, 0.5, 0.0, 0.51, 0.22, positive
0.41, 0.24, 0.54, 0.26, 0.5, 0.0, 0.41, 0.22, positive
0.5, 0.51, 0.52, 0.09, 0.5, 0.0, 0.48, 0.25, positive
0.53, 0.61, 0.52, 0.21, 0.5, 0.0, 0.55, 0.3, positive
0.37, 0.53, 0.46, 0.23, 0.5, 0.0, 0.47, 0.22, positive
0.35, 0.39, 0.57, 0.11, 0.5, 0.0, 0.48, 0.22, positive
0.35, 0.6, 0.47, 0.13, 0.5, 0.0, 0.52, 0.43, positive
0.33, 0.44, 0.49, 0.08, 0.5, 0.0, 0.48, 0.49, positive
0.54, 0.57, 0.52, 0.19, 0.5, 0.0, 0.59, 0.67, positive
0.37, 0.43, 0.62, 0.27, 0.5, 0.0, 0.48, 0.22, positive
0.56, 0.59, 0.53, 0.16, 0.5, 0.0, 0.24, 0.42, positive
0.54, 0.56, 0.57, 0.18, 0.5, 0.0, 0.45, 0.25, positive
0.43, 0.51, 0.54, 0.15, 0.5, 0.0, 0.45, 0.26, positive
0.43, 0.54, 0.58, 0.16, 0.5, 0.0, 0.5, 0.36, positive
0.58, 0.48, 0.56, 0.1, 0.5, 0.0, 0.46, 0.25, positive
0.58, 0.48, 0.56, 0.12, 0.5, 0.0, 0.46, 0.25, positive
0.41, 0.6, 0.53, 0.29, 0.5, 0.0, 0.47, 0.43, positive
0.6, 0.48, 0.44, 0.52, 0.5, 0.0, 0.54, 0.63, positive
0.44, 0.42, 0.62, 0.14, 0.5, 0.0, 0.55, 0.37, positive
0.37, 0.34, 0.58, 0.24, 0.5, 0.0, 0.44, 0.18, positive
0.37, 0.34, 0.58, 0.24, 0.5, 0.0, 0.44, 0.18, positive
0.37, 0.22, 0.64, 0.35, 0.5, 0.0, 0.47, 0.22, positive
0.51, 0.48, 0.58, 0.22, 0.5, 0.0, 0.5, 0.28, positive
0.49, 0.37, 0.59, 0.17, 0.5, 0.0, 0.51, 0.22, positive
0.53, 0.53, 0.53, 0.17, 0.5, 0.0, 0.49, 0.37, positive
0.29, 0.68, 0.47, 0.26, 0.5, 0.0, 0.47, 0.37, positive
0.34, 0.34, 0.61, 0.18, 0.5, 0.0, 0.52, 0.32, positive
0.54, 0.45, 0.62, 0.13, 0.5, 0.0, 0.52, 0.26, positive
0.56, 0.45, 0.59, 0.14, 0.5, 0.0, 0.51, 0.26, positive
0.45, 0.38, 0.59, 0.18, 0.5, 0.0, 0.44, 0.45, positive
0.42, 0.32, 0.61, 0.13, 0.5, 0.0, 0.14, 0.27, positive
0.23, 0.34, 0.41, 0.28, 0.5, 0.0, 0.5, 0.27, positive
0.34, 0.31, 0.6, 0.37, 0.5, 0.0, 0.5, 0.3, positive
0.59, 0.53, 0.47, 0.26, 0.5, 0.0, 0.53, 0.31, positive
0.57, 0.49, 0.48, 0.16, 0.5, 0.0, 0.51, 0.22, positive
0.43, 0.32, 0.56, 0.27, 0.5, 0.0, 0.47, 0.27, positive
0.43, 0.38, 0.51, 0.24, 0.5, 0.0, 0.46, 0.33, positive
0.62, 0.64, 0.56, 0.2, 0.5, 0.0, 0.48, 0.33, positive
0.46, 0.32, 0.58, 0.17, 0.5, 0.0, 0.61, 0.25, positive
0.49, 0.62, 0.65, 0.18, 0.5, 0.0, 0.46, 0.43, positive
0.33, 0.37, 0.54, 0.28, 0.5, 0.0, 0.53, 0.27, positive
0.33, 0.38, 0.53, 0.26, 0.5, 0.0, 0.52, 0.27, positive
0.26, 0.38, 0.52, 0.36, 0.5, 0.0, 0.48, 0.56, positive
0.53, 0.51, 0.51, 0.11, 0.5, 0.0, 0.49, 0.41, positive
0.7, 0.53, 0.42, 0.22, 0.5, 0.0, 0.51, 0.28, positive
0.55, 0.49, 0.45, 0.18, 0.5, 0.0, 0.49, 0.22, positive
0.4, 0.53, 0.61, 0.21, 0.5, 0.0, 0.48, 0.33, positive
0.43, 0.83, 0.55, 0.2, 0.5, 0.0, 0.47, 0.4, positive
0.39, 0.3, 0.56, 0.12, 0.5, 0.0, 0.53, 0.38, positive
0.52, 0.38, 0.62, 0.12, 0.5, 0.0, 0.41, 0.28, positive
0.51, 0.56, 0.62, 0.24, 0.5, 0.0, 0.52, 0.51, positive
0.39, 0.35, 0.49, 0.17, 0.5, 0.0, 0.49, 0.22, positive
0.58, 0.56, 0.52, 0.25, 0.5, 0.0, 0.57, 0.35, positive
0.56, 0.63, 0.52, 0.2, 0.5, 0.0, 0.34, 0.26, positive
0.36, 0.39, 0.55, 0.26, 0.5, 0.0, 0.49, 0.22, positive
0.48, 0.62, 0.52, 0.3, 0.5, 0.0, 0.51, 0.37, positive
0.33, 0.46, 0.53, 0.29, 0.5, 0.0, 0.5, 0.55, positive
0.39, 0.34, 0.68, 0.3, 0.5, 0.0, 0.5, 0.29, positive
0.11, 0.41, 0.67, 0.13, 0.5, 0.0, 0.45, 0.29, positive
0.4, 0.53, 0.44, 0.18, 0.5, 0.0, 0.54, 0.31, positive
0.36, 0.3, 0.5, 0.19, 0.5, 0.0, 0.55, 0.3, positive
0.43, 0.28, 0.53, 0.34, 0.5, 0.0, 0.55, 0.57, positive
0.45, 0.21, 0.49, 0.24, 0.5, 0.0, 0.46, 0.31, positive
0.51, 0.34, 0.49, 0.16, 0.5, 0.0, 0.53, 0.21, positive
0.9, 0.54, 0.59, 0.2, 0.5, 0.0, 0.48, 0.22, positive
0.7, 0.51, 0.47, 0.24, 0.5, 0.0, 0.53, 0.25, positive
0.25, 0.36, 0.58, 0.3, 0.5, 0.0, 0.58, 0.31, positive
0.69, 0.62, 0.49, 0.0, 1.0, 0.0, 0.47, 0.22, positive
0.39, 0.42, 0.49, 0.1, 0.5, 0.0, 0.49, 0.65, positive
0.31, 0.42, 0.48, 0.17, 0.5, 0.0, 0.49, 0.53, positive
0.33, 0.38, 0.45, 0.19, 0.5, 0.0, 0.54, 0.37, positive
0.67, 0.46, 0.58, 0.3, 0.5, 0.0, 0.57, 0.27, positive
0.41, 0.48, 0.54, 0.24, 0.5, 0.0, 0.37, 0.51, positive
0.53, 0.54, 0.43, 0.18, 0.5, 0.0, 0.53, 0.31, positive
0.45, 0.4, 0.43, 0.22, 0.5, 0.0, 0.51, 0.48, positive
0.49, 0.48, 0.52, 0.2, 0.5, 0.0, 0.55, 0.22, positive
0.54, 0.53, 0.48, 0.14, 0.5, 0.0, 0.49, 0.33, positive
0.37, 0.48, 0.5, 0.26, 0.5, 0.0, 0.52, 0.39, positive
0.25, 0.39, 0.5, 0.23, 0.5, 0.0, 0.5, 0.28, positive
0.5, 0.45, 0.53, 0.21, 0.5, 0.0, 0.28, 0.22, positive
0.42, 0.28, 0.51, 0.23, 0.5, 0.0, 0.53, 0.27, positive
0.56, 0.59, 0.54, 0.18, 0.5, 0.0, 0.48, 0.46, positive
0.33, 0.39, 0.52, 0.09, 0.5, 0.0, 0.47, 0.28, positive
0.3, 0.3, 0.46, 0.32, 0.5, 0.0, 0.45, 0.22, positive
0.38, 0.26, 0.6, 0.1, 0.5, 0.0, 0.48, 0.44, positive
0.62, 0.41, 0.52, 0.17, 0.5, 0.0, 0.48, 0.22, positive
0.52, 0.37, 0.48, 0.13, 0.5, 0.0, 0.55, 0.22, positive
0.34, 0.35, 0.58, 0.2, 0.5, 0.0, 0.46, 0.32, positive
0.49, 0.45, 0.57, 0.24, 0.5, 0.0, 0.47, 0.38, positive
0.4, 0.28, 0.48, 0.06, 0.5, 0.0, 0.49, 0.42, positive
0.37, 0.44, 0.51, 0.56, 0.5, 0.0, 0.5, 0.38, positive
0.24, 0.41, 0.47, 0.16, 0.5, 0.0, 0.51, 0.38, positive
0.61, 0.39, 0.53, 0.14, 0.5, 0.0, 0.43, 0.26, positive
0.33, 0.28, 0.5, 0.4, 0.5, 0.0, 0.46, 0.61, positive
0.43, 0.48, 0.53, 0.18, 0.5, 0.0, 0.46, 0.22, positive
0.47, 0.43, 0.48, 0.16, 0.5, 0.0, 0.46, 0.27, positive
0.55, 0.59, 0.53, 0.15, 0.5, 0.0, 0.49, 0.22, positive
0.31, 0.39, 0.55, 0.28, 0.5, 0.0, 0.46, 0.31, positive
0.64, 0.5, 0.53, 0.1, 0.5, 0.0, 0.51, 0.22, positive
0.41, 0.52, 0.56, 0.26, 0.5, 0.0, 0.48, 0.32, positive
0.48, 0.47, 0.59, 0.41, 0.5, 0.0, 0.56, 0.27, positive
0.41, 0.52, 0.51, 0.22, 0.5, 0.0, 0.52, 0.44, positive
0.51, 0.61, 0.5, 0.23, 0.5, 0.0, 0.52, 0.61, positive
0.54, 0.53, 0.53, 0.17, 0.5, 0.0, 0.51, 0.39, positive
0.53, 0.46, 0.54, 0.37, 0.5, 0.0, 0.51, 0.3, positive
0.58, 0.31, 0.6, 0.12, 0.5, 0.0, 0.47, 0.33, positive
0.44, 0.33, 0.55, 0.16, 0.5, 0.0, 0.49, 0.22, positive
0.44, 0.45, 0.53, 0.19, 0.5, 0.0, 0.41, 0.28, positive
0.57, 0.55, 0.52, 0.16, 0.5, 0.0, 0.49, 0.39, positive
0.35, 0.42, 0.56, 0.28, 0.5, 0.0, 0.47, 0.22, positive
0.57, 0.51, 0.58, 0.22, 0.5, 0.0, 0.51, 0.22, positive
0.47, 0.47, 0.54, 0.19, 0.5, 0.0, 0.51, 0.33, positive
0.4, 0.66, 0.34, 0.21, 0.5, 0.0, 0.52, 0.26, positive
0.42, 0.21, 0.59, 0.3, 0.5, 0.0, 0.47, 0.27, positive
0.35, 0.4, 0.44, 0.25, 0.5, 0.0, 0.53, 0.57, positive
0.45, 0.49, 0.57, 0.25, 0.5, 0.0, 0.48, 0.22, positive
0.37, 0.58, 0.5, 0.22, 0.5, 0.0, 0.47, 0.22, positive
0.35, 0.41, 0.53, 0.27, 0.5, 0.0, 0.47, 0.29, positive
0.56, 0.49, 0.54, 0.15, 0.5, 0.0, 0.5, 0.35, positive
0.57, 0.49, 0.61, 0.26, 0.5, 0.0, 0.52, 0.22, positive
0.54, 0.57, 0.55, 0.18, 0.5, 0.0, 0.5, 0.22, positive
0.38, 0.44, 0.55, 0.44, 0.5, 0.0, 0.47, 0.51, positive
0.44, 0.5, 0.55, 0.24, 0.5, 0.0, 0.48, 0.22, positive
0.5, 0.56, 0.63, 0.25, 0.5, 0.0, 0.42, 0.22, positive
0.57, 0.42, 0.63, 0.22, 0.5, 0.0, 0.68, 0.32, positive
0.36, 0.49, 0.55, 0.21, 0.5, 0.0, 0.55, 0.33, positive
0.29, 0.4, 0.5, 0.16, 0.5, 0.0, 0.51, 0.34, positive
0.56, 0.61, 0.52, 0.19, 0.5, 0.0, 0.52, 0.32, positive
0.42, 0.38, 0.52, 0.29, 0.5, 0.0, 0.42, 0.22, positive
0.47, 0.37, 0.46, 0.28, 0.5, 0.0, 0.52, 0.99, positive
0.48, 0.5, 0.47, 0.29, 0.5, 0.0, 0.46, 0.27, positive
0.49, 0.49, 0.52, 0.18, 0.5, 0.0, 0.51, 0.25, positive
0.47, 0.44, 0.53, 0.18, 0.5, 0.0, 0.47, 0.29, positive
0.4, 0.49, 0.53, 0.23, 0.5, 0.0, 0.44, 0.26, positive
0.45, 0.65, 0.51, 0.17, 0.5, 0.0, 0.49, 0.22, positive
0.42, 0.42, 0.55, 0.31, 0.5, 0.0, 0.43, 0.22, positive
0.42, 0.28, 0.49, 0.22, 0.5, 0.0, 0.55, 0.34, positive
0.47, 0.5, 0.47, 0.22, 0.5, 0.0, 0.53, 0.45, positive
0.47, 0.55, 0.57, 0.17, 0.5, 0.0, 0.52, 0.66, positive
0.47, 0.56, 0.51, 0.2, 0.5, 0.0, 0.52, 0.59, positive
0.54, 0.6, 0.57, 0.17, 0.5, 0.0, 0.44, 0.22, positive
0.4, 0.39, 0.6, 0.23, 0.5, 0.0, 0.52, 0.31, positive
0.57, 0.55, 0.51, 0.18, 0.5, 0.0, 0.51, 0.43, positive
0.44, 0.43, 0.46, 0.28, 0.5, 0.0, 0.45, 0.29, positive
0.46, 0.5, 0.5, 0.28, 0.5, 0.0, 0.5, 0.37, positive
0.38, 0.58, 0.46, 0.21, 0.5, 0.0, 0.52, 0.22, positive
0.27, 0.46, 0.52, 0.17, 0.5, 0.0, 0.49, 0.44, positive
0.73, 0.52, 0.59, 0.25, 0.5, 0.0, 0.51, 0.22, positive
0.5, 0.43, 0.5, 0.17, 0.5, 0.0, 0.46, 0.47, positive
0.49, 0.6, 0.54, 0.35, 0.5, 0.0, 0.53, 0.46, positive
0.52, 0.31, 0.56, 0.16, 0.5, 0.0, 0.55, 0.22, positive
0.49, 0.48, 0.51, 0.21, 0.5, 0.0, 0.53, 0.22, positive
0.6, 0.62, 0.54, 0.11, 0.5, 0.0, 0.51, 0.22, positive
0.53, 0.25, 0.59, 0.27, 0.5, 0.0, 0.45, 0.26, positive
0.31, 0.5, 0.54, 0.32, 0.5, 0.0, 0.53, 0.31, positive
0.44, 0.39, 0.63, 0.11, 0.5, 0.0, 0.49, 0.26, positive
0.38, 0.42, 0.47, 0.12, 0.5, 0.0, 0.47, 0.53, positive
0.19, 0.66, 0.6, 0.14, 0.5, 0.0, 0.2, 0.25, positive
0.38, 0.51, 0.56, 0.21, 0.5, 0.0, 0.48, 0.31, positive
0.45, 0.57, 0.52, 0.21, 0.5, 0.0, 0.54, 0.38, positive
0.48, 0.54, 0.56, 0.29, 0.5, 0.0, 0.51, 0.43, positive
0.58, 0.64, 0.42, 0.3, 0.5, 0.0, 0.54, 0.22, positive
0.58, 0.37, 0.58, 0.16, 0.5, 0.0, 0.51, 0.22, positive
0.47, 0.47, 0.5, 0.19, 0.5, 0.0, 0.51, 0.26, positive
0.55, 0.38, 0.52, 0.16, 0.5, 0.0, 0.49, 0.64, positive
0.41, 0.39, 0.61, 0.17, 0.5, 0.0, 0.5, 0.61, positive
0.44, 0.65, 0.49, 0.16, 0.5, 0.0, 0.48, 0.31, positive
0.58, 0.51, 0.63, 0.2, 0.5, 0.0, 0.5, 0.42, positive
0.63, 0.58, 0.57, 0.1, 0.5, 0.0, 0.52, 0.33, positive
0.54, 0.67, 0.56, 0.15, 0.5, 0.0, 0.57, 0.33, positive
0.47, 0.38, 0.5, 0.15, 0.5, 0.0, 0.49, 0.47, positive
0.33, 0.17, 0.52, 0.13, 0.5, 0.0, 0.51, 0.75, positive
0.57, 0.29, 0.63, 0.22, 0.5, 0.0, 0.49, 0.27, positive
0.52, 0.49, 0.59, 0.21, 0.5, 0.0, 0.47, 0.22, positive
0.41, 0.42, 0.53, 0.17, 0.5, 0.0, 0.48, 0.58, positive
0.45, 0.36, 0.5, 0.19, 0.5, 0.0, 0.53, 0.7, positive
0.53, 0.51, 0.54, 0.21, 0.5, 0.0, 0.45, 0.22, positive
0.5, 0.5, 0.48, 0.34, 0.5, 0.0, 0.52, 0.27, positive
0.36, 0.52, 0.61, 0.33, 0.5, 0.0, 0.52, 0.37, positive
0.49, 0.36, 0.47, 0.28, 0.5, 0.0, 0.56, 0.54, positive
0.6, 0.57, 0.63, 0.22, 0.5, 0.0, 0.5, 0.49, positive
0.32, 0.3, 0.57, 0.38, 0.5, 0.0, 0.5, 0.25, positive
0.28, 0.41, 0.46, 0.18, 0.5, 0.0, 0.47, 0.39, positive
0.25, 0.41, 0.47, 0.14, 0.5, 0.0, 0.56, 0.68, positive
0.4, 0.44, 0.47, 0.25, 0.5, 0.0, 0.54, 0.56, positive
0.29, 0.39, 0.46, 0.36, 0.5, 0.0, 0.51, 0.22, positive
0.4, 0.4, 0.44, 0.37, 0.5, 0.0, 0.53, 0.25, positive
0.47, 0.4, 0.63, 0.19, 0.5, 0.0, 0.52, 0.32, positive
0.36, 0.48, 0.61, 0.26, 0.5, 0.0, 0.5, 0.16, positive
0.41, 0.25, 0.59, 0.44, 0.5, 0.0, 0.6, 0.69, positive
0.25, 0.4, 0.52, 0.15, 0.5, 0.0, 0.56, 0.28, positive
0.58, 0.56, 0.38, 0.39, 0.5, 0.0, 0.54, 0.57, positive
0.59, 0.67, 0.54, 0.19, 0.5, 0.0, 0.48, 0.6, positive
0.47, 0.43, 0.61, 0.4, 0.5, 0.0, 0.48, 0.47, positive
0.43, 0.4, 0.6, 0.16, 0.5, 0.0, 0.53, 0.39, positive
0.5561, 0.4978, 0.5381, 0.1539, 0.5, 0.0, 0.5019, 0.3578, positive
0.417, 0.4035, 0.4823, 0.1323, 0.5, 0.0, 0.4782, 0.5053, positive
0.365, 0.364, 0.56, 0.204, 0.5, 0.0, 0.493, 0.22, positive
0.4697, 0.5531, 0.5572, 0.2445, 0.5, 0.0, 0.4328, 0.22, positive
0.4329, 0.4929, 0.5371, 0.1614, 0.5, 0.0, 0.4386, 0.2657, positive
0.2541, 0.4096, 0.4688, 0.1445, 0.5, 0.0, 0.5588, 0.6755, positive
0.408, 0.326, 0.496, 0.158, 0.5, 0.0, 0.514, 0.22, positive
0.327, 0.31, 0.5827, 0.3527, 0.5, 0.0, 0.5087, 0.313, positive
0.4276, 0.605, 0.5275, 0.2925, 0.5, 0.0, 0.48, 0.4149, positive
0.534, 0.5076, 0.5508, 0.0557, 0.5, 0.0, 0.4508, 0.25, positive
0.7172, 0.5157, 0.5386, 0.2457, 0.5, 0.0, 0.5186, 0.2328, positive
0.3362, 0.3825, 0.5369, 0.2769, 0.5, 0.0, 0.5113, 0.2762, positive
0.5606, 0.5877, 0.5388, 0.1788, 0.5, 0.0, 0.4806, 0.4559, positive
0.4812, 0.4567, 0.53, 0.1688, 0.5, 0.0, 0.4756, 0.2788, positive
0.3355, 0.3654, 0.4591, 0.19, 0.5, 0.0, 0.5418, 0.3572, positive
0.4464, 0.65, 0.5028, 0.1664, 0.5, 0.0, 0.4864, 0.2526, positive
0.4783, 0.2862, 0.5745, 0.27, 0.5, 0.0, 0.4603, 0.2652, positive
0.5144, 0.4844, 0.5844, 0.2156, 0.5, 0.0, 0.4869, 0.2539, positive
0.5381, 0.61, 0.52, 0.2046, 0.5, 0.0, 0.5419, 0.3054, positive
0.43, 0.4814, 0.5305, 0.1786, 0.5, 0.0, 0.4595, 0.2219, positive
0.3643, 0.4074, 0.5804, 0.2643, 0.5, 0.0, 0.4857, 0.22, positive
0.3195, 0.5968, 0.6262, 0.1863, 0.5, 0.0, 0.4616, 0.22, positive
0.432, 0.3272, 0.6112, 0.1288, 0.5, 0.0, 0.1724, 0.2712, positive
0.54, 0.5897, 0.5632, 0.1734, 0.5, 0.0, 0.4605, 0.22, positive
0.3509, 0.39, 0.5672, 0.1147, 0.5, 0.0, 0.4819, 0.2256, positive
0.6744, 0.5826, 0.5025, 0.0311, 0.8443, 0.0, 0.4825, 0.22, positive
0.42, 0.28, 0.4904, 0.2202, 0.5, 0.0, 0.5496, 0.3386, positive
0.589, 0.5302, 0.4693, 0.2586, 0.5, 0.0, 0.53, 0.31, positive
0.4276, 0.294, 0.5671, 0.2771, 0.5, 0.0, 0.47, 0.27, positive
0.4635, 0.4819, 0.5619, 0.5619, 0.5, 0.0, 0.4777, 0.22, positive
0.5623, 0.6492, 0.5261, 0.2039, 0.5, 0.0, 0.4939, 0.6035, positive
0.47, 0.4561, 0.5139, 0.1854, 0.5, 0.0, 0.4914, 0.2739, positive
0.378, 0.358, 0.4715, 0.2815, 0.5, 0.0, 0.537, 0.57, positive
0.5495, 0.589, 0.531, 0.1514, 0.5, 0.0, 0.4905, 0.22, positive
0.312, 0.438, 0.5331, 0.2295, 0.5, 0.0, 0.508, 0.3225, positive
0.4389, 0.4977, 0.5477, 0.2332, 0.5, 0.0, 0.4777, 0.22, positive
0.3843, 0.517, 0.4478, 0.1826, 0.5, 0.0, 0.5296, 0.3074, positive
0.4302, 0.4803, 0.5303, 0.1809, 0.5, 0.0, 0.4603, 0.22, positive
0.428, 0.5393, 0.582, 0.1633, 0.5, 0.0, 0.4987, 0.358, positive
0.3349, 0.51, 0.5749, 0.325, 0.5, 0.0, 0.525, 0.3399, positive
0.3047, 0.3832, 0.5205, 0.2505, 0.5, 0.0, 0.5137, 0.2732, positive
0.5677, 0.4977, 0.5746, 0.1692, 0.5, 0.0, 0.5, 0.3769, positive
0.4373, 0.3234, 0.5527, 0.1627, 0.5, 0.0, 0.4807, 0.22, positive
0.568, 0.508, 0.576, 0.228, 0.5, 0.0, 0.514, 0.23, positive
0.3739, 0.3058, 0.4858, 0.1168, 0.5, 0.0, 0.3939, 0.2168, positive
0.4929, 0.5844, 0.5299, 0.2044, 0.5, 0.0, 0.52, 0.6313, positive
0.5074, 0.4813, 0.5723, 0.2149, 0.5, 0.0, 0.5013, 0.2761, positive
0.5424, 0.6406, 0.5019, 0.2762, 0.5, 0.0, 0.5481, 0.22, positive
0.4054, 0.5318, 0.6046, 0.201, 0.5, 0.0, 0.4836, 0.3354, positive
0.6176, 0.4888, 0.5337, 0.1037, 0.5, 0.0, 0.51, 0.235, positive
0.5854, 0.3574, 0.5818, 0.1528, 0.5, 0.0, 0.5064, 0.229, positive
0.4662, 0.4897, 0.5145, 0.2717, 0.5, 0.0, 0.4938, 0.3721, positive
0.4192, 0.5136, 0.5908, 0.2045, 0.5, 0.0, 0.4882, 0.33, positive
0.4362, 0.4111, 0.4789, 0.2649, 0.5, 0.0, 0.4538, 0.3051, positive
0.59, 0.5147, 0.4624, 0.2447, 0.5, 0.0, 0.4995, 0.31, positive
0.43, 0.4901, 0.5334, 0.1699, 0.5, 0.0, 0.4566, 0.2335, positive
0.4341, 0.5793, 0.5403, 0.29, 0.5, 0.0, 0.4838, 0.43, positive
0.4284, 0.417, 0.6107, 0.0984, 0.5, 0.0, 0.4977, 0.2677, positive
0.4604, 0.5504, 0.4845, 0.1904, 0.5, 0.0, 0.5264, 0.6409, positive
0.6904, 0.4804, 0.5834, 0.283, 0.5, 0.0, 0.5496, 0.253, positive
0.3898, 0.2747, 0.495, 0.155, 0.5, 0.0, 0.5199, 0.22, positive
0.4185, 0.6077, 0.5208, 0.2546, 0.5, 0.0, 0.4839, 0.22, positive
0.493, 0.5, 0.4765, 0.3226, 0.5, 0.0, 0.4991, 0.27, positive
0.4806, 0.6187, 0.5213, 0.3032, 0.5, 0.0, 0.5113, 0.3757, positive
0.5288, 0.4616, 0.5376, 0.3688, 0.5, 0.0, 0.5104, 0.2988, positive
0.5525, 0.5384, 0.5258, 0.1658, 0.5, 0.0, 0.5016, 0.39, positive
0.4355, 0.7314, 0.5171, 0.1781, 0.5, 0.0, 0.4755, 0.3507, positive
0.5473, 0.4985, 0.5273, 0.1331, 0.5, 0.0, 0.4958, 0.3754, positive
0.4931, 0.3686, 0.5086, 0.1771, 0.5, 0.0, 0.5127, 0.6741, positive
0.427, 0.2273, 0.5188, 0.2515, 0.5, 0.0, 0.4312, 0.2582, positive
0.3778, 0.6215, 0.5139, 0.2819, 0.5, 0.0, 0.47, 0.4139, positive
0.8745, 0.5387, 0.5683, 0.2026, 0.5, 0.0, 0.4838, 0.2277, positive
0.54, 0.51, 0.55, 0.2125, 0.5, 0.0, 0.465, 0.22, positive
0.5658, 0.5026, 0.48, 0.1642, 0.5, 0.0, 0.489, 0.22, positive
0.5413, 0.5313, 0.534, 0.1766, 0.5, 0.0, 0.5087, 0.3873, positive
0.3931, 0.5144, 0.56, 0.2319, 0.5, 0.0, 0.48, 0.3144, positive
0.3562, 0.4328, 0.4781, 0.0919, 0.5, 0.0, 0.4824, 0.4733, positive
0.3396, 0.39, 0.5264, 0.1124, 0.5, 0.0, 0.4796, 0.28, positive
0.5118, 0.523, 0.5452, 0.2204, 0.5, 0.0, 0.4448, 0.22, positive
0.4391, 0.351, 0.5909, 0.1491, 0.5, 0.0, 0.1734, 0.2581, positive
0.5951, 0.3851, 0.5573, 0.1638, 0.5, 0.0, 0.4987, 0.22, positive
0.42, 0.28, 0.5007, 0.2253, 0.5, 0.0, 0.5393, 0.3026, positive
0.5249, 0.5901, 0.5099, 0.2101, 0.5, 0.0, 0.5548, 0.6398, positive
0.3295, 0.3061, 0.5244, 0.1839, 0.5, 0.0, 0.5317, 0.2939, positive
0.507, 0.34, 0.5079, 0.1749, 0.5, 0.0, 0.5181, 0.213, positive
0.595, 0.478, 0.442, 0.499, 0.5, 0.0, 0.544, 0.615, positive
0.3279, 0.3905, 0.5189, 0.0937, 0.5, 0.0, 0.4721, 0.2832, positive
0.3808, 0.5833, 0.455, 0.21, 0.5, 0.0, 0.52, 0.2217, positive
0.4135, 0.2294, 0.5577, 0.2742, 0.5, 0.0, 0.4313, 0.2377, positive
0.3483, 0.4009, 0.4417, 0.2465, 0.5, 0.0, 0.5283, 0.5683, positive
0.3229, 0.3932, 0.5629, 0.2606, 0.5, 0.0, 0.4632, 0.3294, positive
0.5234, 0.5603, 0.5048, 0.1334, 0.5, 0.0, 0.5152, 0.4248, positive
0.43, 0.3504, 0.5347, 0.2548, 0.5, 0.0, 0.4649, 0.3004, positive
0.5675, 0.5108, 0.5767, 0.2183, 0.5, 0.0, 0.5133, 0.2225, positive
0.4728, 0.3179, 0.5757, 0.1679, 0.5, 0.0, 0.5972, 0.2436, positive
0.4127, 0.5189, 0.5568, 0.2611, 0.5, 0.0, 0.4811, 0.3227, positive
0.3409, 0.4556, 0.5344, 0.3228, 0.5, 0.0, 0.4934, 0.5413, positive
0.4886, 0.4886, 0.5186, 0.1807, 0.5, 0.0, 0.51, 0.2507, positive
0.311, 0.4195, 0.479, 0.1721, 0.5, 0.0, 0.491, 0.531, positive
0.3974, 0.2853, 0.501, 0.0758, 0.5, 0.0, 0.5005, 0.4095, positive
0.4627, 0.3482, 0.5682, 0.1645, 0.5, 0.0, 0.4991, 0.22, positive
0.2429, 0.4071, 0.4847, 0.1571, 0.5, 0.0, 0.5247, 0.3506, positive
0.3787, 0.3694, 0.5616, 0.2094, 0.5, 0.0, 0.4909, 0.2209, positive
0.5553, 0.5533, 0.5167, 0.1486, 0.5, 0.0, 0.4949, 0.3949, positive
0.5552, 0.61, 0.52, 0.1932, 0.5, 0.0, 0.5248, 0.3168, positive
0.5441, 0.6356, 0.517, 0.213, 0.5, 0.0, 0.503, 0.6057, positive
0.3745, 0.3267, 0.4745, 0.1778, 0.5, 0.0, 0.4589, 0.2433, positive
0.3579, 0.424, 0.5838, 0.276, 0.5, 0.0, 0.474, 0.22, positive
0.4722, 0.4343, 0.4854, 0.16, 0.5, 0.0, 0.4622, 0.27, positive
0.5471, 0.5385, 0.5556, 0.2127, 0.5, 0.0, 0.4985, 0.37, positive
0.4484, 0.3984, 0.6091, 0.1058, 0.5, 0.0, 0.4858, 0.2433, positive
0.5241, 0.4845, 0.5886, 0.2155, 0.5, 0.0, 0.4727, 0.22, positive
0.5476, 0.484, 0.4524, 0.1848, 0.5, 0.0, 0.4948, 0.22, positive
0.5071, 0.4642, 0.4947, 0.1405, 0.5, 0.0, 0.5358, 0.4253, positive
0.4355, 0.2874, 0.5245, 0.3345, 0.5, 0.0, 0.5509, 0.5672, positive
0.4882, 0.4496, 0.5818, 0.4426, 0.5, 0.0, 0.5274, 0.27, positive
0.4875, 0.3165, 0.612, 0.251, 0.5, 0.0, 0.602, 0.22, positive
0.8181, 0.5304, 0.59, 0.2241, 0.5, 0.0, 0.4945, 0.22, positive
0.4878, 0.3676, 0.5076, 0.1787, 0.5, 0.0, 0.5149, 0.6773, positive
0.47, 0.4371, 0.5153, 0.1741, 0.5, 0.0, 0.4671, 0.2841, positive
0.5349, 0.3626, 0.615, 0.12, 0.5, 0.0, 0.4249, 0.2924, positive
0.5932, 0.3832, 0.5602, 0.1633, 0.5, 0.0, 0.5001, 0.22, positive
0.5513, 0.5996, 0.5417, 0.1913, 0.5, 0.0, 0.3878, 0.2557, positive
0.5173, 0.4473, 0.54, 0.3751, 0.5, 0.0, 0.51, 0.2797, positive
0.4881, 0.5, 0.4741, 0.3103, 0.5, 0.0, 0.4843, 0.27, positive
0.3004, 0.3948, 0.487, 0.1678, 0.5, 0.0, 0.5178, 0.3478, positive
0.553, 0.4993, 0.5377, 0.1547, 0.5, 0.0, 0.4977, 0.3547, positive
0.5682, 0.5571, 0.5153, 0.18, 0.5, 0.0, 0.5047, 0.4353, positive
0.3953, 0.3828, 0.5626, 0.2126, 0.5, 0.0, 0.4926, 0.2277, positive
0.5104, 0.3291, 0.5696, 0.1632, 0.5, 0.0, 0.5372, 0.22, positive
0.3624, 0.2543, 0.4948, 0.1576, 0.5, 0.0, 0.5266, 0.2295, positive
0.432, 0.326, 0.53, 0.18, 0.5, 0.0, 0.498, 0.22, positive
0.5348, 0.5339, 0.5543, 0.1957, 0.5, 0.0, 0.45, 0.2343, positive
0.3792, 0.2641, 0.5942, 0.105, 0.5, 0.0, 0.4841, 0.44, positive
0.5536, 0.6241, 0.4728, 0.2524, 0.5, 0.0, 0.5453, 0.2623, positive
0.3593, 0.3891, 0.5502, 0.2585, 0.5, 0.0, 0.4902, 0.22, positive
0.2945, 0.3711, 0.5522, 0.2778, 0.5, 0.0, 0.5466, 0.2878, positive
0.4161, 0.49, 0.5429, 0.2365, 0.5, 0.0, 0.4529, 0.2471, positive
0.3983, 0.5283, 0.6074, 0.21, 0.5, 0.0, 0.483, 0.33, positive
0.5308, 0.53, 0.53, 0.17, 0.5, 0.0, 0.4915, 0.3715, positive
0.4608, 0.32, 0.5849, 0.1805, 0.5, 0.0, 0.6116, 0.2476, positive
0.4275, 0.32, 0.5448, 0.2548, 0.5, 0.0, 0.4801, 0.2574, positive
0.5652, 0.5991, 0.533, 0.1378, 0.5, 0.0, 0.4961, 0.22, positive
0.5323, 0.61, 0.52, 0.2085, 0.5, 0.0, 0.5477, 0.3015, positive
0.68, 0.6134, 0.5033, 0.0166, 0.9169, 0.0, 0.4783, 0.2383, positive
0.3297, 0.4597, 0.53, 0.2903, 0.5, 0.0, 0.4999, 0.55, positive
0.4446, 0.3162, 0.5493, 0.1623, 0.5, 0.0, 0.5793, 0.2385, positive
0.3763, 0.5484, 0.6205, 0.2021, 0.5, 0.0, 0.4747, 0.3011, positive
0.4408, 0.65, 0.4917, 0.1608, 0.5, 0.0, 0.4808, 0.3024, positive
0.4988, 0.4979, 0.4812, 0.3396, 0.5, 0.0, 0.5175, 0.2696, positive
0.5511, 0.4932, 0.4532, 0.1789, 0.5, 0.0, 0.4868, 0.22, positive
0.4699, 0.3331, 0.4901, 0.3001, 0.5, 0.0, 0.5566, 0.5501, positive
0.4168, 0.5285, 0.5117, 0.2183, 0.5, 0.0, 0.5234, 0.4298, positive
0.4071, 0.2929, 0.57, 0.1477, 0.5, 0.0, 0.4459, 0.22, positive
0.5339, 0.5361, 0.4494, 0.1645, 0.5, 0.0, 0.5145, 0.3178, positive
0.3546, 0.4223, 0.5738, 0.2777, 0.5, 0.0, 0.4723, 0.22, positive
0.4027, 0.4347, 0.486, 0.2287, 0.5, 0.0, 0.524, 0.5653, positive
0.5444, 0.51, 0.5544, 0.2136, 0.5, 0.0, 0.4716, 0.22, positive
0.4374, 0.417, 0.473, 0.2696, 0.5, 0.0, 0.4526, 0.3004, positive
0.3728, 0.3673, 0.6045, 0.2073, 0.5, 0.0, 0.52, 0.3145, positive
0.4026, 0.4003, 0.4432, 0.3706, 0.5, 0.0, 0.5294, 0.249, positive
0.566, 0.5156, 0.602, 0.1916, 0.5, 0.0, 0.4972, 0.406, positive
0.3759, 0.5594, 0.46, 0.2182, 0.5, 0.0, 0.4994, 0.22, positive
0.4821, 0.476, 0.506, 0.2021, 0.5, 0.0, 0.5221, 0.2359, positive
0.4923, 0.4908, 0.5192, 0.1815, 0.5, 0.0, 0.51, 0.2477, positive
0.4875, 0.4092, 0.5, 0.1617, 0.5, 0.0, 0.4725, 0.47, positive
0.47, 0.5542, 0.5449, 0.1826, 0.5, 0.0, 0.52, 0.6307, positive
0.4176, 0.3132, 0.4992, 0.1516, 0.5, 0.0, 0.5268, 0.22, positive
0.4352, 0.3501, 0.5025, 0.1851, 0.5, 0.0, 0.5275, 0.7197, positive
0.48, 0.6022, 0.5289, 0.2978, 0.5, 0.0, 0.51, 0.3833, positive
0.5808, 0.5816, 0.564, 0.1244, 0.5, 0.0, 0.5148, 0.244, positive
0.3707, 0.3391, 0.5799, 0.2391, 0.5, 0.0, 0.4397, 0.1806, positive
0.4375, 0.5513, 0.5574, 0.1788, 0.5, 0.0, 0.5151, 0.3675, positive
0.595, 0.5, 0.425, 0.4874, 0.5, 0.0, 0.54, 0.615, positive
0.5018, 0.4939, 0.5161, 0.1879, 0.5, 0.0, 0.51, 0.2382, positive
0.47, 0.4649, 0.5383, 0.1883, 0.5, 0.0, 0.5032, 0.3232, positive
0.4781, 0.6168, 0.52, 0.2943, 0.5, 0.0, 0.5119, 0.3706, positive
0.7256, 0.5229, 0.5885, 0.2485, 0.5, 0.0, 0.5096, 0.2211, positive
0.2554, 0.4, 0.5173, 0.1513, 0.5, 0.0, 0.5533, 0.288, positive
0.2801, 0.4099, 0.4605, 0.1797, 0.5, 0.0, 0.4705, 0.3893, positive
0.4715, 0.4715, 0.5015, 0.1892, 0.5, 0.0, 0.51, 0.2592, positive
0.47, 0.4331, 0.4954, 0.1662, 0.5, 0.0, 0.4631, 0.2762, positive
0.4353, 0.4107, 0.6107, 0.1493, 0.5, 0.0, 0.5407, 0.3793, positive
0.55, 0.6622, 0.4957, 0.2774, 0.5, 0.0, 0.5465, 0.22, positive
0.5634, 0.4617, 0.5732, 0.1183, 0.5, 0.0, 0.5141, 0.26, positive
0.371, 0.501, 0.5664, 0.21, 0.5, 0.0, 0.5308, 0.33, positive
0.4449, 0.5146, 0.5524, 0.2424, 0.5, 0.0, 0.4679, 0.22, positive
0.6262, 0.6027, 0.5662, 0.1378, 0.5, 0.0, 0.5049, 0.33, positive
0.4879, 0.5877, 0.5441, 0.3377, 0.5, 0.0, 0.5259, 0.4538, positive
0.565, 0.4799, 0.6025, 0.2575, 0.5, 0.0, 0.5125, 0.22, positive
0.2885, 0.4127, 0.4755, 0.129, 0.5, 0.0, 0.5408, 0.6718, positive
0.2983, 0.3859, 0.4766, 0.3434, 0.5, 0.0, 0.5141, 0.2304, positive
0.4178, 0.28, 0.5263, 0.3473, 0.5, 0.0, 0.539, 0.5749, positive
0.423, 0.6103, 0.5227, 0.2578, 0.5, 0.0, 0.4851, 0.22, positive
0.4291, 0.2786, 0.5328, 0.3447, 0.5, 0.0, 0.5523, 0.5756, positive
0.4154, 0.3954, 0.4588, 0.34, 0.5, 0.0, 0.4827, 0.3678, positive
0.4798, 0.4504, 0.5889, 0.1998, 0.5, 0.0, 0.5784, 0.3398, positive
0.57, 0.5702, 0.5399, 0.1801, 0.5, 0.0, 0.34, 0.2401, positive
0.391, 0.2876, 0.559, 0.2505, 0.5, 0.0, 0.4243, 0.201, positive
0.5145, 0.4982, 0.5118, 0.1963, 0.5, 0.0, 0.51, 0.2255, positive
0.3894, 0.3362, 0.6787, 0.3016, 0.5, 0.0, 0.499, 0.2878, positive
0.3129, 0.3921, 0.4558, 0.3621, 0.5, 0.0, 0.5142, 0.2262, positive
0.4213, 0.4518, 0.55, 0.4341, 0.5, 0.0, 0.5172, 0.4333, positive
0.5395, 0.6237, 0.5274, 0.1942, 0.5, 0.0, 0.4968, 0.5958, positive
0.7431, 0.5322, 0.4566, 0.2157, 0.5, 0.0, 0.5035, 0.2671, positive
0.2756, 0.4, 0.5072, 0.1564, 0.5, 0.0, 0.528, 0.3184, positive
0.4334, 0.2419, 0.5497, 0.2619, 0.5, 0.0, 0.4178, 0.2278, positive
0.379, 0.5752, 0.46, 0.2119, 0.5, 0.0, 0.5152, 0.22, positive
0.4653, 0.673, 0.5215, 0.1547, 0.5, 0.0, 0.5244, 0.22, positive
0.288, 0.6796, 0.4725, 0.2577, 0.5, 0.0, 0.4647, 0.3677, positive
0.5622, 0.5461, 0.5357, 0.1835, 0.5, 0.0, 0.4939, 0.3822, positive
0.3318, 0.3064, 0.5291, 0.1691, 0.5, 0.0, 0.5418, 0.2791, positive
0.4311, 0.3211, 0.5277, 0.1555, 0.5, 0.0, 0.5078, 0.22, positive
0.2964, 0.68, 0.4691, 0.2509, 0.5, 0.0, 0.4755, 0.3618, positive
0.3009, 0.3945, 0.4863, 0.1682, 0.5, 0.0, 0.5182, 0.3482, positive
0.4016, 0.4255, 0.5975, 0.2475, 0.5, 0.0, 0.489, 0.2335, positive
0.5255, 0.4555, 0.54, 0.3718, 0.5, 0.0, 0.51, 0.2928, positive
0.277, 0.4249, 0.4779, 0.177, 0.5, 0.0, 0.476, 0.4049, positive
0.324, 0.383, 0.536, 0.266, 0.5, 0.0, 0.5019, 0.2821, positive
0.6061, 0.6119, 0.5461, 0.108, 0.5, 0.0, 0.512, 0.2424, positive
0.557, 0.51, 0.5508, 0.183, 0.5, 0.0, 0.3905, 0.22, positive
0.31, 0.3979, 0.5468, 0.2721, 0.5, 0.0, 0.4679, 0.3116, positive
0.4207, 0.376, 0.5226, 0.2887, 0.5, 0.0, 0.4233, 0.2233, positive
0.54, 0.5714, 0.5509, 0.1795, 0.5, 0.0, 0.4972, 0.22, positive
0.381, 0.3938, 0.5962, 0.2262, 0.5, 0.0, 0.501, 0.3328, positive
0.2342, 0.3379, 0.4246, 0.2591, 0.5, 0.0, 0.4833, 0.2825, positive
0.3626, 0.58, 0.5064, 0.181, 0.5, 0.0, 0.5142, 0.22, positive
0.3315, 0.4093, 0.4585, 0.213, 0.5, 0.0, 0.5115, 0.5515, positive
0.3392, 0.3352, 0.4724, 0.331, 0.5, 0.0, 0.4922, 0.5916, positive
0.3251, 0.6332, 0.47, 0.184, 0.5, 0.0, 0.4992, 0.4051, positive
0.472, 0.48, 0.528, 0.264, 0.5, 0.0, 0.488, 0.374, positive
0.6091, 0.6079, 0.5491, 0.107, 0.5, 0.0, 0.513, 0.2533, positive
0.3118, 0.3082, 0.5618, 0.339, 0.5, 0.0, 0.5164, 0.3156, positive
0.5139, 0.5112, 0.6021, 0.2221, 0.5, 0.0, 0.4548, 0.22, positive
0.3423, 0.3665, 0.5559, 0.2188, 0.5, 0.0, 0.4959, 0.22, positive
0.4938, 0.48, 0.5225, 0.2101, 0.5, 0.0, 0.5487, 0.22, positive
0.51, 0.4364, 0.5703, 0.2345, 0.5, 0.0, 0.5048, 0.3042, positive
0.7, 0.518, 0.4501, 0.232, 0.5, 0.0, 0.522, 0.2619, positive
0.5888, 0.4755, 0.4445, 0.473, 0.5, 0.0, 0.549, 0.5964, positive
0.5682, 0.5571, 0.5236, 0.1636, 0.5, 0.0, 0.4882, 0.4025, positive
0.5531, 0.6196, 0.5373, 0.1896, 0.5, 0.0, 0.3745, 0.2462, positive
0.5935, 0.5404, 0.47, 0.2391, 0.5, 0.0, 0.5196, 0.3343, positive
0.5135, 0.2994, 0.5681, 0.2371, 0.5, 0.0, 0.4719, 0.2381, positive
0.2693, 0.3815, 0.4671, 0.18, 0.5, 0.0, 0.4522, 0.3686, positive
0.4394, 0.5732, 0.5147, 0.2015, 0.5, 0.0, 0.5379, 0.3853, positive
0.31, 0.4336, 0.5326, 0.2364, 0.5, 0.0, 0.5036, 0.3187, positive
0.5325, 0.5439, 0.6232, 0.2271, 0.5, 0.0, 0.5136, 0.4811, positive
0.5128, 0.6063, 0.5018, 0.2263, 0.5, 0.0, 0.5265, 0.6155, positive
0.4708, 0.3792, 0.4508, 0.2511, 0.5, 0.0, 0.5359, 0.5111, positive
0.4749, 0.4602, 0.5644, 0.1949, 0.5, 0.0, 0.5442, 0.3349, positive
0.3489, 0.4789, 0.5849, 0.1913, 0.5, 0.0, 0.4987, 0.2789, positive
0.3502, 0.39, 0.5699, 0.1101, 0.5, 0.0, 0.48, 0.22, positive
0.3687, 0.4366, 0.6187, 0.2687, 0.5, 0.0, 0.4826, 0.2121, positive
0.4542, 0.3842, 0.5824, 0.1792, 0.5, 0.0, 0.4417, 0.4517, positive
0.57, 0.4981, 0.5979, 0.2439, 0.5, 0.0, 0.516, 0.22, positive
0.3988, 0.531, 0.6105, 0.2096, 0.5, 0.0, 0.4797, 0.3285, positive
0.4476, 0.5307, 0.5368, 0.2576, 0.5, 0.0, 0.5146, 0.4346, positive
0.383, 0.37, 0.5623, 0.2092, 0.5, 0.0, 0.4923, 0.2253, positive
0.47, 0.4376, 0.5182, 0.1753, 0.5, 0.0, 0.4676, 0.2853, positive
0.35, 0.4176, 0.5528, 0.2776, 0.5, 0.0, 0.47, 0.2368, positive
0.3675, 0.2659, 0.5422, 0.4187, 0.5, 0.0, 0.5256, 0.6475, positive
0.3384, 0.39, 0.5256, 0.1096, 0.5, 0.0, 0.4784, 0.28, positive
0.3606, 0.245, 0.4888, 0.1612, 0.5, 0.0, 0.5063, 0.2219, positive
0.3903, 0.4356, 0.5544, 0.4459, 0.5, 0.0, 0.4789, 0.5292, positive
0.31, 0.676, 0.4727, 0.2467, 0.5, 0.0, 0.4713, 0.362, positive
0.4488, 0.3169, 0.5381, 0.295, 0.5, 0.0, 0.4825, 0.2763, positive
0.3678, 0.4853, 0.5562, 0.2069, 0.5, 0.0, 0.5547, 0.3207, positive
0.355, 0.4875, 0.53, 0.205, 0.5, 0.0, 0.5375, 0.3225, positive
0.25, 0.3997, 0.5194, 0.1524, 0.5, 0.0, 0.5582, 0.28, positive
0.4787, 0.5294, 0.5587, 0.2887, 0.5, 0.0, 0.5007, 0.434, positive
0.3059, 0.3821, 0.4918, 0.3282, 0.5, 0.0, 0.5179, 0.2399, positive
0.3163, 0.4979, 0.5358, 0.3137, 0.5, 0.0, 0.529, 0.3184, positive
0.2721, 0.389, 0.4653, 0.18, 0.5, 0.0, 0.4569, 0.3742, positive
0.3037, 0.3736, 0.61, 0.1046, 0.5, 0.0, 0.5164, 0.5609, positive
0.3951, 0.39, 0.5531, 0.1269, 0.5, 0.0, 0.4744, 0.22, positive
0.57, 0.4918, 0.6073, 0.2564, 0.5, 0.0, 0.5191, 0.22, positive
0.4747, 0.4723, 0.5023, 0.1947, 0.5, 0.0, 0.5147, 0.2507, positive
0.4871, 0.3166, 0.6126, 0.252, 0.5, 0.0, 0.6026, 0.22, positive
0.576, 0.4704, 0.4496, 0.4193, 0.5, 0.0, 0.5592, 0.5581, positive
0.5517, 0.5066, 0.5151, 0.1458, 0.5, 0.0, 0.4958, 0.3417, positive
0.6437, 0.4495, 0.5932, 0.2789, 0.5, 0.0, 0.5989, 0.2832, positive
0.4188, 0.4633, 0.53, 0.1744, 0.5, 0.0, 0.4879, 0.2367, positive
0.5544, 0.5031, 0.4631, 0.1756, 0.5, 0.0, 0.4769, 0.22, positive
0.6152, 0.5662, 0.5883, 0.2011, 0.5, 0.0, 0.5152, 0.4824, positive
0.557, 0.494, 0.539, 0.152, 0.5, 0.0, 0.499, 0.352, positive
0.2994, 0.1965, 0.6557, 0.3539, 0.5, 0.0, 0.4778, 0.2161, positive
0.3527, 0.39, 0.5351, 0.1429, 0.5, 0.0, 0.4927, 0.28, positive
0.5601, 0.52, 0.5802, 0.1851, 0.5, 0.0, 0.505, 0.4051, positive
0.5167, 0.3199, 0.5369, 0.16, 0.5, 0.0, 0.5434, 0.2167, positive
0.4187, 0.3093, 0.5046, 0.1487, 0.5, 0.0, 0.5254, 0.22, positive
0.5598, 0.6105, 0.5203, 0.1897, 0.5, 0.0, 0.5204, 0.3201, positive
0.3058, 0.68, 0.4677, 0.2375, 0.5, 0.0, 0.4835, 0.3497, positive
0.5873, 0.56, 0.5017, 0.2317, 0.5, 0.0, 0.5444, 0.361, positive
0.4502, 0.4002, 0.6044, 0.1049, 0.5, 0.0, 0.4849, 0.2395, positive
0.4288, 0.3253, 0.6109, 0.1291, 0.5, 0.0, 0.1637, 0.2709, positive
0.3461, 0.3767, 0.4516, 0.2791, 0.5, 0.0, 0.5164, 0.5778, positive
0.3417, 0.305, 0.6022, 0.3689, 0.5, 0.0, 0.4983, 0.2955, positive
0.5952, 0.5116, 0.5816, 0.2247, 0.5, 0.0, 0.51, 0.22, positive
0.5685, 0.549, 0.5205, 0.1605, 0.5, 0.0, 0.491, 0.39, positive
0.6874, 0.6195, 0.4907, 0.0027, 0.9909, 0.0, 0.4704, 0.22, positive
0.403, 0.5118, 0.4582, 0.1679, 0.5, 0.0, 0.537, 0.3282, positive
0.5298, 0.46, 0.54, 0.3702, 0.5, 0.0, 0.5101, 0.3002, positive
0.491, 0.4921, 0.52, 0.1707, 0.5, 0.0, 0.5069, 0.25, positive
0.4275, 0.5392, 0.5825, 0.1641, 0.5, 0.0, 0.4983, 0.3575, positive
0.34, 0.3401, 0.61, 0.1801, 0.5, 0.0, 0.52, 0.3196, positive
0.47, 0.5502, 0.5685, 0.1707, 0.5, 0.0, 0.52, 0.6583, positive
0.5217, 0.51, 0.5417, 0.0611, 0.5, 0.0, 0.4583, 0.25, positive
0.3378, 0.2093, 0.6472, 0.3518, 0.5, 0.0, 0.4736, 0.2182, positive
0.3068, 0.3939, 0.4546, 0.1854, 0.5, 0.0, 0.5075, 0.3793, positive
0.5648, 0.5709, 0.5252, 0.16, 0.5, 0.0, 0.3592, 0.4057, positive
0.2965, 0.3984, 0.5032, 0.1487, 0.5, 0.0, 0.5035, 0.3303, positive
0.4382, 0.4779, 0.5238, 0.1821, 0.5, 0.0, 0.4703, 0.2282, positive
0.5016, 0.4284, 0.5006, 0.1697, 0.5, 0.0, 0.461, 0.4754, positive
0.4855, 0.4155, 0.526, 0.1729, 0.5, 0.0, 0.4542, 0.4642, positive
0.51, 0.6, 0.5239, 0.232, 0.5, 0.0, 0.52, 0.59, positive
0.3379, 0.39, 0.5253, 0.1085, 0.5, 0.0, 0.4779, 0.28, positive
0.4753, 0.5423, 0.423, 0.2994, 0.5, 0.0, 0.4835, 0.3123, positive
0.6037, 0.6063, 0.5671, 0.1146, 0.5, 0.0, 0.5346, 0.33, positive
0.53, 0.5254, 0.5254, 0.1561, 0.5, 0.0, 0.49, 0.3793, positive
0.5574, 0.61, 0.52, 0.1917, 0.5, 0.0, 0.5226, 0.3183, positive
0.5601, 0.4804, 0.58, 0.2348, 0.5, 0.0, 0.5001, 0.22, positive
0.5586, 0.6141, 0.5227, 0.1873, 0.5, 0.0, 0.5234, 0.3207, positive
0.4968, 0.3496, 0.5628, 0.1972, 0.5, 0.0, 0.4964, 0.22, positive
0.3719, 0.5019, 0.5559, 0.21, 0.5, 0.0, 0.5084, 0.3181, positive
0.4726, 0.5, 0.4811, 0.2863, 0.5, 0.0, 0.4748, 0.3069, positive
0.3755, 0.3564, 0.5691, 0.2236, 0.5, 0.0, 0.4673, 0.2018, positive
0.5645, 0.5065, 0.48, 0.1655, 0.5, 0.0, 0.4826, 0.22, positive
0.7239, 0.518, 0.5658, 0.248, 0.5, 0.0, 0.514, 0.2261, positive
0.6268, 0.5989, 0.5668, 0.1315, 0.5, 0.0, 0.5074, 0.33, positive
0.4744, 0.3191, 0.633, 0.2877, 0.5, 0.0, 0.623, 0.22, positive
0.57, 0.5072, 0.5842, 0.2256, 0.5, 0.0, 0.5114, 0.22, positive
0.3702, 0.43, 0.6199, 0.2699, 0.5, 0.0, 0.4801, 0.2201, positive
0.3765, 0.58, 0.4693, 0.2042, 0.5, 0.0, 0.5188, 0.22, positive
0.4211, 0.4289, 0.4447, 0.1395, 0.5, 0.0, 0.5089, 0.4484, positive
0.54, 0.5842, 0.57, 0.1739, 0.5, 0.0, 0.4439, 0.2318, positive
0.3741, 0.3118, 0.4679, 0.1677, 0.5, 0.0, 0.4418, 0.2438, positive
0.35, 0.4185, 0.5555, 0.2785, 0.5, 0.0, 0.47, 0.2304, positive
0.3703, 0.3695, 0.4629, 0.2729, 0.5, 0.0, 0.5351, 0.57, positive
0.6155, 0.4918, 0.5423, 0.1, 0.5, 0.0, 0.4896, 0.2323, positive
0.3903, 0.3497, 0.4901, 0.1704, 0.5, 0.0, 0.4902, 0.22, positive
0.3521, 0.39, 0.5638, 0.1203, 0.5, 0.0, 0.4841, 0.2323, positive
0.3252, 0.3976, 0.5424, 0.2762, 0.5, 0.0, 0.4638, 0.3024, positive
0.4359, 0.3807, 0.5137, 0.2407, 0.5, 0.0, 0.4637, 0.33, positive
0.3533, 0.5856, 0.5418, 0.2089, 0.5, 0.0, 0.4672, 0.22, positive
0.42, 0.2819, 0.4905, 0.2195, 0.5, 0.0, 0.5481, 0.3342, positive
0.4678, 0.4256, 0.4734, 0.1753, 0.5, 0.0, 0.4644, 0.2591, positive
0.455, 0.3325, 0.55, 0.1725, 0.5, 0.0, 0.49, 0.22, positive
0.438, 0.6861, 0.502, 0.168, 0.5, 0.0, 0.478, 0.328, positive
0.4024, 0.53, 0.4329, 0.1729, 0.5, 0.0, 0.54, 0.2959, positive
0.4827, 0.4537, 0.5627, 0.2546, 0.5, 0.0, 0.459, 0.4093, positive
0.4454, 0.6592, 0.5036, 0.1654, 0.5, 0.0, 0.49, 0.22, positive
0.4779, 0.431, 0.5237, 0.2321, 0.5, 0.0, 0.3179, 0.22, positive
0.4837, 0.4573, 0.5141, 0.16, 0.5, 0.0, 0.4737, 0.27, positive
0.4, 0.4181, 0.4626, 0.4152, 0.5, 0.0, 0.5119, 0.259, positive
0.4258, 0.3742, 0.4543, 0.3643, 0.5, 0.0, 0.5243, 0.2614, positive
0.565, 0.489, 0.603, 0.262, 0.5, 0.0, 0.522, 0.22, positive
0.2924, 0.155, 0.5162, 0.1413, 0.5, 0.0, 0.5175, 0.6598, positive
0.3668, 0.4692, 0.5346, 0.267, 0.5, 0.0, 0.4402, 0.5316, positive
0.5644, 0.5163, 0.5312, 0.1544, 0.5, 0.0, 0.4956, 0.3675, positive
0.5027, 0.3446, 0.5773, 0.1658, 0.5, 0.0, 0.5269, 0.22, positive
0.37, 0.5478, 0.4742, 0.2264, 0.5, 0.0, 0.47, 0.22, positive
0.3874, 0.4626, 0.5461, 0.2139, 0.5, 0.0, 0.5578, 0.33, positive
0.5647, 0.5047, 0.5694, 0.2413, 0.5, 0.0, 0.5206, 0.2466, positive
0.5433, 0.3787, 0.5187, 0.162, 0.5, 0.0, 0.4927, 0.644, positive
0.5717, 0.6563, 0.5308, 0.1992, 0.5, 0.0, 0.4892, 0.6023, positive
0.4009, 0.4037, 0.5551, 0.138, 0.5, 0.0, 0.4954, 0.6283, positive
0.3429, 0.3843, 0.5386, 0.26, 0.5, 0.0, 0.5071, 0.2484, positive
0.3967, 0.2867, 0.5066, 0.08, 0.5, 0.0, 0.5033, 0.4067, positive
0.5, 0.4354, 0.4973, 0.1646, 0.5, 0.0, 0.4843, 0.4592, positive
0.4323, 0.3131, 0.5245, 0.1561, 0.5, 0.0, 0.5545, 0.2292, positive
0.385, 0.4833, 0.5, 0.2633, 0.5, 0.0, 0.5167, 0.3867, positive
0.5361, 0.5276, 0.5421, 0.1736, 0.5, 0.0, 0.4912, 0.3761, positive
0.5952, 0.4496, 0.5002, 0.165, 0.5, 0.0, 0.4949, 0.22, positive
0.4722, 0.4674, 0.5797, 0.4152, 0.5, 0.0, 0.5574, 0.2984, positive
0.51, 0.34, 0.4901, 0.1601, 0.5, 0.0, 0.5299, 0.21, positive
0.58, 0.48, 0.56, 0.115, 0.5, 0.0, 0.46, 0.25, positive
0.5378, 0.53, 0.4911, 0.1466, 0.5, 0.0, 0.49, 0.3389, positive
0.3557, 0.3871, 0.5486, 0.2629, 0.5, 0.0, 0.4957, 0.2272, positive
0.3341, 0.282, 0.5077, 0.148, 0.5, 0.0, 0.5161, 0.8191, positive
0.5829, 0.5514, 0.5057, 0.2529, 0.5, 0.0, 0.5586, 0.3386, positive
0.4351, 0.4901, 0.5401, 0.2104, 0.5, 0.0, 0.4701, 0.22, positive
0.2741, 0.4559, 0.5159, 0.17, 0.5, 0.0, 0.49, 0.4493, positive
0.25, 0.3954, 0.5107, 0.1871, 0.5, 0.0, 0.5322, 0.28, positive
0.8924, 0.5589, 0.5711, 0.272, 0.5, 0.0, 0.4535, 0.2503, positive
0.468, 0.4226, 0.5209, 0.242, 0.5, 0.0, 0.3348, 0.22, positive
0.406, 0.6005, 0.5154, 0.2457, 0.5, 0.0, 0.4803, 0.22, positive
0.31, 0.3718, 0.5523, 0.2914, 0.5, 0.0, 0.4737, 0.3146, positive
0.4296, 0.5098, 0.5399, 0.151, 0.5, 0.0, 0.4499, 0.26, positive
0.4713, 0.5226, 0.5339, 0.2857, 0.5, 0.0, 0.5057, 0.4039, positive
0.5472, 0.5815, 0.5414, 0.1585, 0.5, 0.0, 0.4786, 0.2285, positive
0.436, 0.412, 0.612, 0.148, 0.5, 0.0, 0.542, 0.378, positive
0.2258, 0.4017, 0.546, 0.1465, 0.5, 0.0, 0.5409, 0.2817, positive
0.5955, 0.6237, 0.54, 0.1108, 0.5, 0.0, 0.5129, 0.22, positive
0.4308, 0.6394, 0.3674, 0.1997, 0.5, 0.0, 0.5406, 0.2669, positive
0.4732, 0.4677, 0.5809, 0.4145, 0.5, 0.0, 0.5577, 0.295, positive
0.5485, 0.4881, 0.6073, 0.1342, 0.5, 0.0, 0.52, 0.2642, positive
0.5373, 0.3598, 0.6142, 0.12, 0.5, 0.0, 0.4273, 0.2944, positive
0.6031, 0.4877, 0.5484, 0.1, 0.5, 0.0, 0.4793, 0.2384, positive
0.3972, 0.6489, 0.3567, 0.21, 0.5, 0.0, 0.52, 0.2544, positive
0.486, 0.364, 0.466, 0.274, 0.5, 0.0, 0.555, 0.534, positive
0.4851, 0.4572, 0.5849, 0.4305, 0.5, 0.0, 0.5395, 0.27, positive
0.4073, 0.4255, 0.5136, 0.1919, 0.5, 0.0, 0.4964, 0.5745, positive
0.4385, 0.4559, 0.59, 0.1941, 0.5, 0.0, 0.58, 0.2985, positive
0.558, 0.4941, 0.539, 0.152, 0.5, 0.0, 0.501, 0.3541, positive
0.5784, 0.5641, 0.52, 0.2451, 0.5, 0.0, 0.5659, 0.3476, positive
0.3307, 0.39, 0.5205, 0.0916, 0.5, 0.0, 0.4707, 0.28, positive
