@relation yeast1
@attribute Mcg real [0.11, 1.0]
@attribute Gvh real [0.13, 1.0]
@attribute Alm real [0.21, 1.0]
@attribute Mit real [0.0, 1.0]
@attribute Erl real [0.5, 1.0]
@attribute Pox real [0.0, 0.83]
@attribute Vac real [0.0, 0.73]
@attribute Nuc real [0.0, 1.0]
@attribute Class {positive,negative}
@inputs Mcg, Gvh, Alm, Mit, Erl, Pox, Vac, Nuc
@outputs Class
@data
0.58, 0.61, 0.47, 0.13, 0.5, 0.0, 0.48, 0.22, negative
0.43, 0.67, 0.48, 0.27, 0.5, 0.0, 0.53, 0.22, negative
0.58, 0.44, 0.57, 0.13, 0.5, 0.0, 0.54, 0.22, positive
0.42, 0.44, 0.48, 0.54, 0.5, 0.0, 0.48, 0.22, negative
0.51, 0.4, 0.56, 0.17, 0.5, 0.5, 0.49, 0.22, negative
0.5, 0.54, 0.48, 0.65, 0.5, 0.0, 0.53, 0.22, negative
0.48, 0.45, 0.59, 0.2, 0.5, 0.0, 0.58, 0.34, positive
0.55, 0.5, 0.66, 0.36, 0.5, 0.0, 0.49, 0.22, negative
0.4, 0.39, 0.6, 0.15, 0.5, 0.0, 0.58, 0.3, negative
0.43, 0.39, 0.54, 0.21, 0.5, 0.0, 0.53, 0.27, positive
0.42, 0.37, 0.59, 0.2, 0.5, 0.0, 0.52, 0.29, positive
0.4, 0.42, 0.57, 0.35, 0.5, 0.0, 0.53, 0.25, negative
0.6, 0.4, 0.52, 0.46, 0.5, 0.0, 0.53, 0.22, negative
0.66, 0.55, 0.45, 0.19, 0.5, 0.0, 0.46, 0.22, negative
0.46, 0.44, 0.52, 0.11, 0.5, 0.0, 0.5, 0.22, negative
0.58, 0.47, 0.54, 0.11, 0.5, 0.0, 0.51, 0.26, positive
0.5, 0.34, 0.55, 0.21, 0.5, 0.0, 0.49, 0.22, positive
0.61, 0.6, 0.55, 0.21, 0.5, 0.0, 0.5, 0.25, positive
0.45, 0.4, 0.5, 0.16, 0.5, 0.0, 0.5, 0.22, negative
0.73, 0.63, 0.42, 0.3, 0.5, 0.0, 0.49, 0.22, negative
0.46, 0.53, 0.52, 0.15, 0.5, 0.0, 0.58, 0.22, negative
0.51, 0.51, 0.52, 0.51, 0.5, 0.0, 0.54, 0.22, negative
0.59, 0.45, 0.53, 0.19, 0.5, 0.0, 0.59, 0.27, negative
0.57, 0.47, 0.6, 0.18, 0.5, 0.0, 0.51, 0.22, negative
0.63, 0.67, 0.57, 0.24, 0.5, 0.0, 0.49, 0.22, negative
0.8, 0.88, 0.36, 0.39, 0.5, 0.0, 0.56, 0.33, negative
0.51, 0.51, 0.43, 0.87, 0.5, 0.0, 0.52, 0.22, negative
0.38, 0.61, 0.61, 0.12, 0.5, 0.0, 0.53, 0.47, negative
0.33, 0.55, 0.51, 0.43, 0.5, 0.0, 0.51, 0.22, positive
0.78, 0.74, 0.42, 0.26, 0.5, 0.0, 0.43, 0.22, negative
0.74, 0.67, 0.47, 0.34, 0.5, 0.0, 0.42, 0.22, negative
0.72, 0.61, 0.45, 0.3, 0.5, 0.0, 0.54, 0.25, negative
0.4, 0.45, 0.57, 0.18, 0.5, 0.0, 0.56, 0.26, negative
0.59, 0.53, 0.43, 0.44, 0.5, 0.0, 0.5, 0.22, negative
0.57, 0.53, 0.53, 0.34, 0.5, 0.0, 0.53, 0.22, negative
0.86, 0.68, 0.39, 0.24, 0.5, 0.0, 0.54, 0.22, negative
0.86, 0.74, 0.51, 0.4, 0.5, 0.0, 0.55, 0.22, negative
0.79, 0.57, 0.41, 0.28, 0.5, 0.0, 0.59, 0.22, negative
0.41, 0.54, 0.39, 0.2, 0.5, 0.0, 0.51, 0.22, negative
0.37, 0.36, 0.56, 0.18, 0.5, 0.0, 0.48, 0.26, negative
0.53, 0.31, 0.58, 0.39, 0.5, 0.0, 0.47, 0.37, positive
0.74, 0.75, 0.58, 0.47, 0.5, 0.0, 0.4, 0.35, negative
0.49, 0.39, 0.52, 0.29, 0.5, 0.0, 0.48, 0.22, negative
0.74, 0.57, 0.51, 0.28, 0.5, 0.0, 0.58, 0.22, negative
0.48, 0.39, 0.51, 0.21, 0.5, 0.0, 0.52, 0.28, negative
0.41, 0.53, 0.45, 0.14, 0.5, 0.0, 0.52, 0.66, negative
0.45, 0.46, 0.55, 0.43, 0.5, 0.0, 0.55, 0.38, positive
0.64, 0.59, 0.56, 0.23, 0.5, 0.0, 0.46, 0.22, negative
0.64, 0.56, 0.56, 0.22, 0.5, 0.0, 0.45, 0.22, negative
0.66, 0.62, 0.49, 0.1, 0.5, 0.0, 0.49, 0.22, negative
0.53, 0.44, 0.51, 0.33, 0.5, 0.0, 0.55, 0.22, negative
0.38, 0.49, 0.53, 0.19, 0.5, 0.0, 0.5, 0.22, negative
0.45, 0.58, 0.48, 0.67, 0.5, 0.0, 0.52, 0.22, negative
0.43, 0.35, 0.52, 0.52, 0.5, 0.0, 0.54, 0.22, negative
0.41, 0.46, 0.59, 0.19, 0.5, 0.0, 0.58, 0.27, positive
0.54, 0.48, 0.44, 0.08, 0.5, 0.0, 0.52, 0.27, negative
0.6, 0.47, 0.45, 0.22, 0.5, 0.0, 0.51, 0.29, negative
0.34, 0.46, 0.57, 0.09, 0.5, 0.0, 0.55, 0.22, negative
0.48, 0.54, 0.55, 0.12, 0.5, 0.0, 0.51, 0.22, negative
0.47, 0.39, 0.59, 0.15, 0.5, 0.0, 0.57, 0.22, negative
0.81, 0.85, 0.47, 0.37, 0.5, 0.0, 0.56, 0.22, negative
0.48, 0.42, 0.52, 0.24, 0.5, 0.0, 0.56, 0.22, negative
0.58, 0.51, 0.49, 0.27, 0.5, 0.0, 0.57, 0.29, negative
0.6, 0.5, 0.44, 0.61, 0.5, 0.0, 0.47, 0.22, negative
0.49, 0.42, 0.56, 0.55, 0.5, 0.0, 0.42, 0.25, negative
0.5, 0.54, 0.53, 0.54, 0.5, 0.0, 0.51, 0.27, negative
0.63, 0.57, 0.59, 0.4, 0.5, 0.0, 0.38, 0.22, negative
0.43, 0.57, 0.51, 0.49, 0.5, 0.0, 0.48, 0.22, negative
0.48, 0.45, 0.55, 0.5, 0.5, 0.0, 0.53, 0.22, negative
0.54, 0.52, 0.63, 0.37, 0.5, 0.0, 0.46, 0.22, negative
0.67, 0.62, 0.4, 0.43, 0.5, 0.83, 0.5, 0.22, negative
0.28, 0.58, 0.21, 0.13, 0.5, 0.0, 0.51, 0.22, negative
0.39, 0.44, 0.35, 0.16, 0.5, 0.0, 0.55, 0.22, negative
0.8, 0.63, 0.45, 0.29, 0.5, 0.0, 0.51, 0.22, negative
0.5, 0.52, 0.59, 0.3, 0.5, 0.0, 0.51, 0.35, positive
0.42, 0.47, 0.52, 0.41, 0.5, 0.0, 0.53, 0.32, negative
0.36, 0.46, 0.62, 0.46, 0.5, 0.0, 0.51, 0.33, negative
0.4, 0.45, 0.56, 0.2, 0.5, 0.0, 0.45, 0.22, negative
0.33, 0.43, 0.64, 0.16, 0.5, 0.0, 0.52, 0.52, positive
0.49, 0.61, 0.49, 0.25, 0.5, 0.0, 0.5, 0.28, negative
0.38, 0.5, 0.37, 0.26, 0.5, 0.0, 0.43, 0.22, negative
0.69, 0.7, 0.52, 0.36, 0.5, 0.0, 0.46, 0.22, negative
0.61, 0.72, 0.39, 0.33, 0.5, 0.0, 0.58, 0.22, negative
0.78, 0.75, 0.4, 0.28, 0.5, 0.0, 0.53, 0.22, negative
0.64, 0.57, 0.57, 0.27, 0.5, 0.0, 0.37, 0.22, negative
0.36, 0.58, 0.35, 0.24, 0.5, 0.0, 0.44, 0.22, negative
0.47, 0.52, 0.5, 0.4, 0.5, 0.0, 0.41, 0.22, negative
0.48, 0.23, 0.57, 0.27, 0.5, 0.0, 0.48, 0.47, positive
0.44, 0.59, 0.36, 0.16, 0.5, 0.0, 0.52, 0.22, negative
0.42, 0.35, 0.54, 0.18, 0.5, 0.0, 0.56, 0.22, negative
0.3, 0.56, 0.55, 0.18, 0.5, 0.0, 0.5, 0.22, negative
0.65, 0.65, 0.52, 0.16, 0.5, 0.0, 0.6, 0.22, negative
0.27, 0.6, 0.48, 0.23, 0.5, 0.0, 0.55, 0.22, negative
0.45, 0.41, 0.5, 0.46, 0.5, 0.5, 0.5, 0.27, negative
0.44, 0.52, 0.41, 0.23, 0.5, 0.0, 0.51, 0.22, positive
0.4, 0.44, 0.49, 0.47, 0.5, 0.0, 0.49, 0.27, positive
0.45, 0.51, 0.5, 0.16, 0.5, 0.0, 0.52, 1.0, positive
0.45, 0.45, 0.5, 0.6, 0.5, 0.0, 0.49, 0.22, negative
0.59, 0.67, 0.56, 0.41, 0.5, 0.0, 0.47, 0.22, negative
0.35, 0.52, 0.48, 0.22, 0.5, 0.0, 0.26, 0.22, negative
0.64, 0.62, 0.29, 0.28, 0.5, 0.0, 0.51, 0.22, negative
0.55, 0.53, 0.55, 0.46, 0.5, 0.0, 0.52, 0.22, negative
0.67, 0.62, 0.54, 0.43, 0.5, 0.0, 0.53, 0.22, negative
0.59, 0.6, 0.49, 0.43, 0.5, 0.0, 0.53, 0.31, negative
0.54, 0.55, 0.34, 0.31, 0.5, 0.0, 0.54, 0.22, negative
0.58, 0.62, 0.54, 0.17, 0.5, 0.0, 0.48, 0.22, negative
0.4, 0.38, 0.53, 0.16, 0.5, 0.0, 0.52, 0.27, positive
0.46, 0.71, 0.48, 0.53, 0.5, 0.0, 0.53, 0.22, negative
0.41, 0.4, 0.59, 0.47, 0.5, 0.0, 0.48, 0.43, negative
0.5, 0.64, 0.57, 0.15, 0.5, 0.0, 0.47, 0.22, negative
0.4, 0.62, 0.52, 0.31, 0.5, 0.0, 0.49, 0.31, negative
0.6, 0.5, 0.57, 0.25, 0.5, 0.0, 0.41, 0.26, negative
0.62, 0.51, 0.52, 0.42, 0.5, 0.0, 0.54, 0.27, positive
0.35, 0.58, 0.54, 0.16, 0.5, 0.0, 0.51, 0.22, positive
0.34, 0.54, 0.5, 0.21, 0.5, 0.0, 0.54, 0.31, negative
0.39, 0.58, 0.5, 0.26, 0.5, 0.0, 0.54, 0.59, negative
0.48, 0.54, 0.5, 0.17, 0.5, 0.0, 0.53, 0.22, positive
0.29, 0.32, 0.58, 0.15, 0.5, 0.0, 0.5, 0.3, negative
0.47, 0.32, 0.64, 0.3, 0.5, 0.0, 0.63, 0.22, positive
0.39, 0.47, 0.56, 0.16, 0.5, 0.0, 0.47, 0.22, negative
0.58, 0.48, 0.51, 0.47, 0.5, 0.0, 0.55, 0.22, positive
0.64, 0.6, 0.57, 0.19, 0.5, 0.0, 0.43, 0.22, positive
0.37, 0.46, 0.4, 0.27, 0.5, 0.0, 0.45, 0.22, positive
0.43, 0.57, 0.53, 0.16, 0.5, 0.0, 0.54, 0.22, negative
0.59, 0.48, 0.5, 0.14, 0.5, 0.0, 0.45, 0.25, negative
0.39, 0.55, 0.48, 0.31, 0.5, 0.0, 0.54, 0.29, negative
0.26, 0.36, 0.47, 0.34, 0.5, 0.0, 0.53, 0.72, positive
0.51, 0.34, 0.5, 0.19, 0.5, 0.0, 0.5, 0.22, positive
0.58, 0.5, 0.5, 0.12, 0.5, 0.0, 0.48, 0.25, positive
0.44, 0.39, 0.53, 0.14, 0.5, 0.0, 0.54, 0.44, negative
0.41, 0.39, 0.44, 0.34, 0.5, 0.0, 0.48, 0.4, positive
0.36, 0.68, 0.46, 0.16, 0.5, 0.0, 0.53, 0.28, positive
0.67, 0.71, 0.52, 0.65, 0.5, 0.0, 0.53, 0.36, positive
0.49, 0.47, 0.53, 0.16, 0.5, 0.0, 0.48, 0.27, positive
0.71, 0.59, 0.48, 0.43, 0.5, 0.0, 0.59, 0.22, negative
0.4, 0.42, 0.71, 0.21, 0.5, 0.0, 0.54, 0.32, negative
0.4, 0.42, 0.71, 0.21, 0.5, 0.0, 0.54, 0.32, negative
0.54, 0.49, 0.49, 0.2, 0.5, 0.0, 0.52, 0.22, negative
0.42, 0.51, 0.5, 0.12, 0.5, 0.0, 0.52, 0.46, positive
0.57, 0.51, 0.53, 0.18, 0.5, 0.0, 0.56, 0.25, positive
0.35, 0.45, 0.43, 0.11, 0.5, 0.0, 0.56, 0.22, negative
0.42, 0.42, 0.42, 0.2, 0.5, 0.0, 0.49, 0.22, negative
0.26, 0.5, 0.33, 0.28, 0.5, 0.0, 0.51, 0.22, negative
0.39, 0.42, 0.38, 0.4, 0.5, 0.0, 0.49, 0.47, negative
0.26, 0.44, 0.3, 0.11, 0.5, 0.0, 0.51, 0.47, negative
0.31, 0.44, 0.53, 0.23, 0.5, 0.0, 0.51, 0.32, positive
0.48, 0.61, 0.44, 0.2, 0.5, 0.0, 0.47, 0.22, negative
0.66, 0.45, 0.5, 0.23, 0.5, 0.0, 0.49, 0.22, negative
0.21, 0.41, 0.55, 0.11, 0.5, 0.0, 0.5, 0.27, negative
0.38, 0.68, 0.44, 0.45, 0.5, 0.0, 0.53, 0.22, negative
0.49, 0.31, 0.49, 0.35, 0.5, 0.0, 0.51, 0.29, positive
0.38, 0.37, 0.56, 0.21, 0.5, 0.0, 0.49, 0.22, positive
0.24, 0.34, 0.69, 0.18, 0.5, 0.0, 0.52, 0.22, negative
0.49, 0.43, 0.51, 0.13, 0.5, 0.0, 0.47, 0.22, negative
0.54, 0.38, 0.52, 0.18, 0.5, 0.0, 0.48, 0.22, negative
0.48, 0.64, 0.61, 0.23, 0.5, 0.0, 0.6, 0.22, negative
0.31, 0.55, 0.52, 0.17, 0.5, 0.0, 0.52, 0.22, negative
0.32, 0.42, 0.52, 0.24, 0.5, 0.0, 0.6, 0.22, negative
0.59, 0.5, 0.52, 0.28, 0.5, 0.0, 0.55, 0.25, negative
0.37, 0.42, 0.51, 0.11, 0.5, 0.0, 0.57, 0.22, negative
0.75, 0.7, 0.38, 0.27, 0.5, 0.0, 0.49, 0.22, negative
0.44, 0.42, 0.6, 0.21, 0.5, 0.0, 0.57, 0.22, negative
0.52, 0.51, 0.51, 0.54, 0.5, 0.0, 0.55, 0.27, negative
0.63, 0.56, 0.45, 0.58, 0.5, 0.0, 0.51, 0.22, negative
0.52, 0.56, 0.54, 0.53, 0.5, 0.0, 0.45, 0.22, negative
0.72, 0.62, 0.34, 0.29, 0.5, 0.0, 0.56, 0.28, negative
0.72, 0.61, 0.37, 0.3, 0.5, 0.0, 0.57, 0.22, negative
0.57, 0.57, 0.44, 0.37, 0.5, 0.0, 0.52, 0.25, negative
0.42, 0.31, 0.62, 0.12, 0.5, 0.0, 0.4, 0.22, negative
0.49, 0.46, 0.45, 0.45, 0.5, 0.0, 0.52, 0.22, negative
0.42, 0.58, 0.41, 0.65, 0.5, 0.0, 0.46, 0.26, negative
0.59, 0.61, 0.34, 0.22, 0.5, 0.0, 0.51, 0.22, negative
0.52, 0.77, 0.38, 0.34, 0.5, 0.0, 0.51, 0.22, negative
0.5, 0.52, 0.6, 0.51, 0.5, 0.0, 0.48, 0.22, negative
0.49, 0.6, 0.43, 0.56, 0.5, 0.0, 0.36, 0.22, negative
0.5, 0.41, 0.44, 0.5, 0.5, 0.0, 0.42, 0.22, negative
0.5, 0.4, 0.56, 0.7, 0.5, 0.0, 0.5, 0.22, negative
0.37, 0.58, 0.44, 0.51, 0.5, 0.0, 0.44, 0.22, negative
0.67, 0.68, 0.46, 0.29, 0.5, 0.0, 0.46, 0.22, negative
0.53, 0.51, 0.46, 0.28, 0.5, 0.0, 0.48, 0.22, negative
0.35, 0.66, 0.49, 0.21, 0.5, 0.0, 0.54, 0.25, negative
0.52, 0.4, 0.6, 0.12, 0.5, 0.0, 0.55, 0.22, negative
0.77, 0.79, 0.58, 0.23, 0.5, 0.0, 0.48, 0.22, negative
0.47, 0.46, 0.59, 0.49, 0.5, 0.0, 0.56, 0.22, negative
0.73, 0.83, 0.43, 0.3, 0.5, 0.0, 0.55, 0.22, negative
0.78, 0.74, 0.58, 0.25, 1.0, 0.0, 0.53, 0.22, negative
0.7, 0.65, 0.54, 0.28, 0.5, 0.0, 0.6, 0.4, negative
0.47, 0.54, 0.37, 0.14, 0.5, 0.0, 0.5, 0.22, negative
0.56, 0.52, 0.48, 0.17, 0.5, 0.0, 0.46, 0.22, positive
0.57, 0.41, 0.59, 0.24, 0.5, 0.0, 0.4, 0.22, negative
0.56, 0.41, 0.58, 0.21, 0.5, 0.0, 0.42, 0.22, negative
0.58, 0.56, 0.45, 0.12, 0.5, 0.0, 0.51, 0.22, positive
0.53, 0.38, 0.66, 0.25, 0.5, 0.0, 0.43, 0.22, positive
0.34, 0.36, 0.54, 0.11, 0.5, 0.0, 0.36, 0.21, positive
0.69, 0.61, 0.38, 0.27, 0.5, 0.0, 0.52, 0.22, negative
0.41, 0.45, 0.53, 0.17, 0.5, 0.0, 0.51, 0.25, positive
0.31, 0.46, 0.54, 0.52, 0.5, 0.0, 0.5, 0.34, positive
0.36, 0.37, 0.33, 0.14, 0.5, 0.0, 0.57, 0.31, negative
0.82, 0.78, 0.49, 0.23, 0.5, 0.0, 0.46, 0.22, negative
0.82, 0.75, 0.54, 0.23, 0.5, 0.0, 0.46, 0.22, negative
0.38, 0.51, 0.75, 0.17, 0.5, 0.0, 0.55, 0.22, negative
0.38, 0.51, 0.75, 0.17, 0.5, 0.0, 0.55, 0.22, negative
0.46, 0.54, 0.71, 0.15, 0.5, 0.0, 0.59, 0.22, negative
0.4, 0.56, 0.48, 0.14, 0.5, 0.0, 0.47, 0.22, negative
0.53, 0.53, 0.6, 0.13, 0.5, 0.0, 0.49, 0.22, negative
0.42, 0.57, 0.72, 0.22, 0.5, 0.0, 0.57, 0.22, negative
0.45, 0.27, 0.57, 0.36, 0.5, 0.0, 0.52, 0.18, negative
0.51, 0.53, 0.55, 0.14, 0.5, 0.0, 0.51, 0.22, negative
0.44, 0.68, 0.45, 0.51, 0.5, 0.0, 0.52, 0.41, negative
0.27, 0.39, 0.66, 0.11, 0.5, 0.0, 0.44, 0.22, negative
0.55, 0.42, 0.34, 0.3, 0.5, 0.0, 0.52, 0.22, negative
0.34, 0.42, 0.3, 0.23, 0.5, 0.0, 0.53, 0.22, negative
0.44, 0.53, 0.52, 0.23, 0.5, 0.83, 0.51, 0.22, negative
0.59, 0.58, 0.56, 0.21, 0.5, 0.0, 0.54, 0.33, positive
0.39, 0.28, 0.46, 0.12, 0.5, 0.0, 0.41, 0.22, positive
0.56, 0.43, 0.54, 0.16, 0.5, 0.0, 0.5, 0.22, positive
0.36, 0.68, 0.38, 0.08, 0.5, 0.0, 0.53, 0.25, negative
0.27, 0.36, 0.6, 0.33, 0.5, 0.0, 0.37, 0.31, positive
0.42, 0.32, 0.5, 0.21, 0.5, 0.0, 0.51, 0.22, positive
0.55, 0.54, 0.56, 0.22, 0.5, 0.0, 0.5, 0.37, positive
0.36, 0.24, 0.49, 0.16, 0.5, 0.0, 0.51, 0.22, positive
0.38, 0.48, 0.59, 0.22, 0.5, 0.0, 0.46, 0.22, negative
0.8, 0.46, 0.5, 0.15, 0.5, 0.0, 0.53, 0.22, negative
0.47, 0.65, 0.54, 0.62, 0.5, 0.0, 0.53, 0.36, negative
0.43, 0.39, 0.54, 0.14, 0.5, 0.0, 0.47, 0.22, positive
0.5, 0.51, 0.52, 0.09, 0.5, 0.0, 0.48, 0.25, positive
0.46, 0.35, 0.53, 0.16, 0.5, 0.0, 0.51, 0.29, negative
0.46, 0.43, 0.49, 0.79, 0.5, 0.0, 0.49, 0.63, positive
0.56, 0.52, 0.55, 0.19, 0.5, 0.0, 0.54, 0.22, negative
0.37, 0.53, 0.46, 0.23, 0.5, 0.0, 0.47, 0.22, positive
0.39, 0.45, 0.53, 0.18, 0.5, 0.0, 0.54, 0.22, negative
0.36, 0.49, 0.3, 0.22, 0.5, 0.0, 0.52, 0.31, negative
0.78, 0.7, 0.32, 0.23, 0.5, 0.0, 0.53, 0.22, negative
0.55, 0.46, 0.53, 0.11, 0.5, 0.0, 0.52, 0.48, negative
0.45, 0.56, 0.54, 0.32, 0.5, 0.0, 0.57, 0.22, negative
0.45, 0.56, 0.53, 0.32, 0.5, 0.0, 0.57, 0.22, negative
0.29, 0.43, 0.4, 0.15, 0.5, 0.0, 0.53, 0.22, negative
0.52, 0.75, 0.37, 0.14, 0.5, 0.0, 0.46, 0.22, negative
0.71, 0.56, 0.39, 0.27, 0.5, 0.0, 0.52, 0.22, negative
0.58, 0.6, 0.43, 0.12, 0.5, 0.0, 0.55, 0.22, negative
0.54, 0.65, 0.49, 0.34, 0.5, 0.0, 0.52, 0.22, negative
0.57, 0.59, 0.44, 0.16, 0.5, 0.0, 0.52, 0.22, negative
0.59, 0.58, 0.46, 0.19, 0.5, 0.0, 0.56, 0.27, negative
0.55, 0.56, 0.45, 0.14, 0.5, 0.0, 0.54, 0.22, negative
0.63, 0.61, 0.41, 0.22, 0.5, 0.0, 0.51, 0.22, negative
0.36, 0.46, 0.43, 0.19, 0.5, 0.0, 0.48, 0.22, negative
0.34, 0.38, 0.45, 0.19, 0.5, 0.0, 0.51, 0.22, negative
0.62, 0.58, 0.46, 0.13, 0.5, 0.0, 0.53, 0.22, negative
0.53, 0.68, 0.42, 0.19, 0.5, 0.0, 0.53, 0.22, negative
0.55, 0.46, 0.46, 0.31, 0.5, 0.0, 0.58, 0.48, positive
0.35, 0.6, 0.47, 0.13, 0.5, 0.0, 0.52, 0.43, positive
0.43, 0.51, 0.48, 0.14, 0.5, 0.0, 0.5, 0.22, negative
0.57, 0.61, 0.45, 0.26, 0.5, 0.0, 0.5, 0.22, negative
0.63, 0.62, 0.42, 0.12, 0.5, 0.0, 0.52, 0.25, negative
0.25, 0.4, 0.51, 0.18, 0.5, 0.0, 0.5, 0.27, negative
0.56, 0.62, 0.53, 0.24, 0.5, 0.0, 0.57, 0.22, negative
0.58, 0.6, 0.51, 0.24, 0.5, 0.0, 0.53, 0.22, negative
0.71, 0.59, 0.53, 0.15, 0.5, 0.0, 0.49, 0.33, negative
0.46, 0.35, 0.33, 0.17, 0.5, 0.0, 0.55, 0.22, negative
0.54, 0.55, 0.42, 0.22, 0.5, 0.0, 0.48, 0.22, negative
0.39, 0.44, 0.28, 0.12, 0.5, 0.0, 0.46, 0.27, negative
0.81, 0.82, 0.41, 0.36, 0.5, 0.0, 0.39, 0.22, negative
0.46, 0.48, 0.44, 0.21, 0.5, 0.0, 0.55, 0.22, negative
0.35, 0.36, 0.57, 0.17, 0.5, 0.0, 0.52, 0.22, negative
0.42, 0.52, 0.4, 0.17, 0.5, 0.0, 0.5, 0.26, negative
0.91, 0.77, 0.34, 0.47, 0.5, 0.0, 0.52, 0.31, negative
0.81, 0.9, 0.39, 0.41, 0.5, 0.0, 0.53, 0.22, negative
0.45, 0.4, 0.56, 0.14, 0.5, 0.0, 0.54, 0.22, negative
0.47, 0.47, 0.58, 0.16, 0.5, 0.0, 0.49, 0.28, negative
0.41, 0.39, 0.51, 0.52, 0.5, 0.0, 0.49, 0.22, negative
0.37, 0.34, 0.32, 0.22, 0.5, 0.0, 0.56, 0.22, negative
0.69, 0.6, 0.5, 0.31, 0.5, 0.0, 0.55, 0.22, negative
0.35, 0.56, 0.36, 0.3, 0.5, 0.0, 0.53, 0.25, negative
0.84, 0.66, 0.36, 0.78, 0.5, 0.0, 0.49, 0.5, negative
0.51, 0.58, 0.54, 0.29, 0.5, 0.0, 0.53, 0.22, negative
0.37, 0.43, 0.62, 0.27, 0.5, 0.0, 0.48, 0.22, positive
0.55, 0.66, 0.57, 0.32, 0.5, 0.0, 0.57, 0.34, negative
0.48, 0.35, 0.42, 0.21, 0.5, 0.0, 0.57, 0.22, negative
0.62, 0.58, 0.52, 0.15, 0.5, 0.0, 0.52, 0.29, negative
0.56, 0.59, 0.53, 0.16, 0.5, 0.0, 0.24, 0.42, positive
0.44, 0.51, 0.37, 0.15, 0.5, 0.0, 0.51, 0.22, negative
0.44, 0.44, 0.49, 0.15, 0.5, 0.0, 0.46, 0.27, positive
0.5, 0.5, 0.48, 0.17, 0.5, 0.0, 0.47, 0.26, negative
0.6, 0.6, 0.49, 0.3, 0.5, 0.0, 0.53, 0.22, positive
0.49, 0.46, 0.34, 0.21, 0.5, 0.0, 0.55, 0.22, negative
0.35, 0.68, 0.57, 0.4, 0.5, 0.0, 0.53, 0.36, positive
0.23, 0.3, 0.58, 0.22, 0.5, 0.0, 0.48, 0.27, positive
0.45, 0.42, 0.52, 0.2, 0.5, 0.0, 0.5, 0.25, negative
0.51, 0.35, 0.46, 0.15, 0.5, 0.0, 0.51, 0.42, negative
0.42, 0.39, 0.47, 0.13, 0.5, 0.0, 0.5, 0.27, negative
0.32, 0.38, 0.52, 0.2, 0.5, 0.0, 0.52, 0.28, negative
0.59, 0.65, 0.52, 0.3, 0.5, 0.0, 0.46, 0.31, negative
0.41, 0.52, 0.41, 0.11, 0.5, 0.0, 0.54, 0.35, negative
0.37, 0.33, 0.5, 0.12, 0.5, 0.0, 0.51, 0.54, negative
0.56, 0.54, 0.59, 0.14, 0.5, 0.0, 0.52, 0.27, positive
0.31, 0.31, 0.54, 0.18, 0.5, 0.0, 0.52, 0.29, positive
0.27, 0.51, 0.47, 0.35, 0.5, 0.0, 0.49, 0.28, positive
0.54, 0.56, 0.57, 0.18, 0.5, 0.0, 0.45, 0.25, positive
0.17, 0.38, 0.45, 0.09, 0.5, 0.0, 0.54, 0.27, positive
0.43, 0.51, 0.54, 0.15, 0.5, 0.0, 0.45, 0.26, positive
0.6, 0.4, 0.59, 0.18, 0.5, 0.0, 0.48, 0.22, negative
0.91, 0.69, 0.57, 0.45, 0.5, 0.0, 0.56, 0.22, negative
0.38, 0.47, 0.53, 0.12, 0.5, 0.0, 0.48, 0.22, negative
0.59, 0.43, 0.52, 0.19, 0.5, 0.0, 0.55, 0.27, negative
0.64, 0.53, 0.45, 0.13, 0.5, 0.0, 0.53, 0.22, negative
0.49, 0.31, 0.34, 0.13, 0.5, 0.0, 0.52, 0.22, negative
0.52, 0.51, 0.51, 0.12, 0.5, 0.0, 0.51, 0.4, negative
0.49, 0.43, 0.48, 0.15, 0.5, 0.0, 0.55, 0.25, negative
0.49, 0.47, 0.52, 0.16, 0.5, 0.0, 0.53, 0.28, negative
0.48, 0.39, 0.49, 0.18, 0.5, 0.0, 0.51, 0.22, negative
0.44, 0.34, 0.55, 0.18, 0.5, 0.0, 0.52, 0.22, negative
0.43, 0.54, 0.58, 0.16, 0.5, 0.0, 0.5, 0.36, positive
0.34, 0.66, 0.51, 0.16, 0.5, 0.0, 0.47, 0.33, positive
0.74, 0.53, 0.5, 0.08, 0.5, 0.0, 0.55, 0.31, negative
0.69, 0.48, 0.38, 0.15, 0.5, 0.0, 0.55, 0.22, negative
0.3, 0.5, 0.47, 0.11, 0.5, 0.0, 0.46, 0.22, negative
0.44, 0.51, 0.48, 0.38, 0.5, 0.0, 0.52, 0.22, negative
0.31, 0.45, 0.5, 0.17, 0.5, 0.0, 0.49, 0.22, negative
0.55, 0.41, 0.56, 0.21, 0.5, 0.0, 0.52, 0.22, negative
0.4, 0.34, 0.52, 0.17, 0.5, 0.0, 0.47, 0.51, positive
0.58, 0.48, 0.56, 0.1, 0.5, 0.0, 0.46, 0.25, positive
0.58, 0.48, 0.56, 0.12, 0.5, 0.0, 0.46, 0.25, positive
0.41, 0.6, 0.53, 0.29, 0.5, 0.0, 0.47, 0.43, positive
0.69, 0.5, 0.49, 0.42, 0.5, 0.0, 0.49, 0.22, negative
0.38, 0.49, 0.61, 0.13, 0.5, 0.0, 0.54, 0.22, negative
0.6, 0.48, 0.44, 0.52, 0.5, 0.0, 0.54, 0.63, positive
0.47, 0.49, 0.63, 0.17, 0.5, 0.0, 0.31, 0.26, positive
0.28, 0.51, 0.55, 0.11, 0.5, 0.0, 0.46, 0.22, positive
0.56, 0.57, 0.63, 0.39, 1.0, 0.0, 0.59, 0.4, positive
0.46, 0.57, 0.57, 0.15, 0.5, 0.0, 0.52, 0.26, positive
0.43, 0.42, 0.54, 0.22, 0.5, 0.0, 0.57, 0.33, positive
0.57, 0.59, 0.5, 0.58, 0.5, 0.0, 0.53, 0.22, negative
0.48, 0.34, 0.47, 0.14, 0.5, 0.0, 0.47, 0.26, negative
0.35, 0.4, 0.53, 0.18, 0.5, 0.0, 0.42, 0.38, negative
0.47, 0.45, 0.53, 0.62, 0.5, 0.0, 0.46, 0.22, negative
0.53, 0.43, 0.47, 0.15, 0.5, 0.0, 0.58, 0.22, negative
0.46, 0.45, 0.56, 0.16, 0.5, 0.0, 0.56, 0.22, negative
0.44, 0.42, 0.62, 0.14, 0.5, 0.0, 0.55, 0.37, positive
0.37, 0.34, 0.58, 0.24, 0.5, 0.0, 0.44, 0.18, positive
0.37, 0.34, 0.58, 0.24, 0.5, 0.0, 0.44, 0.18, positive
0.39, 0.39, 0.55, 0.52, 0.5, 0.0, 0.37, 0.16, positive
0.39, 0.39, 0.55, 0.52, 0.5, 0.0, 0.37, 0.16, positive
0.48, 0.57, 0.5, 0.09, 0.5, 0.0, 0.52, 0.42, positive
0.61, 0.57, 0.45, 0.21, 0.5, 0.0, 0.5, 0.42, positive
0.56, 0.44, 0.56, 0.19, 0.5, 0.0, 0.54, 0.22, negative
0.51, 0.63, 0.3, 0.35, 0.5, 0.0, 0.53, 0.27, negative
0.37, 0.22, 0.64, 0.35, 0.5, 0.0, 0.47, 0.22, positive
0.51, 0.48, 0.58, 0.22, 0.5, 0.0, 0.5, 0.28, positive
0.49, 0.37, 0.59, 0.17, 0.5, 0.0, 0.51, 0.22, positive
0.51, 0.48, 0.58, 0.22, 0.5, 0.0, 0.5, 0.28, positive
0.53, 0.53, 0.53, 0.17, 0.5, 0.0, 0.49, 0.37, positive
0.29, 0.68, 0.47, 0.26, 0.5, 0.0, 0.47, 0.37, positive
0.5, 0.45, 0.49, 0.15, 0.5, 0.0, 0.55, 0.43, positive
0.85, 0.85, 0.3, 0.31, 0.5, 0.0, 0.55, 0.42, negative
0.43, 0.39, 0.51, 0.28, 0.5, 0.0, 0.4, 0.22, positive
0.61, 0.54, 0.49, 0.16, 0.5, 0.0, 0.54, 0.42, negative
0.34, 0.35, 0.61, 0.19, 0.5, 0.0, 0.52, 0.25, positive
0.66, 0.62, 0.52, 0.17, 0.5, 0.0, 0.49, 0.22, negative
0.44, 0.41, 0.58, 0.2, 0.5, 0.0, 0.57, 0.25, negative
0.37, 0.62, 0.34, 0.25, 0.5, 0.0, 0.51, 0.22, negative
0.45, 0.56, 0.51, 0.64, 0.5, 0.0, 0.54, 0.22, negative
0.44, 0.53, 0.52, 0.37, 0.5, 0.0, 0.5, 0.22, positive
0.44, 0.53, 0.52, 0.37, 0.5, 0.0, 0.5, 0.22, positive
0.32, 0.34, 0.61, 0.17, 0.5, 0.0, 0.52, 0.32, positive
0.34, 0.34, 0.61, 0.18, 0.5, 0.0, 0.52, 0.32, positive
0.51, 0.68, 0.49, 0.59, 0.5, 0.0, 0.54, 0.27, negative
0.41, 0.3, 0.49, 0.28, 0.5, 0.0, 0.54, 0.22, negative
0.41, 0.43, 0.5, 0.28, 0.5, 0.0, 0.5, 0.22, negative
0.49, 0.4, 0.34, 0.26, 0.5, 0.0, 0.5, 0.22, negative
0.43, 0.45, 0.37, 0.12, 0.5, 0.0, 0.48, 0.22, negative
0.45, 0.57, 0.3, 0.17, 0.5, 0.0, 0.51, 0.22, negative
0.52, 0.5, 0.53, 0.1, 0.5, 0.0, 0.48, 0.22, negative
0.53, 0.56, 0.49, 0.46, 0.5, 0.0, 0.52, 0.22, negative
0.45, 0.54, 0.54, 0.62, 0.5, 0.0, 0.53, 0.22, negative
0.51, 0.52, 0.48, 0.5, 0.5, 0.0, 0.51, 0.22, negative
0.55, 0.49, 0.5, 0.46, 0.5, 0.0, 0.52, 0.25, negative
0.5, 0.46, 0.52, 0.16, 0.5, 0.0, 0.52, 0.26, negative
0.5, 0.53, 0.45, 0.44, 0.5, 0.0, 0.49, 0.22, negative
0.45, 0.59, 0.53, 0.74, 0.5, 0.0, 0.47, 0.25, negative
0.57, 0.61, 0.55, 0.67, 0.5, 0.0, 0.48, 0.22, negative
0.56, 0.45, 0.59, 0.14, 0.5, 0.0, 0.51, 0.26, positive
0.45, 0.38, 0.59, 0.18, 0.5, 0.0, 0.44, 0.45, positive
0.43, 0.51, 0.6, 0.25, 0.5, 0.0, 0.55, 0.22, negative
0.47, 0.59, 0.43, 0.13, 0.5, 0.0, 0.56, 0.3, negative
0.89, 0.81, 0.36, 0.71, 0.5, 0.0, 0.55, 0.63, negative
0.58, 0.55, 0.52, 0.22, 0.5, 0.0, 0.44, 0.22, negative
0.59, 0.57, 0.46, 0.14, 0.5, 0.0, 0.52, 0.22, negative
0.35, 0.53, 0.35, 0.33, 0.5, 0.0, 0.5, 0.32, negative
0.5, 0.46, 0.42, 0.32, 0.5, 0.0, 0.56, 0.55, negative
0.68, 0.5, 0.43, 0.27, 0.5, 0.0, 0.61, 0.22, negative
0.5, 0.45, 0.49, 0.3, 0.5, 0.0, 0.47, 0.4, positive
0.46, 0.41, 0.5, 0.44, 0.5, 0.0, 0.53, 0.22, negative
0.32, 0.36, 0.34, 0.19, 0.5, 0.0, 0.55, 0.26, negative
0.4, 0.51, 0.42, 0.13, 0.5, 0.0, 0.45, 0.25, negative
0.7, 0.73, 0.37, 0.37, 0.5, 0.0, 0.48, 0.31, negative
0.81, 0.76, 0.32, 0.37, 0.5, 0.0, 0.51, 0.22, negative
0.47, 0.43, 0.35, 0.32, 0.5, 0.0, 0.54, 0.22, negative
0.42, 0.25, 0.6, 0.14, 0.5, 0.0, 0.45, 0.22, negative
0.23, 0.34, 0.41, 0.28, 0.5, 0.0, 0.5, 0.27, positive
0.85, 0.56, 0.33, 0.38, 1.0, 0.0, 0.55, 0.25, negative
0.67, 0.63, 0.34, 0.41, 0.5, 0.0, 0.6, 0.33, negative
0.54, 0.51, 0.54, 0.52, 0.5, 0.0, 0.47, 0.25, negative
0.89, 0.77, 0.36, 0.34, 0.5, 0.0, 0.44, 0.22, negative
0.48, 0.43, 0.45, 0.17, 0.5, 0.0, 0.48, 0.37, negative
0.36, 0.35, 0.47, 0.22, 0.5, 0.0, 0.44, 0.31, negative
0.57, 0.49, 0.48, 0.16, 0.5, 0.0, 0.51, 0.22, positive
0.43, 0.52, 0.53, 0.52, 1.0, 0.0, 0.49, 0.22, negative
0.38, 0.49, 0.54, 1.0, 0.5, 0.0, 0.5, 0.27, negative
0.84, 0.87, 0.45, 0.54, 0.5, 0.0, 0.28, 0.22, negative
0.27, 0.56, 0.56, 0.18, 0.5, 0.0, 0.52, 0.22, negative
0.89, 0.82, 0.6, 0.49, 0.5, 0.0, 0.55, 0.22, negative
0.86, 0.92, 0.5, 0.37, 1.0, 0.0, 0.53, 0.32, negative
0.37, 0.55, 0.29, 0.32, 0.5, 0.0, 0.51, 0.22, negative
0.87, 0.83, 0.57, 0.36, 0.5, 0.0, 0.36, 0.22, negative
0.43, 0.45, 0.54, 0.14, 0.5, 0.0, 0.5, 0.31, negative
0.58, 0.76, 0.4, 0.37, 0.5, 0.0, 0.54, 0.3, negative
0.94, 0.6, 0.33, 0.49, 0.5, 0.0, 0.54, 0.22, negative
0.36, 0.44, 0.57, 0.18, 0.5, 0.0, 0.42, 0.22, negative
0.42, 0.51, 0.39, 0.22, 0.5, 0.0, 0.49, 0.26, negative
0.52, 0.48, 0.58, 0.55, 0.5, 0.0, 0.48, 0.22, negative
0.42, 0.32, 0.48, 0.16, 0.5, 0.0, 0.55, 0.22, negative
0.43, 0.38, 0.51, 0.24, 0.5, 0.0, 0.46, 0.33, positive
0.83, 0.53, 0.52, 0.2, 0.5, 0.0, 0.48, 0.25, negative
0.36, 0.34, 0.46, 0.19, 0.5, 0.0, 0.52, 0.22, negative
0.51, 0.43, 0.47, 0.19, 0.5, 0.0, 0.52, 0.37, negative
0.54, 0.54, 0.49, 0.14, 0.5, 0.0, 0.56, 0.22, negative
0.46, 0.4, 0.38, 0.18, 0.5, 0.0, 0.49, 0.22, negative
0.68, 0.5, 0.55, 0.65, 0.5, 0.0, 0.46, 0.31, negative
0.53, 0.44, 0.47, 0.22, 0.5, 0.0, 0.53, 0.22, positive
0.48, 0.48, 0.5, 0.47, 0.5, 0.0, 0.55, 0.22, negative
0.46, 0.14, 0.36, 0.21, 0.5, 0.0, 0.5, 0.25, negative
0.5, 0.45, 0.48, 0.17, 0.5, 0.0, 0.5, 0.26, negative
0.46, 0.47, 0.46, 0.16, 0.5, 0.0, 0.51, 0.22, negative
0.52, 0.49, 0.57, 0.57, 0.5, 0.0, 0.51, 0.22, positive
0.62, 0.64, 0.56, 0.2, 0.5, 0.0, 0.48, 0.33, positive
0.46, 0.32, 0.58, 0.17, 0.5, 0.0, 0.61, 0.25, positive
0.49, 0.62, 0.65, 0.18, 0.5, 0.0, 0.46, 0.43, positive
0.5, 0.34, 0.62, 0.19, 0.5, 0.0, 0.57, 0.22, negative
0.39, 0.37, 0.56, 0.15, 0.5, 0.0, 0.5, 0.27, negative
0.39, 0.37, 0.33, 0.23, 0.5, 0.0, 0.52, 0.26, negative
0.5, 0.62, 0.54, 0.66, 0.5, 0.0, 0.49, 0.22, negative
0.47, 0.54, 0.54, 0.48, 0.5, 0.0, 0.53, 0.26, negative
0.72, 0.58, 0.42, 0.28, 0.5, 0.0, 0.48, 0.22, negative
0.81, 0.65, 0.52, 0.41, 0.5, 0.0, 0.57, 0.26, negative
0.5, 0.49, 0.52, 0.2, 0.5, 0.0, 0.43, 0.52, positive
0.18, 0.48, 0.46, 0.12, 0.5, 0.0, 0.0, 0.25, positive
0.26, 0.38, 0.52, 0.36, 0.5, 0.0, 0.48, 0.56, positive
0.53, 0.51, 0.51, 0.11, 0.5, 0.0, 0.49, 0.41, positive
0.62, 0.6, 0.47, 0.16, 0.5, 0.0, 0.53, 0.22, negative
0.68, 0.58, 0.51, 0.19, 0.5, 0.83, 0.54, 0.22, negative
0.4, 0.52, 0.53, 0.52, 0.5, 0.0, 0.51, 0.22, negative
0.51, 0.47, 0.41, 0.44, 0.5, 0.0, 0.5, 0.22, negative
0.72, 0.56, 0.4, 0.26, 0.5, 0.0, 0.51, 0.26, negative
0.49, 0.44, 0.45, 0.22, 0.5, 0.0, 0.51, 0.22, negative
0.32, 0.47, 0.55, 0.25, 0.5, 0.0, 0.49, 0.22, negative
0.46, 0.57, 0.52, 0.28, 0.5, 0.0, 0.52, 0.22, positive
0.53, 0.48, 0.45, 0.44, 0.5, 0.0, 0.49, 0.27, negative
0.49, 0.48, 0.46, 0.63, 0.5, 0.0, 0.52, 0.22, negative
0.47, 0.6, 0.35, 0.21, 0.5, 0.0, 0.52, 0.22, negative
0.55, 0.49, 0.45, 0.18, 0.5, 0.0, 0.49, 0.22, positive
0.57, 0.44, 0.42, 0.2, 0.5, 0.0, 0.54, 0.22, negative
0.4, 0.47, 0.48, 0.18, 0.5, 0.0, 0.46, 0.22, negative
0.55, 0.65, 0.5, 0.28, 0.5, 0.0, 0.55, 0.22, positive
0.29, 0.46, 0.54, 0.27, 0.5, 0.0, 0.49, 0.22, negative
0.46, 0.42, 0.6, 0.21, 0.5, 0.0, 0.4, 0.22, negative
0.8, 0.81, 0.55, 0.35, 0.5, 0.0, 0.42, 0.22, negative
0.79, 0.74, 0.49, 0.33, 0.5, 0.0, 0.48, 0.22, negative
0.45, 0.48, 0.63, 0.67, 0.5, 0.0, 0.48, 0.22, negative
0.66, 0.52, 0.52, 0.44, 0.5, 0.0, 0.56, 0.27, negative
0.5, 0.49, 0.59, 0.47, 0.5, 0.0, 0.49, 0.36, negative
0.54, 0.52, 0.54, 0.2, 0.5, 0.0, 0.55, 0.25, positive
0.43, 0.39, 0.59, 0.13, 0.5, 0.0, 0.41, 0.43, positive
0.6, 0.59, 0.45, 0.23, 0.5, 0.0, 0.55, 0.22, negative
0.45, 0.73, 0.47, 0.65, 0.5, 0.0, 0.54, 0.43, negative
0.66, 0.54, 0.49, 0.16, 0.5, 0.0, 0.54, 0.36, positive
0.42, 0.5, 0.53, 0.22, 0.5, 0.83, 0.5, 0.22, negative
0.66, 0.66, 0.32, 0.54, 0.5, 0.0, 0.51, 0.22, negative
0.74, 0.56, 0.35, 0.36, 0.5, 0.0, 0.51, 0.25, negative
0.89, 0.52, 0.41, 0.26, 0.5, 0.0, 0.52, 0.31, negative
0.67, 0.51, 0.54, 0.21, 0.5, 0.0, 0.43, 0.3, negative
0.58, 0.46, 0.46, 0.34, 0.5, 0.0, 0.5, 0.43, positive
0.4, 0.68, 0.5, 0.82, 0.5, 0.0, 0.44, 0.36, negative
0.59, 0.57, 0.43, 0.26, 0.5, 0.0, 0.51, 0.22, negative
0.6, 0.62, 0.54, 0.4, 0.5, 0.0, 0.5, 0.22, negative
0.36, 0.4, 0.53, 0.48, 0.5, 0.0, 0.48, 0.22, negative
0.51, 0.42, 0.56, 0.38, 0.5, 0.0, 0.46, 0.22, negative
0.41, 0.54, 0.58, 0.2, 0.5, 0.0, 0.52, 0.22, negative
0.52, 0.5, 0.59, 0.31, 0.5, 0.0, 0.5, 0.22, negative
0.5, 0.46, 0.64, 0.36, 0.5, 0.0, 0.49, 0.22, negative
0.45, 0.38, 0.64, 0.14, 0.5, 0.0, 0.54, 0.22, negative
0.6, 0.57, 0.64, 0.52, 0.5, 0.0, 0.47, 0.28, negative
0.53, 0.42, 0.58, 0.29, 0.5, 0.0, 0.5, 0.22, negative
0.41, 0.52, 0.53, 0.41, 0.5, 0.0, 0.39, 0.33, negative
0.45, 0.43, 0.63, 0.4, 0.5, 0.0, 0.59, 0.11, negative
0.44, 0.44, 0.67, 0.35, 0.5, 0.0, 0.48, 0.26, negative
0.58, 0.52, 0.61, 0.33, 0.5, 0.0, 0.38, 0.11, negative
0.57, 0.58, 0.58, 0.35, 0.5, 0.0, 0.49, 0.22, negative
0.64, 0.64, 0.56, 0.21, 0.5, 0.0, 0.5, 0.22, negative
0.6, 0.46, 0.59, 0.16, 0.5, 0.0, 0.49, 0.22, negative
0.36, 0.38, 0.56, 0.44, 0.5, 0.0, 0.48, 0.22, negative
0.62, 0.59, 0.54, 0.47, 0.5, 0.0, 0.46, 0.22, negative
0.55, 0.5, 0.6, 0.31, 0.5, 0.0, 0.46, 0.27, negative
0.58, 0.53, 0.57, 0.46, 0.5, 0.0, 0.51, 0.27, negative
0.58, 0.53, 0.5, 0.53, 0.5, 0.0, 0.47, 0.31, negative
0.61, 0.46, 0.51, 0.37, 0.5, 0.0, 0.51, 0.22, negative
0.55, 0.59, 0.47, 0.64, 0.5, 0.0, 0.54, 0.33, negative
0.54, 0.64, 0.5, 0.13, 0.5, 0.0, 0.49, 0.22, negative
0.4, 0.74, 0.49, 0.16, 0.5, 0.0, 0.51, 0.22, negative
0.76, 0.76, 0.35, 0.27, 0.5, 0.0, 0.44, 0.22, negative
0.51, 0.56, 0.51, 0.42, 0.5, 0.0, 0.53, 0.36, negative
0.43, 0.32, 0.5, 0.29, 0.5, 0.0, 0.5, 0.22, negative
0.32, 0.45, 0.44, 0.2, 0.5, 0.0, 0.55, 0.33, positive
0.51, 0.6, 0.51, 0.26, 0.5, 0.0, 0.54, 0.22, positive
0.49, 0.46, 0.42, 0.46, 0.5, 0.0, 0.55, 0.22, positive
0.51, 0.48, 0.51, 0.43, 0.5, 0.0, 0.49, 0.22, negative
0.52, 0.38, 0.62, 0.12, 0.5, 0.0, 0.41, 0.28, positive
0.53, 0.4, 0.57, 0.12, 0.5, 0.0, 0.53, 0.32, positive
0.51, 0.56, 0.62, 0.24, 0.5, 0.0, 0.52, 0.51, positive
0.63, 0.6, 0.5, 0.27, 0.5, 0.0, 0.55, 0.22, negative
0.58, 0.57, 0.54, 0.69, 0.5, 0.0, 0.54, 0.22, negative
0.61, 0.59, 0.47, 0.49, 0.5, 0.0, 0.54, 0.22, negative
0.63, 0.47, 0.56, 0.12, 0.5, 0.0, 0.5, 0.22, negative
0.55, 0.53, 0.54, 0.4, 0.5, 0.0, 0.48, 0.22, negative
0.41, 0.47, 0.58, 0.62, 0.5, 0.0, 0.5, 0.22, negative
0.57, 0.4, 0.48, 0.24, 0.5, 0.0, 0.55, 0.22, negative
0.46, 0.46, 0.56, 0.12, 0.5, 0.0, 0.55, 0.22, negative
0.47, 0.46, 0.55, 0.28, 0.5, 0.0, 0.44, 0.46, positive
0.39, 0.35, 0.49, 0.17, 0.5, 0.0, 0.49, 0.22, positive
0.58, 0.38, 0.4, 0.21, 0.5, 0.0, 0.5, 0.22, negative
0.53, 0.41, 0.5, 0.24, 1.0, 0.0, 0.47, 0.22, negative
0.43, 0.4, 0.5, 0.18, 0.5, 0.0, 0.5, 0.28, negative
0.41, 0.59, 0.46, 0.19, 0.5, 0.0, 0.36, 0.22, negative
0.58, 0.56, 0.52, 0.25, 0.5, 0.0, 0.57, 0.35, positive
0.51, 0.65, 0.53, 0.19, 0.5, 0.0, 0.49, 0.22, negative
0.81, 0.79, 0.32, 0.37, 0.5, 0.0, 0.41, 0.22, negative
0.44, 0.41, 0.29, 0.21, 0.5, 0.0, 0.49, 0.22, negative
0.56, 0.63, 0.52, 0.2, 0.5, 0.0, 0.34, 0.26, positive
0.42, 0.28, 0.57, 0.18, 0.5, 0.0, 0.42, 0.22, positive
0.6, 0.51, 0.52, 0.45, 0.5, 0.0, 0.5, 0.27, negative
0.36, 0.39, 0.55, 0.26, 0.5, 0.0, 0.49, 0.22, positive
0.5, 0.36, 0.53, 0.41, 0.5, 0.0, 0.55, 0.36, negative
0.78, 0.63, 0.53, 0.13, 0.5, 0.0, 0.54, 0.22, negative
0.47, 0.59, 0.37, 0.31, 0.5, 0.0, 0.51, 0.36, positive
0.48, 0.62, 0.52, 0.3, 0.5, 0.0, 0.51, 0.37, positive
0.53, 0.61, 0.51, 0.49, 0.5, 0.0, 0.54, 0.27, negative
0.48, 0.54, 0.53, 0.6, 0.5, 0.0, 0.53, 0.31, positive
0.36, 0.44, 0.51, 0.17, 0.5, 0.0, 0.6, 0.19, positive
0.11, 0.41, 0.67, 0.13, 0.5, 0.0, 0.45, 0.29, positive
0.4, 0.53, 0.44, 0.18, 0.5, 0.0, 0.54, 0.31, positive
0.35, 0.5, 0.44, 0.27, 0.5, 0.0, 0.51, 0.22, negative
0.49, 0.44, 0.51, 0.18, 0.5, 0.0, 0.52, 0.27, negative
0.35, 0.44, 0.54, 0.26, 0.5, 0.0, 0.52, 0.26, positive
0.43, 0.28, 0.53, 0.34, 0.5, 0.0, 0.55, 0.57, positive
0.33, 0.48, 0.55, 0.16, 0.5, 0.0, 0.53, 0.75, positive
0.45, 0.21, 0.49, 0.24, 0.5, 0.0, 0.46, 0.31, positive
0.44, 0.34, 0.61, 0.13, 0.5, 0.0, 0.49, 0.26, positive
0.87, 0.47, 0.6, 0.47, 0.5, 0.0, 0.59, 0.22, positive
0.3, 0.55, 0.58, 0.16, 0.5, 0.0, 0.61, 0.28, positive
0.29, 0.34, 0.55, 0.24, 0.5, 0.0, 0.51, 0.22, negative
0.75, 0.67, 0.51, 0.29, 0.5, 0.0, 0.52, 0.36, negative
0.47, 0.47, 0.5, 0.15, 0.5, 0.0, 0.5, 0.48, positive
0.64, 0.76, 0.51, 0.18, 0.5, 0.0, 0.46, 0.22, positive
0.45, 0.41, 0.58, 0.48, 0.5, 0.0, 0.53, 0.64, positive
0.9, 0.54, 0.59, 0.2, 0.5, 0.0, 0.48, 0.22, positive
0.88, 0.59, 0.54, 0.39, 0.5, 0.0, 0.41, 0.3, positive
0.69, 0.62, 0.49, 0.0, 1.0, 0.0, 0.47, 0.22, positive
0.83, 0.57, 0.42, 0.57, 0.5, 0.0, 0.5, 0.32, negative
0.43, 0.38, 0.38, 0.12, 0.5, 0.0, 0.5, 0.22, negative
0.78, 0.65, 0.4, 0.16, 0.5, 0.0, 0.63, 0.22, negative
0.52, 0.64, 0.34, 0.16, 0.5, 0.0, 0.57, 0.22, negative
0.75, 0.66, 0.64, 0.39, 0.5, 0.0, 0.46, 0.32, negative
0.41, 0.49, 0.58, 0.22, 0.5, 0.0, 0.52, 0.22, negative
0.58, 0.51, 0.56, 0.16, 0.5, 0.0, 0.34, 0.22, positive
0.48, 0.49, 0.45, 0.23, 0.5, 0.0, 0.51, 0.22, negative
0.39, 0.42, 0.49, 0.1, 0.5, 0.0, 0.49, 0.65, positive
0.31, 0.42, 0.48, 0.17, 0.5, 0.0, 0.49, 0.53, positive
0.39, 0.28, 0.54, 0.14, 0.5, 0.0, 0.59, 0.22, negative
0.49, 0.27, 0.57, 0.18, 0.5, 0.83, 0.54, 0.22, negative
0.28, 0.48, 0.56, 0.16, 0.5, 0.0, 0.48, 0.26, negative
0.69, 0.39, 0.52, 0.12, 0.5, 0.0, 0.38, 0.35, negative
0.64, 0.52, 0.5, 0.26, 0.5, 0.0, 0.51, 0.31, positive
0.56, 0.48, 0.5, 0.3, 0.5, 0.0, 0.51, 0.22, negative
0.5, 0.5, 0.54, 0.16, 0.5, 0.0, 0.49, 0.22, negative
0.47, 0.43, 0.59, 0.27, 0.5, 0.0, 0.55, 0.22, negative
0.5, 0.51, 0.57, 0.27, 0.5, 0.0, 0.48, 0.22, negative
0.53, 0.51, 0.36, 0.13, 0.5, 0.0, 0.52, 0.22, negative
0.6, 0.54, 0.54, 0.53, 0.5, 0.0, 0.52, 0.27, negative
0.49, 0.52, 0.53, 0.7, 0.5, 0.0, 0.51, 0.22, negative
0.49, 0.45, 0.53, 0.16, 0.5, 0.0, 0.49, 0.31, negative
0.51, 0.46, 0.57, 0.25, 0.5, 0.0, 0.53, 0.22, negative
0.49, 0.45, 0.46, 0.18, 0.5, 0.0, 0.49, 0.31, negative
0.52, 0.46, 0.51, 0.18, 0.5, 0.0, 0.5, 0.22, negative
0.55, 0.59, 0.52, 0.1, 0.5, 0.0, 0.53, 0.22, negative
0.39, 0.58, 0.5, 0.1, 0.5, 0.0, 0.51, 0.25, negative
0.7, 0.84, 0.49, 0.28, 1.0, 0.0, 0.58, 0.22, negative
0.33, 0.38, 0.45, 0.19, 0.5, 0.0, 0.54, 0.37, positive
0.61, 0.46, 0.44, 0.47, 0.5, 0.0, 0.5, 0.37, positive
0.41, 0.48, 0.38, 0.13, 0.5, 0.0, 0.51, 0.35, negative
0.37, 0.42, 0.6, 0.13, 0.5, 0.0, 0.51, 0.22, positive
0.45, 0.58, 0.59, 0.44, 0.5, 0.0, 0.56, 0.22, negative
0.74, 0.89, 0.32, 0.24, 0.5, 0.0, 0.54, 0.32, negative
0.28, 0.46, 0.26, 0.18, 0.5, 0.0, 0.39, 0.22, negative
0.51, 0.46, 0.49, 0.21, 0.5, 0.0, 0.55, 0.22, negative
0.8, 0.82, 0.57, 0.26, 0.5, 0.0, 0.57, 0.27, negative
0.46, 0.49, 0.45, 0.28, 0.5, 0.0, 0.55, 0.22, negative
0.4, 0.36, 0.55, 0.15, 0.5, 0.0, 0.53, 0.22, negative
0.5, 0.32, 0.49, 0.49, 0.5, 0.0, 0.48, 0.32, negative
0.45, 0.53, 0.47, 0.43, 0.5, 0.0, 0.5, 0.27, negative
0.56, 0.68, 0.52, 0.39, 0.5, 0.0, 0.36, 0.22, negative
0.48, 0.45, 0.59, 0.35, 0.5, 0.0, 0.55, 0.3, negative
0.26, 0.28, 0.6, 0.2, 0.5, 0.0, 0.54, 0.31, negative
0.59, 0.45, 0.58, 0.21, 0.5, 0.0, 0.49, 0.22, negative
0.48, 0.52, 0.49, 0.35, 0.5, 0.5, 0.51, 0.22, negative
0.5, 0.57, 0.62, 0.25, 0.5, 0.0, 0.51, 0.22, negative
0.57, 0.49, 0.5, 0.2, 0.5, 0.0, 0.51, 0.28, negative
0.62, 0.43, 0.49, 0.29, 0.5, 0.0, 0.5, 0.27, negative
0.45, 0.41, 0.49, 0.14, 1.0, 0.0, 0.53, 0.3, negative
0.47, 0.49, 0.6, 0.15, 0.5, 0.0, 0.38, 0.22, negative
0.41, 0.48, 0.54, 0.24, 0.5, 0.0, 0.37, 0.51, positive
0.46, 0.46, 0.53, 0.23, 0.5, 0.0, 0.51, 0.22, negative
0.48, 0.42, 0.48, 0.19, 0.5, 0.0, 0.58, 0.22, negative
0.43, 0.45, 0.53, 0.19, 0.5, 0.0, 0.56, 0.22, negative
0.28, 0.36, 0.55, 0.15, 0.5, 0.0, 0.57, 0.22, negative
0.74, 0.72, 0.5, 0.28, 0.5, 0.0, 0.5, 0.27, negative
0.74, 0.72, 0.5, 0.28, 0.5, 0.0, 0.49, 0.27, negative
0.38, 0.62, 0.52, 0.14, 0.5, 0.0, 0.53, 0.22, negative
0.77, 0.72, 0.48, 0.26, 0.5, 0.0, 0.51, 0.22, negative
0.44, 0.42, 0.57, 0.22, 0.5, 0.0, 0.5, 0.25, positive
0.74, 0.74, 0.51, 0.27, 0.5, 0.0, 0.5, 0.22, negative
0.39, 0.81, 0.35, 0.28, 0.5, 0.0, 0.51, 0.45, negative
0.53, 0.54, 0.43, 0.18, 0.5, 0.0, 0.53, 0.31, positive
0.38, 0.45, 0.37, 0.19, 0.5, 0.0, 0.52, 0.3, negative
0.4, 0.37, 0.54, 0.13, 0.5, 0.0, 0.48, 0.22, positive
0.31, 0.3, 0.34, 0.19, 0.5, 0.0, 0.55, 0.3, negative
0.5, 0.42, 0.57, 0.49, 0.5, 0.0, 0.48, 0.27, positive
0.59, 0.61, 0.51, 0.62, 0.5, 0.0, 0.51, 0.38, negative
0.45, 0.4, 0.43, 0.22, 0.5, 0.0, 0.51, 0.48, positive
0.47, 0.54, 0.53, 0.77, 0.5, 0.0, 0.52, 0.36, negative
0.77, 0.78, 0.51, 0.28, 0.5, 0.0, 0.33, 0.22, negative
0.74, 0.71, 0.52, 0.3, 0.5, 0.0, 0.27, 0.22, negative
0.47, 0.61, 0.5, 0.23, 0.5, 0.0, 0.49, 0.22, negative
0.78, 0.69, 0.44, 0.26, 0.5, 0.0, 0.54, 0.22, negative
0.49, 0.6, 0.3, 0.34, 0.5, 0.0, 0.5, 0.43, negative
0.27, 0.56, 0.3, 0.14, 0.5, 0.0, 0.52, 0.39, negative
0.4, 0.39, 0.33, 0.17, 0.5, 0.0, 0.51, 0.31, negative
0.55, 0.51, 0.54, 0.2, 0.5, 0.0, 0.56, 0.22, negative
0.95, 0.71, 0.27, 0.39, 0.5, 0.0, 0.31, 0.22, negative
0.97, 0.71, 0.29, 0.42, 0.5, 0.0, 0.35, 0.22, negative
0.44, 0.43, 0.34, 0.21, 0.5, 0.0, 0.55, 0.4, negative
0.39, 0.49, 0.3, 0.19, 0.5, 0.0, 0.52, 0.31, negative
0.38, 0.48, 0.51, 0.13, 0.5, 0.0, 0.5, 0.32, positive
0.27, 0.49, 0.36, 0.26, 0.5, 0.0, 0.49, 0.26, negative
0.49, 0.48, 0.52, 0.2, 0.5, 0.0, 0.55, 0.22, positive
0.36, 0.39, 0.54, 0.16, 0.5, 0.0, 0.5, 0.28, positive
0.54, 0.53, 0.48, 0.14, 0.5, 0.0, 0.49, 0.33, positive
0.25, 0.39, 0.5, 0.23, 0.5, 0.0, 0.5, 0.28, positive
0.49, 0.71, 0.54, 0.13, 0.5, 0.0, 0.58, 0.22, positive
0.5, 0.45, 0.53, 0.21, 0.5, 0.0, 0.28, 0.22, positive
0.46, 0.37, 0.48, 0.36, 0.5, 0.0, 0.48, 0.22, negative
0.66, 0.55, 0.34, 0.2, 0.5, 0.0, 0.62, 0.22, negative
0.42, 0.65, 0.58, 0.34, 0.5, 0.0, 0.5, 0.22, negative
0.45, 0.47, 0.53, 0.15, 0.5, 0.0, 0.52, 0.27, negative
0.42, 0.28, 0.51, 0.23, 0.5, 0.0, 0.53, 0.27, positive
0.51, 0.48, 0.46, 0.29, 0.5, 0.0, 0.54, 0.22, negative
0.75, 0.69, 0.48, 0.13, 0.5, 0.0, 0.57, 0.4, negative
0.69, 0.7, 0.5, 0.3, 0.5, 0.0, 0.54, 0.22, negative
0.46, 0.62, 0.54, 0.25, 0.5, 0.0, 0.46, 0.22, negative
0.52, 0.46, 0.56, 0.2, 0.5, 0.0, 0.5, 0.22, negative
0.33, 0.35, 0.56, 0.19, 0.5, 0.0, 0.5, 0.22, positive
0.56, 0.48, 0.5, 0.17, 0.5, 0.0, 0.51, 0.26, negative
0.77, 0.57, 0.45, 0.17, 0.5, 0.0, 0.53, 0.22, negative
0.56, 0.59, 0.54, 0.18, 0.5, 0.0, 0.48, 0.46, positive
0.48, 0.41, 0.54, 0.39, 0.5, 0.0, 0.51, 0.22, positive
0.3, 0.3, 0.46, 0.32, 0.5, 0.0, 0.45, 0.22, positive
0.38, 0.26, 0.6, 0.1, 0.5, 0.0, 0.48, 0.44, positive
0.68, 0.39, 0.5, 0.15, 0.5, 0.0, 0.48, 0.37, positive
0.62, 0.41, 0.52, 0.17, 0.5, 0.0, 0.48, 0.22, positive
0.52, 0.37, 0.48, 0.13, 0.5, 0.0, 0.55, 0.22, positive
0.32, 0.48, 0.49, 0.17, 0.5, 0.0, 0.47, 0.22, positive
0.34, 0.35, 0.58, 0.2, 0.5, 0.0, 0.46, 0.32, positive
0.33, 0.21, 0.53, 0.15, 1.0, 0.0, 0.52, 0.5, positive
0.51, 0.39, 0.56, 0.25, 0.5, 0.0, 0.51, 0.33, positive
0.28, 0.51, 0.55, 0.19, 0.5, 0.0, 0.57, 0.22, negative
0.51, 0.51, 0.56, 0.28, 0.5, 0.0, 0.54, 0.27, negative
0.48, 0.56, 0.49, 0.32, 0.5, 0.0, 0.5, 0.22, negative
0.59, 0.46, 0.48, 0.46, 0.5, 0.0, 0.49, 0.22, negative
0.51, 0.46, 0.4, 0.65, 0.5, 0.0, 0.49, 0.22, negative
0.81, 0.55, 0.35, 0.34, 0.5, 0.0, 0.51, 0.22, negative
0.53, 0.45, 0.53, 0.18, 0.5, 0.0, 0.42, 0.22, negative
0.45, 0.27, 0.5, 0.33, 0.5, 0.0, 0.53, 0.26, negative
0.36, 0.33, 0.38, 0.15, 0.5, 0.0, 0.55, 0.36, negative
0.48, 0.5, 0.56, 0.11, 0.5, 0.0, 0.33, 0.22, negative
0.35, 0.47, 0.53, 0.19, 0.5, 0.0, 0.48, 0.22, negative
0.48, 0.48, 0.56, 0.18, 0.5, 0.0, 0.58, 0.22, negative
0.6, 0.59, 0.47, 0.47, 0.5, 0.0, 0.53, 0.22, negative
0.29, 0.4, 0.41, 0.48, 0.5, 0.0, 0.53, 0.3, positive
0.58, 0.53, 0.33, 0.26, 0.5, 0.0, 0.51, 0.22, negative
0.46, 0.43, 0.5, 0.24, 0.5, 0.0, 0.48, 0.31, negative
0.43, 0.46, 0.5, 0.21, 0.5, 0.0, 0.49, 0.34, negative
0.5, 0.62, 0.52, 0.3, 0.5, 0.0, 0.56, 0.22, negative
0.64, 0.53, 0.59, 0.14, 0.5, 0.0, 0.53, 0.22, negative
0.57, 0.6, 0.54, 0.17, 0.5, 0.0, 0.52, 0.22, negative
0.38, 0.31, 0.59, 0.19, 0.5, 0.0, 0.46, 0.22, negative
0.68, 0.53, 0.44, 0.31, 0.5, 0.0, 0.51, 0.22, negative
0.24, 0.41, 0.47, 0.16, 0.5, 0.0, 0.51, 0.38, positive
0.61, 0.39, 0.53, 0.14, 0.5, 0.0, 0.43, 0.26, positive
0.39, 0.16, 0.59, 0.08, 0.5, 0.0, 0.51, 0.27, positive
0.51, 0.55, 0.56, 0.18, 0.5, 0.0, 0.5, 0.38, positive
0.39, 0.44, 0.54, 0.24, 0.5, 0.0, 0.51, 0.49, positive
0.47, 0.43, 0.48, 0.16, 0.5, 0.0, 0.46, 0.27, positive
0.52, 0.5, 0.51, 0.2, 0.5, 0.0, 0.51, 0.22, positive
0.36, 0.48, 0.5, 0.13, 0.5, 0.0, 0.49, 0.6, positive
0.45, 0.54, 0.49, 0.29, 0.5, 0.0, 0.49, 0.25, positive
0.55, 0.59, 0.53, 0.15, 0.5, 0.0, 0.49, 0.22, positive
0.31, 0.39, 0.55, 0.28, 0.5, 0.0, 0.46, 0.31, positive
0.64, 0.5, 0.53, 0.1, 0.5, 0.0, 0.51, 0.22, positive
0.41, 0.52, 0.56, 0.26, 0.5, 0.0, 0.48, 0.32, positive
0.48, 0.47, 0.59, 0.41, 0.5, 0.0, 0.56, 0.27, positive
0.49, 0.49, 0.51, 0.29, 0.5, 0.0, 0.52, 0.71, positive
0.41, 0.52, 0.51, 0.22, 0.5, 0.0, 0.52, 0.44, positive
0.51, 0.61, 0.5, 0.23, 0.5, 0.0, 0.52, 0.61, positive
0.4, 0.6, 0.5, 0.16, 0.5, 0.0, 0.51, 0.22, negative
0.54, 0.53, 0.53, 0.17, 0.5, 0.0, 0.51, 0.39, positive
0.61, 0.46, 0.54, 0.11, 0.5, 0.0, 0.47, 0.22, negative
0.66, 0.55, 0.54, 0.18, 0.5, 0.0, 0.43, 0.22, negative
0.53, 0.46, 0.54, 0.37, 0.5, 0.0, 0.51, 0.3, positive
0.58, 0.31, 0.6, 0.12, 0.5, 0.0, 0.47, 0.33, positive
0.49, 0.67, 0.5, 0.28, 0.5, 0.0, 0.43, 0.22, positive
0.44, 0.33, 0.55, 0.16, 0.5, 0.0, 0.49, 0.22, positive
0.44, 0.45, 0.53, 0.19, 0.5, 0.0, 0.41, 0.28, positive
0.45, 0.66, 0.39, 0.11, 0.5, 0.0, 0.54, 0.22, negative
0.32, 0.49, 0.53, 0.28, 0.5, 0.0, 0.5, 0.5, positive
0.35, 0.42, 0.56, 0.28, 0.5, 0.0, 0.47, 0.22, positive
0.46, 0.41, 0.58, 0.1, 0.5, 0.0, 0.48, 0.22, positive
0.57, 0.51, 0.58, 0.22, 0.5, 0.0, 0.51, 0.22, positive
0.34, 0.58, 0.5, 0.26, 0.5, 0.0, 0.51, 0.22, positive
0.55, 0.45, 0.58, 0.25, 0.5, 0.0, 0.49, 0.22, positive
0.4, 0.66, 0.34, 0.21, 0.5, 0.0, 0.52, 0.26, positive
0.64, 0.44, 0.51, 0.35, 0.5, 0.0, 0.53, 0.22, negative
0.35, 0.4, 0.44, 0.25, 0.5, 0.0, 0.53, 0.57, positive
0.55, 0.38, 0.64, 0.42, 0.5, 0.0, 0.47, 0.22, negative
0.47, 0.53, 0.48, 0.51, 0.5, 0.0, 0.54, 0.22, negative
0.45, 0.52, 0.5, 0.12, 0.5, 0.0, 0.6, 0.22, negative
0.47, 0.45, 0.51, 0.33, 0.5, 0.0, 0.46, 0.26, positive
0.5, 0.36, 0.64, 0.37, 0.5, 0.0, 0.37, 0.33, positive
0.43, 0.44, 0.64, 0.19, 0.5, 0.0, 0.38, 0.33, positive
0.39, 0.39, 0.59, 0.25, 0.5, 0.0, 0.45, 0.22, negative
0.54, 0.55, 0.56, 0.14, 0.5, 0.0, 0.5, 0.25, negative
0.45, 0.5, 0.57, 0.29, 0.5, 0.0, 0.44, 0.11, negative
0.45, 0.5, 0.57, 0.29, 0.5, 0.0, 0.44, 0.11, negative
0.61, 0.38, 0.57, 0.36, 0.5, 0.0, 0.44, 0.21, negative
0.61, 0.38, 0.57, 0.36, 0.5, 0.0, 0.44, 0.21, negative
0.43, 0.33, 0.54, 0.37, 0.5, 0.0, 0.38, 0.16, negative
0.51, 0.39, 0.58, 0.19, 0.5, 0.0, 0.47, 0.22, negative
0.72, 0.51, 0.52, 0.08, 0.5, 0.0, 0.54, 0.22, positive
0.35, 0.41, 0.53, 0.27, 0.5, 0.0, 0.47, 0.29, positive
0.56, 0.49, 0.54, 0.15, 0.5, 0.0, 0.5, 0.35, positive
0.57, 0.37, 0.43, 0.27, 0.5, 0.0, 0.53, 0.28, positive
0.57, 0.49, 0.61, 0.26, 0.5, 0.0, 0.52, 0.22, positive
0.48, 0.45, 0.63, 0.19, 0.5, 0.0, 0.58, 0.22, positive
0.34, 0.48, 0.47, 0.19, 0.5, 0.0, 0.5, 0.3, positive
0.38, 0.44, 0.55, 0.44, 0.5, 0.0, 0.47, 0.51, positive
0.4, 0.3, 0.57, 0.13, 0.5, 0.0, 0.46, 0.22, positive
0.27, 0.31, 0.55, 0.13, 0.5, 0.0, 0.5, 0.22, positive
0.52, 0.46, 0.56, 0.25, 0.5, 0.0, 0.52, 0.22, positive
0.44, 0.5, 0.55, 0.24, 0.5, 0.0, 0.48, 0.22, positive
0.34, 0.47, 0.48, 0.32, 0.5, 0.0, 0.42, 0.22, positive
0.5, 0.56, 0.63, 0.25, 0.5, 0.0, 0.42, 0.22, positive
0.46, 0.53, 0.47, 0.37, 0.5, 0.0, 0.51, 0.36, positive
0.31, 0.6, 0.65, 0.18, 0.5, 0.0, 0.46, 0.22, positive
0.57, 0.42, 0.63, 0.22, 0.5, 0.0, 0.68, 0.32, positive
0.37, 0.45, 0.53, 0.14, 0.5, 0.0, 0.49, 0.22, positive
0.38, 0.38, 0.54, 0.24, 0.5, 0.0, 0.54, 0.22, positive
0.36, 0.49, 0.55, 0.21, 0.5, 0.0, 0.55, 0.33, positive
0.29, 0.4, 0.5, 0.16, 0.5, 0.0, 0.51, 0.34, positive
0.35, 0.33, 0.48, 0.42, 0.5, 0.0, 0.47, 0.43, negative
0.46, 0.35, 0.69, 0.18, 0.5, 0.0, 0.3, 0.25, negative
0.46, 0.35, 0.69, 0.18, 0.5, 0.0, 0.3, 0.25, negative
0.57, 0.43, 0.52, 0.3, 0.5, 0.0, 0.37, 0.11, negative
0.57, 0.43, 0.52, 0.3, 0.5, 0.0, 0.37, 0.11, negative
0.59, 0.51, 0.48, 0.12, 0.5, 0.0, 0.54, 0.31, negative
0.61, 0.53, 0.59, 0.17, 0.5, 0.0, 0.44, 0.28, negative
0.61, 0.48, 0.56, 0.19, 0.5, 0.0, 0.53, 0.31, negative
0.61, 0.48, 0.56, 0.19, 0.5, 0.0, 0.53, 0.31, negative
0.44, 0.56, 0.52, 0.18, 0.5, 0.0, 0.5, 0.11, negative
0.72, 0.37, 0.63, 0.38, 0.5, 0.0, 0.4, 0.14, negative
0.72, 0.37, 0.63, 0.38, 0.5, 0.0, 0.4, 0.14, negative
0.44, 0.36, 0.64, 0.45, 0.5, 0.0, 0.53, 0.11, negative
0.58, 0.45, 0.55, 0.27, 0.5, 0.0, 0.48, 0.11, negative
0.63, 0.64, 0.45, 0.26, 0.5, 0.0, 0.43, 0.22, negative
0.63, 0.64, 0.45, 0.26, 0.5, 0.0, 0.43, 0.22, negative
0.43, 0.33, 0.67, 0.12, 0.5, 0.0, 0.45, 0.23, negative
0.43, 0.33, 0.67, 0.12, 0.5, 0.0, 0.43, 0.23, negative
0.38, 0.43, 0.53, 0.22, 0.5, 0.0, 0.48, 0.11, negative
0.4, 0.45, 0.61, 0.29, 0.5, 0.0, 0.44, 0.22, negative
0.34, 0.34, 0.65, 0.4, 0.5, 0.0, 0.32, 0.16, negative
0.34, 0.34, 0.65, 0.4, 0.5, 0.0, 0.32, 0.16, negative
0.43, 0.22, 0.79, 0.79, 0.5, 0.0, 0.22, 0.0, negative
0.35, 0.21, 1.0, 0.8, 0.5, 0.0, 0.13, 0.01, negative
0.35, 0.21, 1.0, 0.8, 0.5, 0.0, 0.13, 0.01, negative
0.56, 0.35, 0.47, 0.41, 0.5, 0.0, 0.5, 0.22, negative
0.35, 0.39, 0.56, 0.2, 0.5, 0.0, 0.49, 0.41, negative
0.48, 0.46, 0.58, 0.16, 0.5, 0.0, 0.45, 0.22, negative
0.69, 0.54, 0.55, 0.23, 0.5, 0.0, 0.73, 0.22, negative
0.73, 0.6, 0.47, 0.2, 0.5, 0.0, 0.72, 0.22, negative
0.42, 0.49, 0.49, 0.36, 0.5, 0.0, 0.57, 0.26, negative
0.44, 0.62, 0.53, 0.27, 0.5, 0.0, 0.49, 0.22, positive
0.47, 0.56, 0.46, 0.5, 0.5, 0.0, 0.51, 0.22, negative
0.46, 0.33, 0.45, 0.22, 0.5, 0.0, 0.41, 0.37, negative
0.32, 0.44, 0.54, 0.21, 0.5, 0.0, 0.4, 0.19, negative
0.32, 0.44, 0.54, 0.21, 0.5, 0.0, 0.4, 0.19, negative
0.48, 0.41, 0.52, 0.33, 0.5, 0.0, 0.51, 0.26, negative
0.46, 0.39, 0.54, 0.22, 0.5, 0.0, 0.48, 0.25, negative
0.46, 0.39, 0.54, 0.22, 0.5, 0.0, 0.48, 0.25, negative
0.42, 0.5, 0.64, 0.13, 0.5, 0.0, 0.49, 0.22, negative
0.46, 0.54, 0.59, 0.41, 0.5, 0.0, 0.53, 0.21, negative
0.46, 0.54, 0.59, 0.41, 0.5, 0.0, 0.53, 0.21, negative
0.39, 0.65, 0.57, 0.19, 0.5, 0.0, 0.44, 0.25, negative
0.39, 0.65, 0.57, 0.19, 0.5, 0.0, 0.43, 0.25, negative
0.38, 0.5, 0.52, 0.44, 0.5, 0.0, 0.54, 0.11, negative
0.38, 0.5, 0.52, 0.44, 0.5, 0.0, 0.54, 0.11, negative
0.51, 0.52, 0.58, 0.17, 0.5, 0.0, 0.47, 0.28, negative
0.5, 0.5, 0.62, 0.23, 0.5, 0.0, 0.35, 0.11, negative
0.41, 0.49, 0.65, 0.28, 0.5, 0.0, 0.59, 0.57, negative
0.53, 0.57, 0.6, 0.36, 0.5, 0.0, 0.5, 0.22, negative
0.53, 0.57, 0.6, 0.36, 0.5, 0.0, 0.5, 0.22, negative
0.37, 0.3, 0.62, 0.43, 0.5, 0.0, 0.44, 0.39, negative
0.37, 0.3, 0.62, 0.43, 0.5, 0.0, 0.44, 0.39, negative
0.6, 0.57, 0.52, 0.14, 0.5, 0.0, 0.46, 0.48, positive
0.57, 0.5, 0.4, 0.08, 0.5, 0.0, 0.47, 0.22, negative
0.51, 0.4, 0.5, 0.28, 0.5, 0.0, 0.48, 0.27, negative
0.77, 0.86, 0.44, 0.27, 0.5, 0.0, 0.48, 0.22, negative
0.59, 0.54, 0.53, 0.14, 0.5, 0.0, 0.48, 0.22, negative
0.5, 0.48, 0.48, 0.23, 0.5, 0.0, 0.53, 0.68, negative
0.39, 1.0, 0.38, 0.41, 0.5, 0.0, 0.5, 0.27, negative
0.56, 0.42, 0.52, 0.14, 0.5, 0.0, 0.51, 0.22, negative
0.39, 0.46, 0.33, 0.18, 0.5, 0.0, 0.53, 0.22, negative
0.52, 0.54, 0.47, 0.49, 0.5, 0.0, 0.54, 0.22, negative
0.46, 0.49, 0.55, 0.18, 0.5, 0.0, 0.56, 0.22, positive
0.53, 0.51, 0.55, 0.57, 0.5, 0.0, 0.46, 0.22, negative
0.54, 0.64, 0.4, 0.56, 0.5, 0.0, 0.51, 0.22, negative
0.47, 0.58, 0.47, 0.52, 0.5, 0.0, 0.54, 0.22, negative
0.46, 0.42, 0.51, 0.16, 0.5, 0.0, 0.56, 0.22, negative
0.6, 0.51, 0.49, 0.18, 0.5, 0.0, 0.53, 0.38, negative
0.85, 0.66, 0.49, 0.18, 0.5, 0.0, 0.51, 0.22, negative
0.49, 0.38, 0.56, 0.09, 0.5, 0.0, 0.46, 0.22, negative
0.55, 0.55, 0.52, 0.13, 0.5, 0.0, 0.53, 0.25, negative
0.46, 0.44, 0.58, 0.17, 0.5, 0.0, 0.55, 0.22, negative
0.34, 0.46, 0.52, 0.19, 0.5, 0.0, 0.53, 0.26, negative
0.58, 0.56, 0.46, 0.14, 0.5, 0.0, 0.51, 0.22, negative
0.46, 0.47, 0.44, 0.18, 1.0, 0.0, 0.46, 0.22, negative
0.44, 0.71, 0.5, 0.21, 0.5, 0.0, 0.54, 0.27, negative
0.56, 0.49, 0.32, 0.22, 0.5, 0.0, 0.5, 0.22, negative
0.41, 0.49, 0.47, 0.09, 0.5, 0.0, 0.49, 0.22, negative
0.44, 0.51, 0.53, 0.3, 0.5, 0.0, 0.53, 0.22, negative
0.54, 0.51, 0.56, 0.15, 0.5, 0.0, 0.54, 0.31, negative
0.51, 0.51, 0.32, 0.27, 0.5, 0.0, 0.54, 0.22, negative
0.65, 0.66, 0.37, 0.12, 0.5, 0.0, 0.52, 0.27, negative
0.41, 0.4, 0.56, 0.17, 0.5, 0.0, 0.56, 0.22, negative
0.39, 0.71, 0.38, 0.14, 0.5, 0.0, 0.5, 0.22, negative
0.48, 0.51, 0.5, 0.24, 0.5, 0.0, 0.54, 0.38, negative
0.47, 0.52, 0.54, 0.25, 0.5, 0.0, 0.54, 0.29, negative
0.42, 0.28, 0.33, 0.23, 0.5, 0.0, 0.39, 0.26, negative
0.47, 0.37, 0.46, 0.28, 0.5, 0.0, 0.52, 0.99, positive
0.48, 0.5, 0.47, 0.29, 0.5, 0.0, 0.46, 0.27, positive
0.3, 0.33, 0.55, 0.12, 0.5, 0.0, 0.53, 0.38, negative
0.49, 0.49, 0.52, 0.18, 0.5, 0.0, 0.51, 0.25, positive
0.54, 0.59, 0.57, 0.34, 0.5, 0.0, 0.49, 0.22, positive
0.7, 0.78, 0.53, 0.24, 0.5, 0.0, 0.48, 0.22, negative
0.85, 0.69, 0.34, 0.31, 0.5, 0.0, 0.57, 0.3, negative
0.56, 0.59, 0.45, 0.15, 0.5, 0.0, 0.54, 0.22, negative
0.7, 0.57, 0.34, 0.19, 0.5, 0.0, 0.53, 0.27, negative
0.42, 0.43, 0.67, 0.7, 0.5, 0.0, 0.42, 0.25, negative
0.4, 0.49, 0.53, 0.23, 0.5, 0.0, 0.44, 0.26, positive
0.45, 0.41, 0.53, 0.49, 0.5, 0.0, 0.49, 0.31, positive
0.42, 0.28, 0.49, 0.22, 0.5, 0.0, 0.55, 0.34, positive
0.47, 0.5, 0.47, 0.22, 0.5, 0.0, 0.53, 0.45, positive
0.33, 0.42, 0.55, 0.23, 0.5, 0.0, 0.52, 0.43, positive
0.56, 0.55, 0.57, 0.15, 0.5, 0.0, 0.54, 0.25, negative
0.37, 0.47, 0.49, 0.12, 0.5, 0.0, 0.47, 0.31, positive
0.32, 0.6, 0.48, 0.13, 0.5, 0.0, 0.53, 0.22, positive
0.46, 0.56, 0.56, 0.25, 0.5, 0.0, 0.43, 0.22, positive
0.46, 0.48, 0.38, 0.22, 0.5, 0.0, 0.39, 0.45, negative
0.8, 0.69, 0.53, 0.33, 0.5, 0.0, 0.51, 0.22, negative
0.19, 0.16, 0.68, 0.36, 0.5, 0.0, 0.49, 0.21, positive
0.4, 0.43, 0.36, 0.33, 0.5, 0.0, 0.51, 0.22, negative
0.47, 0.56, 0.51, 0.2, 0.5, 0.0, 0.52, 0.59, positive
0.4, 0.75, 0.44, 0.12, 0.5, 0.0, 0.49, 0.22, positive
0.57, 0.51, 0.34, 0.13, 0.5, 0.0, 0.53, 0.27, negative
0.23, 0.37, 0.32, 0.13, 0.5, 0.0, 0.53, 0.22, negative
0.25, 0.35, 0.22, 0.18, 0.5, 0.0, 0.46, 0.22, negative
0.39, 0.45, 0.51, 0.29, 0.5, 0.0, 0.54, 0.22, negative
0.33, 0.47, 0.55, 0.24, 0.5, 0.0, 0.45, 0.67, positive
0.37, 0.4, 0.38, 0.18, 0.5, 0.0, 0.51, 0.22, negative
0.66, 0.43, 0.57, 0.6, 0.5, 0.0, 0.19, 0.33, positive
0.33, 0.46, 0.6, 0.18, 0.5, 0.0, 0.51, 0.26, positive
0.54, 0.6, 0.57, 0.17, 0.5, 0.0, 0.44, 0.22, positive
0.45, 0.57, 0.38, 0.28, 0.5, 0.0, 0.53, 0.31, negative
0.55, 0.57, 0.51, 0.07, 0.5, 0.0, 0.55, 0.22, negative
0.54, 0.47, 0.58, 0.4, 0.5, 0.0, 0.46, 0.27, negative
0.36, 0.32, 0.55, 0.27, 0.5, 0.0, 0.47, 0.43, positive
0.46, 0.41, 0.45, 0.23, 0.5, 0.0, 0.48, 0.22, positive
0.4, 0.39, 0.6, 0.23, 0.5, 0.0, 0.52, 0.31, positive
0.52, 0.47, 0.58, 0.18, 0.5, 0.0, 0.34, 0.11, negative
0.52, 0.47, 0.58, 0.18, 0.5, 0.0, 0.34, 0.11, negative
0.44, 0.43, 0.46, 0.28, 0.5, 0.0, 0.45, 0.29, positive
0.46, 0.5, 0.5, 0.28, 0.5, 0.0, 0.5, 0.37, positive
0.77, 0.73, 0.49, 0.46, 0.5, 0.0, 0.38, 0.22, negative
0.38, 0.58, 0.46, 0.21, 0.5, 0.0, 0.52, 0.22, positive
0.32, 0.68, 0.51, 0.16, 0.5, 0.83, 0.55, 0.22, negative
0.27, 0.46, 0.52, 0.17, 0.5, 0.0, 0.49, 0.44, positive
0.52, 0.45, 0.45, 0.13, 0.5, 0.0, 0.48, 0.22, positive
0.37, 0.29, 0.45, 0.15, 0.5, 0.0, 0.49, 0.22, positive
0.37, 0.48, 0.67, 0.37, 0.5, 0.0, 0.56, 0.62, positive
0.44, 0.59, 0.54, 0.18, 0.5, 0.0, 0.49, 0.22, positive
0.48, 0.65, 0.36, 0.24, 0.5, 0.0, 0.54, 0.31, positive
0.59, 0.49, 0.45, 0.22, 0.5, 0.0, 0.45, 0.31, positive
0.5, 0.43, 0.5, 0.17, 0.5, 0.0, 0.46, 0.47, positive
0.23, 0.13, 0.51, 0.16, 0.5, 0.0, 0.53, 0.51, positive
0.49, 0.6, 0.54, 0.35, 0.5, 0.0, 0.53, 0.46, positive
0.52, 0.31, 0.56, 0.16, 0.5, 0.0, 0.55, 0.22, positive
0.6, 0.62, 0.54, 0.11, 0.5, 0.0, 0.51, 0.22, positive
0.55, 0.47, 0.53, 0.2, 0.5, 0.0, 0.4, 0.22, positive
0.47, 0.32, 0.51, 0.24, 0.5, 0.0, 0.54, 0.27, positive
0.25, 0.33, 0.48, 0.18, 0.5, 0.0, 0.42, 0.33, positive
0.55, 0.46, 0.47, 0.15, 0.5, 0.0, 0.47, 0.22, negative
0.5, 0.52, 0.51, 0.22, 0.5, 0.0, 0.46, 0.37, negative
0.62, 0.33, 0.49, 0.24, 0.5, 0.0, 0.51, 0.42, negative
0.52, 0.56, 0.55, 0.16, 0.5, 0.0, 0.53, 0.39, negative
0.51, 0.48, 0.51, 0.19, 0.5, 0.0, 0.51, 0.27, negative
0.51, 0.48, 0.51, 0.26, 0.5, 0.0, 0.51, 0.27, negative
0.53, 0.48, 0.51, 0.18, 0.5, 0.0, 0.51, 0.27, negative
0.6, 0.46, 0.51, 0.1, 0.5, 0.0, 0.48, 0.31, negative
0.6, 0.46, 0.51, 0.1, 0.5, 0.0, 0.48, 0.31, negative
0.51, 0.5, 0.49, 0.45, 0.5, 0.0, 0.48, 0.22, negative
0.38, 0.42, 0.47, 0.12, 0.5, 0.0, 0.47, 0.53, positive
0.19, 0.66, 0.6, 0.14, 0.5, 0.0, 0.2, 0.25, positive
0.41, 0.42, 0.23, 0.16, 0.5, 0.0, 0.4, 0.22, negative
0.49, 0.31, 0.43, 0.24, 0.5, 0.0, 0.54, 0.22, negative
0.46, 0.41, 0.43, 0.18, 0.5, 0.0, 0.54, 0.22, negative
0.83, 0.81, 0.45, 0.38, 0.5, 0.0, 0.4, 0.26, negative
0.38, 0.51, 0.56, 0.21, 0.5, 0.0, 0.48, 0.31, positive
0.32, 0.36, 0.28, 0.38, 0.5, 0.0, 0.5, 0.4, negative
0.4, 0.65, 0.38, 0.17, 0.5, 0.0, 0.57, 0.22, negative
0.36, 0.37, 0.63, 0.25, 0.5, 0.0, 0.3, 0.22, negative
0.49, 0.55, 0.41, 0.19, 0.5, 0.0, 0.48, 0.31, negative
0.88, 0.72, 0.32, 0.3, 0.5, 0.0, 0.52, 0.33, negative
0.44, 0.4, 0.53, 0.19, 0.5, 0.0, 0.48, 0.27, negative
0.45, 0.57, 0.52, 0.21, 0.5, 0.0, 0.54, 0.38, positive
0.46, 0.61, 0.38, 0.35, 0.5, 0.0, 0.49, 0.22, negative
0.55, 0.41, 0.67, 0.61, 0.5, 0.0, 0.49, 0.14, negative
0.28, 0.18, 0.72, 0.26, 0.5, 0.0, 0.49, 0.25, negative
0.66, 0.65, 0.53, 0.17, 0.5, 0.0, 0.47, 0.66, positive
0.48, 0.54, 0.56, 0.29, 0.5, 0.0, 0.51, 0.43, positive
0.58, 0.43, 0.32, 0.11, 0.5, 0.0, 0.49, 0.22, negative
0.58, 0.64, 0.42, 0.3, 0.5, 0.0, 0.54, 0.22, positive
0.74, 0.82, 0.46, 0.24, 0.5, 0.0, 0.5, 0.31, negative
0.74, 0.82, 0.46, 0.24, 0.5, 0.0, 0.48, 0.22, negative
0.39, 0.39, 0.65, 0.16, 0.5, 0.0, 0.45, 0.22, negative
0.51, 0.59, 0.55, 0.21, 0.5, 0.0, 0.52, 0.22, negative
0.43, 0.28, 0.41, 0.32, 0.5, 0.0, 0.52, 0.22, negative
0.41, 0.49, 0.55, 0.13, 0.5, 0.0, 0.55, 0.22, negative
0.23, 0.29, 0.46, 0.0, 0.5, 0.0, 0.43, 0.31, negative
0.25, 0.48, 0.45, 0.32, 0.5, 0.0, 0.4, 0.22, negative
0.61, 0.54, 0.54, 0.38, 0.5, 0.0, 0.54, 0.29, negative
0.47, 0.47, 0.5, 0.19, 0.5, 0.0, 0.51, 0.26, positive
0.55, 0.38, 0.52, 0.16, 0.5, 0.0, 0.49, 0.64, positive
0.41, 0.39, 0.61, 0.17, 0.5, 0.0, 0.5, 0.61, positive
0.41, 0.56, 0.53, 0.16, 0.5, 0.0, 0.55, 0.26, positive
0.78, 0.73, 0.27, 0.28, 0.5, 0.0, 0.56, 0.22, negative
0.31, 0.4, 0.31, 0.17, 0.5, 0.0, 0.52, 0.22, negative
0.44, 0.65, 0.49, 0.16, 0.5, 0.0, 0.48, 0.31, positive
0.48, 0.44, 0.46, 0.37, 0.5, 0.0, 0.46, 0.36, negative
0.5, 0.49, 0.46, 0.22, 0.5, 0.0, 0.53, 0.25, negative
0.62, 0.42, 0.47, 0.16, 0.5, 0.0, 0.52, 0.22, negative
0.59, 0.51, 0.47, 0.21, 0.5, 0.0, 0.47, 0.22, negative
0.39, 0.47, 0.49, 0.2, 0.5, 0.0, 0.53, 0.26, negative
0.49, 0.48, 0.52, 0.24, 0.5, 0.0, 0.5, 0.22, negative
0.59, 0.48, 0.49, 0.42, 0.5, 0.0, 0.52, 0.22, negative
0.57, 0.35, 0.5, 0.43, 0.5, 0.0, 0.53, 0.22, negative
0.61, 0.52, 0.5, 0.44, 0.5, 0.0, 0.53, 0.22, negative
0.49, 0.51, 0.52, 0.13, 0.5, 0.0, 0.51, 0.33, positive
0.45, 0.4, 0.56, 0.15, 0.5, 0.0, 0.52, 0.22, positive
0.63, 0.43, 0.48, 0.11, 0.5, 0.0, 0.51, 0.22, negative
0.63, 0.43, 0.48, 0.11, 0.5, 0.0, 0.51, 0.22, negative
0.52, 0.45, 0.53, 0.34, 0.5, 0.0, 0.52, 0.44, negative
0.54, 0.48, 0.55, 0.33, 0.5, 0.0, 0.55, 0.4, negative
0.55, 0.79, 0.45, 0.25, 0.5, 0.0, 0.51, 0.22, positive
0.58, 0.51, 0.63, 0.2, 0.5, 0.0, 0.5, 0.42, positive
0.63, 0.58, 0.57, 0.1, 0.5, 0.0, 0.52, 0.33, positive
0.54, 0.67, 0.56, 0.15, 0.5, 0.0, 0.57, 0.33, positive
0.41, 0.59, 0.65, 0.14, 0.5, 0.0, 0.49, 0.33, positive
0.47, 0.38, 0.5, 0.15, 0.5, 0.0, 0.49, 0.47, positive
0.33, 0.17, 0.52, 0.13, 0.5, 0.0, 0.51, 0.75, positive
0.42, 0.5, 0.59, 0.17, 0.5, 0.0, 0.51, 0.22, negative
0.31, 0.31, 0.57, 0.15, 0.5, 0.0, 0.5, 0.22, negative
0.38, 0.42, 0.5, 0.19, 0.5, 0.0, 0.44, 0.22, negative
0.38, 0.42, 0.5, 0.19, 0.5, 0.0, 0.44, 0.22, negative
0.47, 0.56, 0.58, 0.19, 0.5, 0.0, 0.44, 0.64, negative
0.32, 0.32, 0.52, 0.18, 0.5, 0.0, 0.48, 0.34, negative
0.28, 0.27, 0.5, 0.14, 0.5, 0.0, 0.5, 0.28, negative
0.41, 0.46, 0.57, 0.25, 0.5, 0.0, 0.57, 0.38, negative
0.44, 0.54, 0.51, 0.16, 0.5, 0.0, 0.58, 0.22, negative
0.44, 0.55, 0.51, 0.16, 0.5, 0.0, 0.6, 0.22, negative
0.77, 0.7, 0.44, 0.29, 0.5, 0.0, 0.56, 0.22, negative
0.4, 0.56, 0.53, 0.15, 0.5, 0.0, 0.49, 0.22, negative
0.79, 0.79, 0.42, 0.26, 0.5, 0.0, 0.6, 0.22, negative
0.8, 0.83, 0.43, 0.24, 0.5, 0.0, 0.54, 0.22, negative
0.55, 0.69, 0.51, 0.12, 0.5, 0.0, 0.51, 0.22, negative
0.47, 0.46, 0.53, 0.12, 0.5, 0.0, 0.51, 0.25, positive
0.57, 0.29, 0.63, 0.22, 0.5, 0.0, 0.49, 0.27, positive
0.52, 0.49, 0.59, 0.21, 0.5, 0.0, 0.47, 0.22, positive
0.45, 0.36, 0.5, 0.19, 0.5, 0.0, 0.53, 0.7, positive
0.53, 0.51, 0.54, 0.21, 0.5, 0.0, 0.45, 0.22, positive
0.49, 0.5, 0.42, 0.43, 0.5, 0.0, 0.5, 0.36, negative
0.44, 0.49, 0.49, 0.27, 0.5, 0.0, 0.52, 0.22, negative
0.25, 0.26, 0.53, 0.17, 0.5, 0.0, 0.45, 0.22, negative
0.42, 0.37, 0.54, 0.17, 0.5, 0.0, 0.51, 0.22, negative
0.39, 0.45, 0.75, 0.17, 0.5, 0.0, 0.51, 0.22, negative
0.63, 0.54, 0.53, 0.27, 0.5, 0.0, 0.49, 0.22, negative
0.4, 0.44, 0.5, 0.13, 0.5, 0.0, 0.52, 0.39, negative
0.49, 0.38, 0.49, 0.15, 0.5, 0.0, 0.53, 0.25, positive
0.53, 0.45, 0.52, 0.29, 0.5, 0.0, 0.55, 0.38, negative
0.62, 0.6, 0.54, 0.22, 0.5, 0.0, 0.54, 0.27, negative
0.57, 0.36, 0.51, 0.25, 0.5, 0.0, 0.54, 0.25, negative
0.45, 0.76, 0.51, 0.25, 0.5, 0.0, 0.59, 0.22, negative
0.48, 0.44, 0.51, 0.24, 0.5, 0.0, 0.49, 0.22, negative
0.59, 0.64, 0.44, 0.26, 0.5, 0.0, 0.5, 0.22, negative
0.79, 0.56, 0.53, 0.19, 0.5, 0.0, 0.47, 0.35, negative
0.79, 0.62, 0.35, 0.35, 0.5, 0.0, 0.6, 0.28, negative
0.59, 0.46, 0.57, 0.17, 0.5, 0.0, 0.52, 0.22, negative
0.53, 0.42, 0.53, 0.19, 0.5, 0.0, 0.47, 0.22, negative
0.59, 0.46, 0.55, 0.17, 0.5, 0.0, 0.52, 0.25, negative
0.61, 0.73, 0.5, 0.58, 0.5, 0.0, 0.5, 0.22, negative
0.5, 0.43, 0.56, 0.17, 0.5, 0.0, 0.35, 0.22, positive
0.36, 0.52, 0.61, 0.33, 0.5, 0.0, 0.52, 0.37, positive
0.52, 0.51, 0.48, 0.12, 0.5, 0.0, 0.54, 0.31, negative
0.56, 0.46, 0.51, 0.25, 0.5, 0.0, 0.54, 0.22, negative
0.47, 0.46, 0.49, 0.27, 0.5, 0.0, 0.59, 0.22, negative
0.5, 0.46, 0.49, 0.27, 0.5, 0.0, 0.6, 0.22, negative
0.43, 0.48, 0.36, 0.26, 0.5, 0.0, 0.52, 0.22, negative
0.5, 0.44, 0.57, 0.28, 0.5, 0.0, 0.57, 0.22, negative
0.46, 0.47, 0.62, 0.3, 0.5, 0.0, 0.38, 0.22, negative
0.59, 0.7, 0.46, 0.19, 0.5, 0.0, 0.54, 0.44, negative
0.19, 0.41, 0.55, 0.13, 0.5, 0.0, 0.52, 0.25, negative
0.27, 0.43, 0.5, 0.13, 0.5, 0.0, 0.54, 0.31, negative
0.42, 0.46, 0.44, 0.17, 0.5, 0.0, 0.51, 0.42, negative
0.34, 0.42, 0.48, 0.19, 0.5, 0.0, 0.46, 0.31, positive
0.6, 0.57, 0.63, 0.22, 0.5, 0.0, 0.5, 0.49, positive
0.48, 0.39, 0.56, 0.23, 0.5, 0.0, 0.6, 0.22, negative
0.56, 0.49, 0.47, 0.13, 0.5, 0.0, 0.52, 0.22, positive
0.47, 0.59, 0.56, 0.09, 0.5, 0.0, 0.5, 0.22, negative
0.4, 0.28, 0.58, 0.44, 0.5, 0.0, 0.41, 0.22, negative
0.54, 0.35, 0.55, 0.19, 0.5, 0.0, 0.3, 0.22, negative
0.5, 0.47, 0.45, 0.14, 0.5, 0.0, 0.53, 0.32, negative
0.55, 0.49, 0.6, 0.18, 0.5, 0.0, 0.51, 0.22, positive
0.55, 0.44, 0.5, 0.09, 0.5, 0.0, 0.55, 0.22, negative
0.66, 0.37, 0.6, 0.25, 0.5, 0.0, 0.69, 0.22, negative
0.51, 0.49, 0.48, 0.55, 0.5, 0.0, 0.52, 0.58, negative
0.68, 0.68, 0.35, 0.16, 0.5, 0.0, 0.62, 0.22, negative
0.44, 0.35, 0.55, 0.14, 0.5, 0.0, 0.52, 0.22, negative
0.73, 0.59, 0.35, 0.15, 0.5, 0.0, 0.54, 0.22, negative
0.6, 0.37, 0.52, 0.15, 0.5, 0.0, 0.55, 0.26, negative
0.48, 0.58, 0.58, 0.12, 0.5, 0.0, 0.49, 0.22, negative
0.65, 0.58, 0.53, 0.21, 0.5, 0.0, 0.51, 0.22, negative
0.48, 0.49, 0.49, 0.26, 0.5, 0.0, 0.39, 0.27, negative
0.5, 0.55, 0.52, 0.16, 0.5, 0.0, 0.51, 0.31, negative
0.65, 0.63, 0.47, 0.22, 0.5, 0.0, 0.52, 0.27, negative
0.41, 0.48, 0.51, 0.2, 0.5, 0.0, 0.51, 0.22, negative
0.63, 0.56, 0.52, 0.21, 0.5, 0.0, 0.5, 0.22, negative
0.56, 0.68, 0.42, 0.36, 0.5, 0.0, 0.49, 0.22, negative
0.57, 0.47, 0.48, 0.17, 0.5, 0.0, 0.52, 0.26, negative
0.5, 0.4, 0.57, 0.17, 0.5, 0.0, 0.59, 0.22, negative
0.78, 0.71, 0.35, 0.25, 0.5, 0.0, 0.49, 0.22, negative
0.64, 0.56, 0.52, 0.17, 0.5, 0.0, 0.54, 0.47, positive
1.0, 0.8, 0.29, 0.36, 0.5, 0.0, 0.52, 0.22, negative
0.51, 0.39, 0.56, 0.55, 0.5, 0.0, 0.46, 0.64, negative
0.69, 0.66, 0.36, 0.09, 0.5, 0.0, 0.56, 0.22, negative
0.4, 0.45, 0.45, 0.15, 0.5, 0.0, 0.53, 0.48, positive
0.49, 0.53, 0.36, 0.15, 0.5, 0.0, 0.52, 0.27, negative
0.39, 0.63, 0.41, 0.27, 0.5, 0.0, 0.49, 0.22, negative
0.88, 0.75, 0.41, 0.36, 0.5, 0.0, 0.43, 0.22, negative
0.49, 0.49, 0.4, 0.2, 0.5, 0.0, 0.48, 0.26, negative
0.57, 0.53, 0.6, 0.28, 0.5, 0.0, 0.52, 0.45, positive
0.5, 0.47, 0.56, 0.31, 0.5, 0.0, 0.56, 0.26, negative
0.71, 0.79, 0.41, 0.38, 0.5, 0.0, 0.54, 0.22, negative
0.33, 0.49, 0.46, 0.22, 0.5, 0.0, 0.53, 0.33, negative
0.47, 0.41, 0.46, 0.18, 0.5, 0.0, 0.53, 0.22, negative
0.45, 0.39, 0.46, 0.29, 0.5, 0.0, 0.42, 0.22, negative
0.59, 0.56, 0.5, 0.48, 0.5, 0.0, 0.46, 0.22, negative
0.32, 0.3, 0.57, 0.38, 0.5, 0.0, 0.5, 0.25, positive
0.26, 0.3, 0.37, 0.15, 0.5, 0.0, 0.53, 0.25, negative
0.28, 0.41, 0.46, 0.18, 0.5, 0.0, 0.47, 0.39, positive
0.45, 0.5, 0.43, 0.16, 0.5, 0.0, 0.52, 0.28, negative
0.24, 0.25, 0.57, 0.28, 0.5, 0.0, 0.51, 0.11, negative
0.46, 0.61, 0.55, 0.29, 0.5, 0.0, 0.49, 0.22, negative
0.54, 0.44, 0.38, 0.22, 0.5, 0.0, 0.54, 0.3, negative
0.25, 0.41, 0.47, 0.14, 0.5, 0.0, 0.56, 0.68, positive
0.43, 0.41, 0.37, 0.18, 0.5, 0.0, 0.54, 0.31, negative
0.4, 0.44, 0.47, 0.25, 0.5, 0.0, 0.54, 0.56, positive
0.46, 0.59, 0.38, 0.12, 0.5, 0.0, 0.5, 0.22, negative
0.8, 0.82, 0.4, 0.31, 0.5, 0.0, 0.57, 0.25, negative
0.29, 0.39, 0.46, 0.36, 0.5, 0.0, 0.51, 0.22, positive
0.4, 0.4, 0.43, 0.19, 0.5, 0.83, 0.48, 0.22, negative
0.57, 0.52, 0.46, 0.2, 0.5, 0.83, 0.52, 0.41, negative
0.43, 0.6, 0.4, 0.12, 0.5, 0.0, 0.49, 0.29, negative
0.56, 0.71, 0.47, 0.21, 0.5, 0.0, 0.52, 0.22, negative
0.65, 0.62, 0.26, 0.33, 0.5, 0.0, 0.55, 0.22, negative
0.77, 0.7, 0.37, 0.12, 0.5, 0.0, 0.49, 0.26, negative
0.47, 0.61, 0.32, 0.27, 0.5, 0.0, 0.5, 0.3, negative
0.71, 0.51, 0.49, 0.23, 0.5, 0.0, 0.3, 0.32, negative
0.59, 0.48, 0.49, 0.49, 0.5, 0.0, 0.36, 0.32, negative
0.58, 0.63, 0.52, 0.7, 0.5, 0.0, 0.46, 0.22, negative
0.3, 0.68, 0.41, 0.17, 0.5, 0.0, 0.51, 0.22, negative
0.74, 0.73, 0.32, 0.2, 0.5, 0.0, 0.55, 0.22, negative
0.55, 0.35, 0.36, 0.29, 0.5, 0.0, 0.51, 0.22, negative
0.35, 0.32, 0.31, 0.16, 0.5, 0.0, 0.56, 0.22, negative
0.67, 0.61, 0.39, 0.24, 0.5, 0.0, 0.51, 0.22, negative
0.69, 0.57, 0.39, 0.19, 0.5, 0.0, 0.48, 0.39, negative
0.47, 0.41, 0.53, 0.27, 0.5, 0.0, 0.47, 0.25, negative
0.39, 0.56, 0.34, 0.18, 0.5, 0.0, 0.49, 0.22, negative
0.32, 0.45, 0.39, 0.14, 0.5, 0.0, 0.45, 0.22, negative
0.75, 0.73, 0.35, 0.33, 0.5, 0.0, 0.49, 0.28, negative
0.54, 0.54, 0.56, 0.18, 0.5, 0.0, 0.46, 0.29, positive
0.71, 0.64, 0.42, 0.28, 0.5, 0.0, 0.43, 0.22, negative
0.28, 0.48, 0.36, 0.16, 0.5, 0.0, 0.53, 0.22, negative
0.58, 0.44, 0.45, 0.32, 0.5, 0.0, 0.52, 0.37, positive
0.52, 0.65, 0.36, 0.26, 0.5, 0.0, 0.44, 0.22, negative
0.48, 0.58, 0.47, 0.17, 0.5, 0.0, 0.53, 0.74, negative
0.4, 0.4, 0.44, 0.37, 0.5, 0.0, 0.53, 0.25, positive
0.38, 0.56, 0.38, 0.16, 0.5, 0.0, 0.53, 0.22, negative
0.8, 0.79, 0.43, 0.25, 0.5, 0.0, 0.52, 0.22, negative
0.63, 0.65, 0.42, 0.18, 0.5, 0.0, 0.54, 0.27, negative
0.47, 0.4, 0.63, 0.19, 0.5, 0.0, 0.52, 0.32, positive
0.83, 0.94, 0.32, 0.21, 0.5, 0.0, 0.51, 0.22, negative
0.61, 0.76, 0.3, 0.16, 0.5, 0.0, 0.45, 0.41, negative
0.33, 0.38, 0.47, 0.14, 0.5, 0.0, 0.51, 0.47, positive
0.38, 0.67, 0.33, 0.17, 0.5, 0.0, 0.51, 0.22, negative
0.5, 0.63, 0.45, 0.13, 0.5, 0.0, 0.45, 0.32, negative
0.2, 0.6, 0.5, 0.29, 0.5, 0.0, 0.51, 0.22, negative
0.51, 0.46, 0.41, 0.36, 0.5, 0.0, 0.49, 0.22, negative
0.92, 0.66, 0.52, 0.23, 0.5, 0.0, 0.53, 0.22, negative
0.49, 0.56, 0.37, 0.2, 0.5, 0.0, 0.53, 0.22, negative
0.86, 0.78, 0.34, 0.15, 0.5, 0.0, 0.53, 0.22, negative
0.38, 0.44, 0.57, 0.14, 0.5, 0.0, 0.53, 0.52, positive
0.8, 0.73, 0.47, 0.19, 0.5, 0.0, 0.49, 0.22, negative
0.49, 0.55, 0.35, 0.23, 0.5, 0.0, 0.57, 0.22, negative
0.63, 0.71, 0.44, 0.53, 0.5, 0.0, 0.52, 0.22, negative
0.6, 0.68, 0.3, 0.27, 0.5, 0.0, 0.55, 0.22, negative
0.4, 0.43, 0.49, 0.17, 0.5, 0.0, 0.51, 0.36, positive
0.82, 0.63, 0.47, 0.18, 0.5, 0.0, 0.5, 0.22, negative
0.77, 0.68, 0.35, 0.19, 0.5, 0.0, 0.53, 0.43, negative
0.51, 0.59, 0.46, 0.13, 0.5, 0.0, 0.48, 0.22, negative
0.52, 0.46, 0.34, 0.2, 0.5, 0.0, 0.51, 0.25, negative
0.47, 0.5, 0.6, 0.63, 0.5, 0.0, 0.38, 0.16, negative
0.34, 0.24, 0.51, 0.15, 0.5, 0.0, 0.54, 0.4, positive
0.35, 0.29, 0.46, 0.14, 0.5, 0.0, 0.54, 0.66, positive
0.58, 0.67, 0.49, 0.16, 0.5, 0.0, 0.47, 0.28, negative
0.85, 0.85, 0.3, 0.31, 0.5, 0.0, 0.55, 0.42, negative
0.36, 0.48, 0.61, 0.26, 0.5, 0.0, 0.5, 0.16, positive
0.41, 0.25, 0.59, 0.44, 0.5, 0.0, 0.6, 0.69, positive
0.3, 0.37, 0.4, 0.45, 0.5, 0.0, 0.48, 0.41, negative
0.57, 0.59, 0.49, 0.86, 0.5, 0.0, 0.47, 0.22, positive
0.38, 0.4, 0.39, 0.19, 0.5, 0.0, 0.46, 0.62, positive
0.77, 0.74, 0.37, 0.29, 0.5, 0.0, 0.45, 0.22, negative
0.47, 0.38, 0.58, 0.19, 0.5, 0.0, 0.57, 0.22, negative
0.5, 0.61, 0.44, 0.2, 0.5, 0.0, 0.49, 0.22, negative
0.41, 0.45, 0.46, 0.23, 0.5, 0.0, 0.5, 0.7, negative
0.74, 0.75, 0.45, 0.44, 0.5, 0.0, 0.52, 0.22, negative
0.25, 0.4, 0.52, 0.15, 0.5, 0.0, 0.56, 0.28, positive
0.58, 0.56, 0.38, 0.39, 0.5, 0.0, 0.54, 0.57, positive
0.32, 0.29, 0.29, 0.08, 0.5, 0.0, 0.52, 0.22, negative
0.38, 0.48, 0.57, 0.3, 0.5, 0.0, 0.41, 0.11, negative
0.38, 0.47, 0.47, 0.18, 0.5, 0.0, 0.44, 0.26, negative
0.63, 0.57, 0.5, 0.48, 0.5, 0.0, 0.51, 0.22, negative
0.51, 0.45, 0.62, 0.25, 0.5, 0.0, 0.59, 0.22, negative
0.59, 0.67, 0.54, 0.19, 0.5, 0.0, 0.48, 0.6, positive
0.6, 0.61, 0.54, 0.11, 0.5, 0.0, 0.46, 0.22, negative
0.48, 0.61, 0.57, 0.17, 0.5, 0.0, 0.45, 0.22, negative
0.71, 0.5, 0.5, 0.18, 0.5, 0.0, 0.46, 0.22, negative
0.61, 0.48, 0.54, 0.25, 0.5, 0.0, 0.5, 0.22, negative
0.38, 0.32, 0.64, 0.41, 0.5, 0.0, 0.44, 0.11, negative
0.38, 0.4, 0.66, 0.35, 0.5, 0.0, 0.43, 0.11, negative
0.81, 0.62, 0.43, 0.17, 0.5, 0.0, 0.53, 0.22, negative
0.67, 0.57, 0.36, 0.19, 0.5, 0.0, 0.56, 0.22, negative
0.43, 0.4, 0.6, 0.16, 0.5, 0.0, 0.53, 0.39, positive
0.65, 0.54, 0.54, 0.13, 0.5, 0.0, 0.53, 0.22, negative
0.5592, 0.4684, 0.5938, 0.2546, 0.5, 0.0, 0.5038, 0.22, positive
0.5609, 0.7356, 0.4391, 0.2681, 0.5, 0.0, 0.5209, 0.22, positive
0.5, 0.4355, 0.5518, 0.181, 0.5, 0.0, 0.3308, 0.22, positive
0.3627, 0.4819, 0.5002, 0.1317, 0.5, 0.0, 0.4907, 0.5998, positive
0.4697, 0.4707, 0.5887, 0.1848, 0.5, 0.0, 0.5697, 0.22, positive
0.5097, 0.3439, 0.6206, 0.3765, 0.5, 0.0, 0.4023, 0.3429, positive
0.448, 0.3857, 0.558, 0.152, 0.5, 0.0, 0.5139, 0.22, positive
0.5719, 0.4454, 0.4527, 0.3173, 0.5, 0.0, 0.5362, 0.3998, positive
0.3568, 0.4644, 0.4351, 0.2919, 0.5, 0.0, 0.4368, 0.22, positive
0.4976, 0.4539, 0.4884, 0.1555, 0.5, 0.0, 0.5484, 0.4316, positive
0.49, 0.4897, 0.52, 0.1805, 0.5, 0.0, 0.511, 0.2492, positive
0.247, 0.3993, 0.5174, 0.1478, 0.5, 0.0, 0.5593, 0.2796, positive
0.44, 0.5998, 0.5318, 0.1767, 0.5, 0.0, 0.4884, 0.2348, positive
0.4, 0.373, 0.537, 0.1391, 0.5, 0.0, 0.4922, 0.2352, positive
0.4859, 0.6082, 0.5318, 0.3296, 0.5, 0.0, 0.5218, 0.4232, positive
0.5596, 0.3648, 0.4421, 0.2561, 0.5, 0.0, 0.5248, 0.2696, positive
0.3316, 0.35, 0.5678, 0.19, 0.5, 0.0, 0.5031, 0.2247, positive
0.5575, 0.565, 0.51, 0.7874, 0.5, 0.0, 0.48, 0.22, positive
0.5045, 0.34, 0.5275, 0.201, 0.5, 0.0, 0.4945, 0.22, positive
0.5057, 0.5543, 0.5186, 0.6742, 0.5, 0.0, 0.5129, 0.2843, positive
0.4264, 0.4098, 0.5802, 0.2234, 0.5, 0.0, 0.5068, 0.2704, positive
0.5688, 0.524, 0.5628, 0.1656, 0.5, 0.0, 0.3708, 0.2284, positive
0.4491, 0.5686, 0.5227, 0.2077, 0.5, 0.0, 0.5382, 0.3791, positive
0.4248, 0.5531, 0.5983, 0.1548, 0.5, 0.0, 0.4974, 0.3521, positive
0.3689, 0.4989, 0.5545, 0.21, 0.5, 0.0, 0.5188, 0.3211, positive
0.4339, 0.4016, 0.5516, 0.2139, 0.5, 0.0, 0.5184, 0.2622, positive
0.6145, 0.591, 0.5713, 0.2264, 1.0, 0.0, 0.5396, 0.3245, positive
0.5901, 0.575, 0.525, 0.1499, 0.5, 0.0, 0.465, 0.475, positive
0.3686, 0.4329, 0.5436, 0.2364, 0.5, 0.0, 0.5136, 0.4686, positive
0.3424, 0.6455, 0.5003, 0.1527, 0.5, 0.0, 0.4821, 0.3542, positive
0.3119, 0.5999, 0.6484, 0.18, 0.5, 0.0, 0.4604, 0.22, positive
0.5312, 0.53, 0.5242, 0.1665, 0.5, 0.0, 0.49, 0.3654, positive
0.4395, 0.4277, 0.4623, 0.2782, 0.5, 0.0, 0.4505, 0.2918, positive
0.58, 0.4704, 0.5408, 0.1104, 0.5, 0.0, 0.508, 0.2596, positive
0.4557, 0.4071, 0.5742, 0.1058, 0.5, 0.0, 0.4786, 0.22, positive
0.4219, 0.2974, 0.587, 0.4519, 0.5, 0.0, 0.5793, 0.6752, positive
0.5422, 0.6673, 0.54, 0.1205, 0.5, 0.0, 0.5468, 0.22, positive
0.562, 0.4968, 0.468, 0.129, 0.5, 0.0, 0.519, 0.22, positive
0.3956, 0.39, 0.5297, 0.2702, 0.5, 0.0, 0.4442, 0.22, positive
0.3905, 0.6221, 0.3968, 0.21, 0.5, 0.0, 0.52, 0.2411, positive
0.4931, 0.4587, 0.4917, 0.2965, 0.5, 0.0, 0.4752, 0.3948, positive
0.6204, 0.6613, 0.5357, 0.1813, 0.5, 0.0, 0.4757, 0.626, positive
0.5261, 0.7581, 0.4859, 0.2022, 0.5, 0.0, 0.5379, 0.22, positive
0.3507, 0.4807, 0.44, 0.1923, 0.5, 0.0, 0.5462, 0.3223, positive
0.4564, 0.5591, 0.5091, 0.2836, 0.5, 0.0, 0.5091, 0.2309, positive
0.5582, 0.5191, 0.4814, 0.1714, 0.5, 0.0, 0.4623, 0.22, positive
0.3975, 0.47, 0.5288, 0.2325, 0.5, 0.0, 0.5137, 0.4713, positive
0.3663, 0.4463, 0.5225, 0.1512, 0.5, 0.0, 0.5312, 0.2088, positive
0.4001, 0.4803, 0.5249, 0.2299, 0.5, 0.0, 0.515, 0.4648, positive
0.4541, 0.4543, 0.52, 0.1971, 0.5, 0.0, 0.2398, 0.2243, positive
0.6137, 0.5666, 0.52, 0.1502, 0.5, 0.0, 0.4873, 0.4766, positive
0.3284, 0.4314, 0.5467, 0.2381, 0.5, 0.0, 0.5167, 0.4414, positive
0.3814, 0.4765, 0.5086, 0.1328, 0.5, 0.0, 0.5007, 0.3228, positive
0.2786, 0.3242, 0.4879, 0.1364, 0.5, 0.0, 0.5421, 0.705, positive
0.2695, 0.3124, 0.5492, 0.1305, 0.5, 0.0, 0.5016, 0.2216, positive
0.6241, 0.6151, 0.5641, 0.1586, 0.5, 0.0, 0.4966, 0.33, positive
0.3994, 0.3688, 0.537, 0.1324, 0.5, 0.0, 0.4806, 0.22, positive
0.58, 0.4758, 0.5515, 0.1042, 0.5, 0.0, 0.4812, 0.2542, positive
0.3755, 0.3861, 0.5361, 0.16, 0.5, 0.0, 0.5078, 0.2761, positive
0.57, 0.4971, 0.4978, 0.1671, 0.5, 0.0, 0.5278, 0.2307, positive
0.4412, 0.7317, 0.4858, 0.1246, 0.5, 0.0, 0.5312, 0.22, positive
0.5655, 0.5482, 0.6136, 0.33, 0.7272, 0.0, 0.5518, 0.4273, positive
0.6129, 0.5682, 0.4523, 0.2071, 0.5, 0.0, 0.5023, 0.4165, positive
0.3139, 0.3216, 0.567, 0.1761, 0.5, 0.0, 0.52, 0.3016, positive
0.3819, 0.3804, 0.54, 0.2388, 0.5, 0.0, 0.5396, 0.2219, positive
0.5319, 0.5309, 0.5328, 0.1747, 0.5, 0.0, 0.4909, 0.37, positive
0.3237, 0.42, 0.478, 0.1602, 0.5, 0.0, 0.4861, 0.53, positive
0.3624, 0.4731, 0.6596, 0.3693, 0.5, 0.0, 0.5545, 0.6158, positive
0.1871, 0.4649, 0.462, 0.126, 0.5, 0.0, 0.0423, 0.2581, positive
0.6796, 0.3927, 0.4998, 0.1502, 0.5, 0.0, 0.4811, 0.3698, positive
0.3747, 0.2928, 0.4547, 0.1557, 0.5, 0.0, 0.4919, 0.22, positive
0.5585, 0.4758, 0.5337, 0.3858, 0.5, 0.0, 0.5195, 0.2905, positive
0.2378, 0.1378, 0.51, 0.1593, 0.5, 0.0, 0.5307, 0.5022, positive
0.3709, 0.4336, 0.5432, 0.2368, 0.5, 0.0, 0.5132, 0.4709, positive
0.4691, 0.5431, 0.5047, 0.1684, 0.5, 0.0, 0.5331, 0.2262, positive
0.4802, 0.5414, 0.5595, 0.2914, 0.5, 0.0, 0.5105, 0.4307, positive
0.4093, 0.3474, 0.533, 0.1719, 0.5, 0.0, 0.4644, 0.4989, positive
0.3156, 0.4087, 0.4772, 0.1615, 0.5, 0.0, 0.4956, 0.5131, positive
0.6017, 0.5953, 0.5524, 0.2065, 0.5, 0.0, 0.4941, 0.25, positive
0.3821, 0.45, 0.53, 0.1491, 0.5, 0.0, 0.4961, 0.2291, positive
0.4552, 0.4148, 0.6337, 0.19, 0.5, 0.0, 0.4681, 0.3237, positive
0.5675, 0.5075, 0.5825, 0.2151, 0.5, 0.0, 0.51, 0.22, positive
0.5132, 0.4406, 0.5521, 0.1779, 0.5, 0.0, 0.3632, 0.22, positive
0.4898, 0.468, 0.5802, 0.4021, 0.5, 0.0, 0.5502, 0.2759, positive
0.5315, 0.5356, 0.5385, 0.1728, 0.5, 0.0, 0.5072, 0.3872, positive
0.5518, 0.4789, 0.5211, 0.1947, 0.5, 0.0, 0.4106, 0.22, positive
0.305, 0.4626, 0.5275, 0.3, 0.5, 0.0, 0.495, 0.515, positive
0.5297, 0.49, 0.5939, 0.2197, 0.5, 0.0, 0.4797, 0.22, positive
0.5701, 0.5298, 0.6003, 0.2792, 0.5, 0.0, 0.5198, 0.4497, positive
0.35, 0.4317, 0.5483, 0.2683, 0.5, 0.0, 0.4994, 0.2435, positive
0.4512, 0.4126, 0.6237, 0.1586, 0.5, 0.0, 0.5388, 0.3514, positive
0.6681, 0.4622, 0.4758, 0.47, 0.5, 0.0, 0.5201, 0.3365, positive
0.6136, 0.5666, 0.5925, 0.203, 0.5, 0.0, 0.5136, 0.4832, positive
0.4014, 0.4542, 0.4535, 0.1479, 0.5, 0.0, 0.5293, 0.4786, positive
0.3915, 0.3686, 0.54, 0.1272, 0.5, 0.0, 0.463, 0.2186, positive
0.3971, 0.5157, 0.56, 0.2386, 0.5, 0.0, 0.48, 0.3157, positive
0.3925, 0.5, 0.5126, 0.23, 0.5, 0.0, 0.4475, 0.25, positive
0.4226, 0.3851, 0.54, 0.1375, 0.5, 0.0, 0.4725, 0.22, positive
0.4587, 0.5518, 0.509, 0.1928, 0.5, 0.0, 0.5169, 0.591, positive
0.539, 0.53, 0.53, 0.17, 0.5, 0.0, 0.5081, 0.3881, positive
0.5153, 0.5201, 0.4998, 0.1351, 0.5, 0.0, 0.4999, 0.33, positive
0.3448, 0.5835, 0.5296, 0.1548, 0.5, 0.0, 0.5135, 0.22, positive
0.5356, 0.6292, 0.5128, 0.2172, 0.5, 0.0, 0.5072, 0.6068, positive
0.5552, 0.6448, 0.499, 0.2821, 0.5, 0.0, 0.5479, 0.22, positive
0.4383, 0.2372, 0.5211, 0.2166, 0.5, 0.0, 0.4444, 0.275, positive
0.4301, 0.5092, 0.5395, 0.15, 0.5, 0.0, 0.4501, 0.2601, positive
0.6324, 0.5628, 0.5219, 0.1709, 0.5, 0.0, 0.5343, 0.4691, positive
0.5518, 0.4537, 0.5827, 0.2509, 0.5, 0.0, 0.4927, 0.22, positive
0.6132, 0.476, 0.4655, 0.454, 0.5, 0.0, 0.5128, 0.3381, positive
0.552, 0.542, 0.56, 0.2195, 0.5, 0.0, 0.502, 0.368, positive
0.6425, 0.5059, 0.528, 0.0951, 0.5247, 0.0, 0.508, 0.22, positive
0.5715, 0.5085, 0.4915, 0.1413, 0.5, 0.0, 0.4715, 0.2372, positive
0.451, 0.4647, 0.5668, 0.1826, 0.5, 0.0, 0.3732, 0.2726, positive
0.329, 0.3445, 0.5965, 0.1835, 0.5, 0.0, 0.4931, 0.32, positive
0.4688, 0.3983, 0.5829, 0.1205, 0.5, 0.0, 0.4888, 0.22, positive
0.3231, 0.5934, 0.6138, 0.1734, 0.5, 0.0, 0.4764, 0.22, positive
0.43, 0.4102, 0.54, 0.2167, 0.5, 0.0, 0.5569, 0.3104, positive
0.2849, 0.4526, 0.5497, 0.1675, 0.5, 0.0, 0.4974, 0.4598, positive
0.5621, 0.49, 0.4721, 0.1363, 0.5, 0.0, 0.5179, 0.22, positive
0.3384, 0.4721, 0.5752, 0.2673, 0.5, 0.0, 0.4731, 0.6595, positive
0.2664, 0.3091, 0.5527, 0.1382, 0.5, 0.0, 0.4982, 0.2246, positive
0.3801, 0.3203, 0.4702, 0.1601, 0.5, 0.0, 0.49, 0.22, positive
0.5552, 0.7883, 0.4535, 0.246, 0.5, 0.0, 0.5071, 0.22, positive
0.328, 0.411, 0.462, 0.206, 0.5, 0.0, 0.508, 0.548, positive
0.44, 0.4647, 0.5588, 0.2312, 0.5, 0.0, 0.4888, 0.2332, positive
0.4079, 0.3445, 0.5178, 0.1678, 0.5, 0.0, 0.4722, 0.5055, positive
0.5225, 0.506, 0.533, 0.2, 0.5, 0.0, 0.55, 0.2395, positive
0.4541, 0.5688, 0.5653, 0.1512, 0.5, 0.0, 0.5235, 0.26, positive
0.2486, 0.4014, 0.5129, 0.1514, 0.5, 0.0, 0.5529, 0.2943, positive
0.4357, 0.4052, 0.5348, 0.4972, 0.5, 0.0, 0.4614, 0.2742, positive
0.5044, 0.5282, 0.5918, 0.1662, 0.5, 0.0, 0.2833, 0.3211, positive
0.4811, 0.492, 0.6229, 0.169, 0.5, 0.0, 0.313, 0.256, positive
0.5476, 0.6624, 0.5608, 0.1458, 0.5, 0.0, 0.5658, 0.33, positive
0.298, 0.381, 0.565, 0.295, 0.5, 0.0, 0.4331, 0.31, positive
0.51, 0.6064, 0.5087, 0.2307, 0.5, 0.0, 0.52, 0.6027, positive
0.5053, 0.3511, 0.6293, 0.3736, 0.5, 0.0, 0.3878, 0.3371, positive
0.3271, 0.4406, 0.5441, 0.2447, 0.5, 0.0, 0.5141, 0.4506, positive
0.5043, 0.3392, 0.5041, 0.1876, 0.5, 0.0, 0.4992, 0.22, positive
0.3442, 0.3532, 0.5332, 0.1108, 0.5, 0.0, 0.3642, 0.2108, positive
0.3495, 0.4003, 0.4405, 0.2489, 0.5, 0.0, 0.5295, 0.5695, positive
0.4801, 0.4012, 0.5525, 0.2388, 0.5, 0.0, 0.5325, 0.33, positive
0.3574, 0.4237, 0.5822, 0.2763, 0.5, 0.0, 0.4737, 0.22, positive
0.3644, 0.5394, 0.4675, 0.2356, 0.5, 0.0, 0.4775, 0.22, positive
0.56, 0.4311, 0.5426, 0.1589, 0.5, 0.0, 0.5005, 0.2221, positive
0.3799, 0.3696, 0.5603, 0.2104, 0.5, 0.0, 0.4893, 0.2194, positive
0.3849, 0.4274, 0.4651, 0.1274, 0.5, 0.0, 0.4848, 0.5177, positive
0.4439, 0.4612, 0.5249, 0.2137, 0.5, 0.0, 0.4039, 0.4949, positive
0.3525, 0.58, 0.5333, 0.1642, 0.5, 0.0, 0.5108, 0.22, positive
0.4178, 0.4623, 0.4989, 0.499, 0.5, 0.0, 0.4989, 0.2789, positive
0.8756, 0.537, 0.5665, 0.4253, 0.5, 0.0, 0.4895, 0.2647, positive
0.34, 0.4455, 0.4758, 0.19, 0.5, 0.0, 0.477, 0.3058, positive
0.4428, 0.4391, 0.4891, 0.1509, 0.5, 0.0, 0.46, 0.27, positive
0.3167, 0.4444, 0.4467, 0.1956, 0.5, 0.0, 0.5456, 0.3311, positive
0.5146, 0.5199, 0.5003, 0.1349, 0.5, 0.0, 0.5001, 0.33, positive
0.4703, 0.4603, 0.5497, 0.2791, 0.5, 0.0, 0.4399, 0.4607, positive
0.5159, 0.4881, 0.5634, 0.3372, 0.5, 0.0, 0.51, 0.3234, positive
0.5383, 0.5906, 0.5666, 0.3355, 0.5, 0.0, 0.4928, 0.22, positive
0.56, 0.4476, 0.5841, 0.1424, 0.5, 0.0, 0.5088, 0.2552, positive
0.5706, 0.5006, 0.56, 0.1612, 0.5, 0.0, 0.3412, 0.22, positive
0.4105, 0.4005, 0.579, 0.2265, 0.5, 0.0, 0.5375, 0.317, positive
0.3673, 0.3649, 0.56, 0.2049, 0.5, 0.0, 0.4925, 0.22, positive
0.5633, 0.46, 0.4983, 0.4117, 0.5, 0.0, 0.5058, 0.3292, positive
0.4792, 0.5411, 0.5026, 0.1692, 0.5, 0.0, 0.5296, 0.2215, positive
0.4325, 0.4575, 0.5188, 0.1775, 0.5, 0.0, 0.51, 0.2537, positive
0.5071, 0.6643, 0.5, 0.28, 0.5, 0.0, 0.4643, 0.22, positive
0.5218, 0.5613, 0.6213, 0.2374, 0.5, 0.0, 0.5174, 0.5074, positive
0.3845, 0.2779, 0.5821, 0.1157, 0.5, 0.0, 0.4778, 0.4557, positive
0.4111, 0.5633, 0.5285, 0.16, 0.5, 0.0, 0.5474, 0.2618, positive
0.43, 0.4002, 0.5993, 0.1607, 0.5, 0.0, 0.5305, 0.3893, positive
0.4485, 0.4015, 0.4306, 0.2179, 0.5, 0.0, 0.5106, 0.48, positive
0.5022, 0.4509, 0.53, 0.2096, 0.5, 0.0, 0.2852, 0.22, positive
0.64, 0.6174, 0.5635, 0.1889, 0.5, 0.0, 0.4333, 0.22, positive
0.4594, 0.5369, 0.4964, 0.2147, 0.5, 0.0, 0.5353, 0.4131, positive
0.468, 0.4899, 0.6288, 0.1696, 0.5, 0.0, 0.3078, 0.2599, positive
0.5393, 0.53, 0.53, 0.17, 0.5, 0.0, 0.5085, 0.3885, positive
0.3334, 0.5911, 0.5068, 0.1434, 0.5, 0.0, 0.5211, 0.22, positive
0.4788, 0.5009, 0.4715, 0.2925, 0.5, 0.0, 0.4612, 0.2685, positive
0.2528, 0.6286, 0.6262, 0.1609, 0.5, 0.0, 0.336, 0.2343, positive
0.2952, 0.3789, 0.5685, 0.2985, 0.5, 0.0, 0.4266, 0.31, positive
0.4361, 0.3196, 0.5452, 0.3826, 0.5, 0.0, 0.5439, 0.5913, positive
0.36, 0.4391, 0.5827, 0.26, 0.5, 0.0, 0.4955, 0.1873, positive
0.4077, 0.4123, 0.5363, 0.14, 0.5, 0.0, 0.4774, 0.22, positive
0.6025, 0.6049, 0.56, 0.2058, 0.5, 0.0, 0.5151, 0.33, positive
0.377, 0.3749, 0.56, 0.2169, 0.5, 0.0, 0.488, 0.22, positive
0.5677, 0.4905, 0.4814, 0.1618, 0.5, 0.0, 0.51, 0.22, positive
0.3156, 0.5607, 0.636, 0.18, 0.5, 0.0, 0.474, 0.2312, positive
0.273, 0.458, 0.5215, 0.173, 0.5, 0.0, 0.4915, 0.4395, positive
0.6132, 0.6079, 0.5378, 0.1067, 0.5, 0.0, 0.5133, 0.22, positive
0.4828, 0.5837, 0.5154, 0.2709, 0.5, 0.0, 0.5291, 0.22, positive
0.4614, 0.4594, 0.53, 0.5318, 0.5, 0.0, 0.5052, 0.31, positive
0.4917, 0.4845, 0.5145, 0.1861, 0.5, 0.0, 0.4494, 0.5089, positive
0.3962, 0.4444, 0.4538, 0.1444, 0.5, 0.0, 0.5187, 0.4894, positive
0.4007, 0.4829, 0.5239, 0.2293, 0.5, 0.0, 0.5154, 0.4632, positive
0.4006, 0.3394, 0.4935, 0.1841, 0.5, 0.0, 0.4971, 0.22, positive
0.37, 0.4375, 0.5591, 0.1358, 0.5, 0.0, 0.4983, 0.22, positive
0.3208, 0.4846, 0.5316, 0.2761, 0.5, 0.0, 0.5016, 0.4946, positive
0.4682, 0.4487, 0.5082, 0.331, 0.5, 0.0, 0.4618, 0.2597, positive
0.6394, 0.5601, 0.5215, 0.1707, 0.5, 0.0, 0.5394, 0.4703, positive
0.4049, 0.3109, 0.4849, 0.1919, 0.5, 0.0, 0.504, 0.22, positive
0.3022, 0.4171, 0.4932, 0.1539, 0.5, 0.0, 0.5007, 0.4561, positive
0.3783, 0.4145, 0.4776, 0.1762, 0.5, 0.0, 0.5193, 0.3631, positive
0.3788, 0.3734, 0.4956, 0.1056, 0.5, 0.0, 0.4937, 0.6686, positive
0.4674, 0.5558, 0.5126, 0.1732, 0.5, 0.0, 0.5174, 0.22, positive
0.55, 0.7672, 0.4581, 0.2549, 0.5, 0.0, 0.5165, 0.22, positive
0.4773, 0.4647, 0.5847, 0.4171, 0.5, 0.0, 0.5538, 0.2736, positive
0.5271, 0.5035, 0.5047, 0.1947, 0.5, 0.0, 0.5011, 0.22, positive
0.4285, 0.509, 0.5395, 0.154, 0.5, 0.0, 0.4495, 0.26, positive
0.5565, 0.6055, 0.5618, 0.1535, 0.5, 0.0, 0.4592, 0.22, positive
0.5016, 0.3468, 0.5784, 0.1661, 0.5, 0.0, 0.5255, 0.22, positive
0.5931, 0.4258, 0.57, 0.554, 0.5, 0.0, 0.3113, 0.3049, positive
0.5766, 0.4653, 0.542, 0.1107, 0.5, 0.0, 0.5113, 0.264, positive
0.4507, 0.3454, 0.6113, 0.1287, 0.5, 0.0, 0.4793, 0.2627, positive
0.3577, 0.4773, 0.4991, 0.1318, 0.5, 0.0, 0.49, 0.5968, positive
0.4595, 0.5616, 0.5592, 0.2505, 0.5, 0.0, 0.4316, 0.22, positive
0.5712, 0.5051, 0.4613, 0.1899, 0.5, 0.0, 0.4651, 0.3175, positive
0.4057, 0.4097, 0.4814, 0.2671, 0.5, 0.0, 0.5419, 0.5619, positive
0.4594, 0.4909, 0.5497, 0.1797, 0.5, 0.0, 0.5599, 0.2205, positive
0.2321, 0.6344, 0.6045, 0.1445, 0.5, 0.0, 0.2165, 0.2515, positive
0.3959, 0.3678, 0.5138, 0.1641, 0.5, 0.0, 0.5078, 0.2497, positive
0.3176, 0.3252, 0.5476, 0.1838, 0.5, 0.0, 0.5124, 0.2633, positive
0.5994, 0.4824, 0.4382, 0.5161, 0.5, 0.0, 0.54, 0.6282, positive
0.4253, 0.5068, 0.5384, 0.1626, 0.5, 0.0, 0.4484, 0.26, positive
0.4451, 0.2213, 0.49, 0.2368, 0.5, 0.0, 0.4746, 0.3149, positive
0.4425, 0.4931, 0.5113, 0.5391, 0.5, 0.0, 0.5113, 0.2913, positive
0.3993, 0.3049, 0.5741, 0.2049, 0.5, 0.0, 0.4283, 0.2034, positive
0.4681, 0.6, 0.5373, 0.3336, 0.5, 0.0, 0.5136, 0.4518, positive
0.2523, 0.4, 0.5189, 0.1506, 0.5, 0.0, 0.5572, 0.2834, positive
0.5573, 0.54, 0.5859, 0.1454, 0.5, 0.0, 0.5119, 0.2727, positive
0.6232, 0.7656, 0.4988, 0.1931, 0.5, 0.0, 0.4694, 0.22, positive
0.47, 0.32, 0.51, 0.24, 0.5, 0.0, 0.54, 0.27, positive
0.3201, 0.4501, 0.4401, 0.2, 0.5, 0.0, 0.5498, 0.3299, positive
0.4867, 0.4078, 0.5, 0.1611, 0.5, 0.0, 0.4733, 0.47, positive
0.5177, 0.4877, 0.5877, 0.2123, 0.5, 0.0, 0.4769, 0.2339, positive
0.454, 0.4894, 0.6206, 0.1672, 0.5, 0.0, 0.2929, 0.2594, positive
0.4955, 0.5005, 0.5185, 0.2, 0.5, 0.0, 0.4435, 0.5305, positive
0.47, 0.4625, 0.5226, 0.1373, 0.5, 0.0, 0.51, 0.2525, positive
0.582, 0.584, 0.5625, 0.1235, 0.5, 0.0, 0.5145, 0.2425, positive
0.5474, 0.4752, 0.5313, 0.2013, 0.5, 0.0, 0.4065, 0.22, positive
0.3209, 0.4514, 0.4414, 0.1995, 0.5, 0.0, 0.5477, 0.3286, positive
0.5315, 0.4461, 0.4742, 0.3079, 0.5, 0.0, 0.4897, 0.3882, positive
0.4723, 0.4114, 0.6209, 0.1923, 0.5, 0.0, 0.5337, 0.3246, positive
0.5302, 0.5366, 0.5398, 0.1733, 0.5, 0.0, 0.5067, 0.3867, positive
0.4547, 0.4153, 0.6338, 0.19, 0.5, 0.0, 0.4665, 0.3238, positive
0.3928, 0.5479, 0.4472, 0.1907, 0.5, 0.0, 0.5328, 0.2778, positive
0.5732, 0.4811, 0.5168, 0.4814, 0.5, 0.0, 0.5455, 0.22, positive
0.5666, 0.4333, 0.5499, 0.1501, 0.5, 0.0, 0.5131, 0.22, positive
0.4752, 0.5016, 0.5552, 0.2852, 0.5, 0.0, 0.4764, 0.4444, positive
0.5514, 0.5414, 0.5368, 0.1791, 0.5, 0.0, 0.5168, 0.3763, positive
0.5604, 0.49, 0.6052, 0.2216, 0.5, 0.0, 0.5152, 0.22, positive
0.3267, 0.4156, 0.483, 0.1959, 0.5, 0.0, 0.4659, 0.3056, positive
0.4166, 0.501, 0.5355, 0.1858, 0.5, 0.0, 0.4455, 0.26, positive
0.3024, 0.5605, 0.5107, 0.1212, 0.5, 0.0, 0.4993, 0.22, positive
0.3975, 0.4463, 0.4525, 0.1463, 0.5, 0.0, 0.5226, 0.4862, positive
0.3879, 0.4461, 0.49, 0.1498, 0.5, 0.0, 0.4939, 0.3398, positive
0.2794, 0.3154, 0.558, 0.138, 0.5, 0.0, 0.5027, 0.224, positive
0.5506, 0.4512, 0.5809, 0.2503, 0.5, 0.0, 0.4909, 0.22, positive
0.5673, 0.6096, 0.54, 0.1824, 0.5, 0.0, 0.48, 0.4943, positive
0.7087, 0.4638, 0.5008, 0.47, 0.5, 0.0, 0.5342, 0.313, positive
0.2782, 0.4, 0.5059, 0.157, 0.5, 0.0, 0.5248, 0.3222, positive
0.3906, 0.51, 0.5557, 0.1972, 0.5, 0.0, 0.4736, 0.2994, positive
0.3682, 0.2509, 0.4914, 0.1668, 0.5, 0.0, 0.51, 0.22, positive
0.4896, 0.4801, 0.5204, 0.1997, 0.5, 0.0, 0.5501, 0.22, positive
0.477, 0.4735, 0.507, 0.1935, 0.5, 0.0, 0.524, 0.246, positive
0.3754, 0.3246, 0.5577, 0.1218, 0.5, 0.0, 0.419, 0.2159, positive
0.3057, 0.3922, 0.4804, 0.1718, 0.5, 0.0, 0.5218, 0.3518, positive
0.4006, 0.4862, 0.4044, 0.2525, 0.5, 0.0, 0.4762, 0.22, positive
0.431, 0.4019, 0.6019, 0.1581, 0.5, 0.0, 0.5319, 0.3881, positive
0.5521, 0.4821, 0.56, 0.1635, 0.5, 0.0, 0.3435, 0.22, positive
0.44, 0.4451, 0.5106, 0.1706, 0.5, 0.0, 0.4343, 0.2751, positive
0.4284, 0.5765, 0.5092, 0.1927, 0.5, 0.0, 0.5357, 0.3908, positive
0.4879, 0.414, 0.5519, 0.4297, 0.5, 0.0, 0.4981, 0.2398, positive
0.5213, 0.5027, 0.5724, 0.2049, 0.5, 0.0, 0.4849, 0.2838, positive
0.4955, 0.3714, 0.5996, 0.181, 0.5, 0.0, 0.499, 0.22, positive
0.5975, 0.6185, 0.5395, 0.112, 0.5, 0.0, 0.509, 0.22, positive
0.4612, 0.4585, 0.53, 0.1274, 0.5, 0.0, 0.51, 0.25, positive
0.7332, 0.5122, 0.5251, 0.0888, 0.5, 0.0, 0.5356, 0.22, positive
0.4346, 0.4441, 0.4695, 0.3105, 0.5, 0.0, 0.4898, 0.3852, positive
0.5877, 0.46, 0.4548, 0.3736, 0.5, 0.0, 0.5, 0.4145, positive
0.437, 0.4762, 0.5684, 0.1846, 0.5, 0.0, 0.5692, 0.243, positive
0.4, 0.3686, 0.5406, 0.13, 0.5, 0.0, 0.4796, 0.22, positive
0.5649, 0.5052, 0.48, 0.1651, 0.5, 0.0, 0.4846, 0.22, positive
0.3603, 0.5866, 0.4666, 0.1837, 0.5, 0.0, 0.5233, 0.22, positive
0.328, 0.6293, 0.47, 0.1777, 0.5, 0.0, 0.5017, 0.408, positive
0.4328, 0.5828, 0.5376, 0.1752, 0.5, 0.0, 0.5044, 0.2296, positive
0.5547, 0.633, 0.5185, 0.2061, 0.5, 0.0, 0.3468, 0.257, positive
0.6836, 0.6045, 0.4952, 0.0129, 0.9356, 0.0, 0.4752, 0.22, positive
0.5023, 0.5526, 0.5549, 0.1838, 0.5, 0.0, 0.5051, 0.38, positive
0.4461, 0.4246, 0.6154, 0.1491, 0.5, 0.0, 0.5546, 0.3654, positive
0.3547, 0.4661, 0.6492, 0.3686, 0.5, 0.0, 0.5489, 0.6117, positive
0.4315, 0.4536, 0.53, 0.152, 0.5, 0.0, 0.51, 0.25, positive
0.3746, 0.6745, 0.4655, 0.16, 0.5, 0.0, 0.5209, 0.2855, positive
0.5069, 0.5358, 0.6162, 0.2362, 0.5, 0.0, 0.4373, 0.22, positive
0.5448, 0.4679, 0.53, 0.201, 0.5, 0.0, 0.3876, 0.22, positive
0.4542, 0.4921, 0.5153, 0.351, 0.5, 0.0, 0.481, 0.239, positive
0.51, 0.4501, 0.5734, 0.23, 0.5, 0.0, 0.5033, 0.2966, positive
0.3879, 0.4214, 0.4831, 0.1734, 0.5, 0.0, 0.5152, 0.3617, positive
0.4938, 0.6065, 0.6327, 0.18, 0.5, 0.0, 0.4677, 0.4204, positive
0.4304, 0.5071, 0.538, 0.15, 0.5, 0.0, 0.4504, 0.2604, positive
0.3317, 0.35, 0.5684, 0.19, 0.5, 0.0, 0.5034, 0.2251, positive
0.4784, 0.4572, 0.5333, 0.2856, 0.5, 0.0, 0.4484, 0.4433, positive
0.4353, 0.3935, 0.4994, 0.2711, 0.5, 0.0, 0.4142, 0.22, positive
0.6531, 0.6949, 0.5209, 0.6456, 0.5, 0.0, 0.53, 0.3556, positive
0.386, 0.5136, 0.5624, 0.204, 0.5, 0.0, 0.4824, 0.316, positive
0.3508, 0.3338, 0.5638, 0.2377, 0.5, 0.0, 0.4654, 0.3793, positive
0.5338, 0.5276, 0.5641, 0.1883, 0.5, 0.0, 0.4683, 0.2879, positive
0.4309, 0.4336, 0.5119, 0.6625, 0.5, 0.0, 0.4827, 0.5863, positive
0.4352, 0.4454, 0.4702, 0.3098, 0.5, 0.0, 0.4901, 0.3849, positive
0.3538, 0.6738, 0.4755, 0.16, 0.5, 0.0, 0.5114, 0.2955, positive
0.4896, 0.458, 0.4247, 0.4572, 0.5, 0.0, 0.5484, 0.22, positive
0.574, 0.658, 0.532, 0.198, 0.5, 0.0, 0.488, 0.602, positive
0.4126, 0.4877, 0.4814, 0.1312, 0.5, 0.0, 0.5237, 0.4674, positive
0.4792, 0.4133, 0.5375, 0.3851, 0.5, 0.0, 0.5059, 0.2233, positive
0.5625, 0.4313, 0.5438, 0.1562, 0.5, 0.0, 0.5051, 0.22, positive
0.5695, 0.4821, 0.5368, 0.15, 0.5, 0.0, 0.4984, 0.3516, positive
0.4588, 0.4112, 0.4506, 0.2331, 0.5, 0.0, 0.4782, 0.2243, positive
0.4328, 0.3734, 0.5428, 0.1455, 0.5, 0.0, 0.4755, 0.22, positive
0.3681, 0.4397, 0.6181, 0.2681, 0.5, 0.0, 0.4839, 0.2084, positive
0.5175, 0.465, 0.565, 0.2424, 0.5, 0.0, 0.515, 0.2351, positive
0.4545, 0.4063, 0.5726, 0.1074, 0.5, 0.0, 0.4782, 0.22, positive
0.3142, 0.5707, 0.6395, 0.18, 0.5, 0.0, 0.4705, 0.2284, positive
0.4285, 0.5126, 0.5063, 0.2422, 0.5, 0.0, 0.5126, 0.4141, positive
0.4461, 0.4548, 0.59, 0.1952, 0.5, 0.0, 0.58, 0.3061, positive
0.4509, 0.3047, 0.5024, 0.2324, 0.5, 0.0, 0.5438, 0.2967, positive
0.5331, 0.3516, 0.4595, 0.2589, 0.5, 0.0, 0.5337, 0.2763, positive
0.3406, 0.3009, 0.5345, 0.3937, 0.5, 0.0, 0.5676, 0.7039, positive
0.4224, 0.3849, 0.54, 0.1375, 0.5, 0.0, 0.4725, 0.22, positive
0.4096, 0.4474, 0.53, 0.1696, 0.5, 0.0, 0.5104, 0.2507, positive
0.265, 0.3327, 0.5424, 0.135, 0.5, 0.0, 0.5151, 0.2351, positive
0.5042, 0.4057, 0.5843, 0.1257, 0.5, 0.0, 0.5357, 0.3343, positive
0.5805, 0.6026, 0.4931, 0.838, 0.5, 0.0, 0.4763, 0.2347, positive
0.41, 0.4549, 0.5593, 0.1798, 0.5, 0.0, 0.5442, 0.2598, positive
0.3481, 0.4666, 0.5394, 0.3549, 0.5, 0.0, 0.486, 0.5047, positive
0.25, 0.3989, 0.5179, 0.1586, 0.5, 0.0, 0.5536, 0.28, positive
0.4842, 0.3621, 0.6155, 0.1245, 0.5, 0.0, 0.4458, 0.2711, positive
0.5766, 0.6234, 0.4947, 0.2907, 0.5, 0.0, 0.5393, 0.22, positive
0.4724, 0.4121, 0.6203, 0.1924, 0.5, 0.0, 0.5345, 0.3248, positive
0.4527, 0.5512, 0.5146, 0.2288, 0.5, 0.0, 0.5292, 0.3773, positive
0.6336, 0.6575, 0.5338, 0.1775, 0.5, 0.0, 0.4738, 0.6374, positive
0.4796, 0.539, 0.501, 0.1702, 0.5, 0.0, 0.5306, 0.22, positive
0.4332, 0.3707, 0.5432, 0.1464, 0.5, 0.0, 0.4764, 0.22, positive
0.4606, 0.4121, 0.5385, 0.49, 0.5, 0.0, 0.4879, 0.3015, positive
0.34, 0.4604, 0.4733, 0.19, 0.5, 0.0, 0.4869, 0.3033, positive
0.456, 0.386, 0.5792, 0.1788, 0.5, 0.0, 0.4424, 0.4524, positive
0.55, 0.6653, 0.4945, 0.2767, 0.5, 0.0, 0.5456, 0.22, positive
0.3678, 0.58, 0.4925, 0.1897, 0.5, 0.0, 0.5159, 0.22, positive
0.5681, 0.5606, 0.554, 0.5957, 0.5, 0.0, 0.5164, 0.2649, positive
0.2884, 0.5037, 0.5374, 0.1226, 0.5, 0.0, 0.4621, 0.22, positive
0.5351, 0.5701, 0.55, 0.18, 0.5, 0.0, 0.49, 0.4201, positive
0.4309, 0.5039, 0.5357, 0.15, 0.5, 0.0, 0.4509, 0.2609, positive
0.4893, 0.4146, 0.5539, 0.4363, 0.5, 0.0, 0.4961, 0.2431, positive
0.5172, 0.4376, 0.63, 0.2024, 0.5, 0.0, 0.6213, 0.2613, positive
0.3378, 0.4773, 0.5325, 0.2698, 0.5, 0.0, 0.5025, 0.4975, positive
0.5498, 0.5816, 0.4318, 0.3209, 0.5, 0.0, 0.5314, 0.5873, positive
0.4264, 0.5049, 0.5, 0.1238, 0.5, 0.0, 0.5174, 0.4626, positive
0.5445, 0.5328, 0.5886, 0.2828, 0.5, 0.0, 0.5172, 0.4443, positive
0.4318, 0.4727, 0.5436, 0.2545, 0.5, 0.0, 0.3954, 0.4918, positive
0.4106, 0.4006, 0.5788, 0.2265, 0.5, 0.0, 0.5377, 0.3171, positive
0.33, 0.4757, 0.55, 0.1943, 0.5, 0.0, 0.4957, 0.7157, positive
0.4107, 0.3771, 0.54, 0.1336, 0.5, 0.0, 0.4764, 0.22, positive
0.2313, 0.1305, 0.5101, 0.1596, 0.5, 0.0, 0.5297, 0.5132, positive
0.4397, 0.2958, 0.51, 0.2339, 0.5, 0.0, 0.5339, 0.27, positive
0.52, 0.4671, 0.5671, 0.2405, 0.5, 0.0, 0.5081, 0.22, positive
0.5929, 0.5639, 0.519, 0.1369, 0.5, 0.0, 0.4631, 0.4729, positive
0.4385, 0.4169, 0.6169, 0.1431, 0.5, 0.0, 0.5469, 0.3731, positive
0.5272, 0.5477, 0.6225, 0.2302, 0.5, 0.0, 0.5151, 0.4879, positive
0.3532, 0.4216, 0.5696, 0.2784, 0.5, 0.0, 0.4716, 0.22, positive
0.3693, 0.4419, 0.5137, 0.17, 0.5, 0.0, 0.5832, 0.2012, positive
0.5329, 0.53, 0.5157, 0.1614, 0.5, 0.0, 0.49, 0.3586, positive
0.4996, 0.5535, 0.5531, 0.1852, 0.5, 0.0, 0.5069, 0.38, positive
0.4731, 0.3872, 0.499, 0.15, 0.5, 0.0, 0.4962, 0.4659, positive
0.4964, 0.5944, 0.5448, 0.3444, 0.5, 0.0, 0.5292, 0.4592, positive
0.44, 0.4448, 0.509, 0.169, 0.5, 0.0, 0.4362, 0.2748, positive
0.5116, 0.4387, 0.5225, 0.4964, 0.5, 0.0, 0.5341, 0.6359, positive
0.3996, 0.4393, 0.4686, 0.2489, 0.5, 0.0, 0.5386, 0.5611, positive
0.3233, 0.5455, 0.5055, 0.421, 0.5, 0.0, 0.5078, 0.2267, positive
0.568, 0.4499, 0.548, 0.1441, 0.5, 0.0, 0.4841, 0.2319, positive
0.5, 0.4494, 0.4903, 0.1506, 0.5, 0.0, 0.5473, 0.4312, positive
0.457, 0.454, 0.5206, 0.1979, 0.5, 0.0, 0.2423, 0.224, positive
0.37, 0.318, 0.591, 0.2601, 0.5, 0.0, 0.4455, 0.1873, positive
0.6187, 0.4274, 0.57, 0.5716, 0.5, 0.0, 0.2648, 0.3145, positive
0.4983, 0.3451, 0.5568, 0.2032, 0.5, 0.0, 0.4934, 0.22, positive
0.5734, 0.4367, 0.5601, 0.1399, 0.5, 0.0, 0.5267, 0.22, positive
0.33, 0.4793, 0.55, 0.1656, 0.5, 0.0, 0.5244, 0.7444, positive
0.3867, 0.3922, 0.5666, 0.13, 0.5, 0.0, 0.4933, 0.22, positive
0.5343, 0.5229, 0.5486, 0.1971, 0.5, 0.0, 0.4543, 0.25, positive
0.3644, 0.4328, 0.5976, 0.2672, 0.5, 0.0, 0.4912, 0.2312, positive
0.6216, 0.5669, 0.5246, 0.1723, 0.5, 0.0, 0.5262, 0.4677, positive
0.3881, 0.44, 0.5456, 0.2213, 0.5, 0.0, 0.5137, 0.4956, positive
0.5671, 0.5165, 0.5976, 0.1903, 0.5, 0.0, 0.5032, 0.4103, positive
0.5143, 0.4715, 0.5715, 0.2328, 0.5, 0.0, 0.5085, 0.2545, positive
0.5354, 0.5998, 0.5203, 0.2046, 0.5, 0.0, 0.4997, 0.5339, positive
0.4073, 0.3748, 0.54, 0.1324, 0.5, 0.0, 0.4776, 0.22, positive
0.5577, 0.622, 0.5257, 0.1977, 0.5, 0.0, 0.3526, 0.2589, positive
0.5212, 0.3388, 0.6056, 0.1895, 0.5, 0.0, 0.5022, 0.2395, positive
0.4687, 0.3344, 0.5829, 0.17, 0.5, 0.0, 0.5811, 0.2413, positive
0.5768, 0.5816, 0.5316, 0.1632, 0.5, 0.0, 0.4716, 0.4684, positive
0.3415, 0.58, 0.5062, 0.2446, 0.5, 0.0, 0.51, 0.22, positive
0.5748, 0.2996, 0.6156, 0.1719, 0.5, 0.0, 0.4804, 0.2989, positive
0.4253, 0.3807, 0.5634, 0.2053, 0.5, 0.0, 0.5253, 0.2793, positive
0.379, 0.3805, 0.5405, 0.241, 0.5, 0.0, 0.5374, 0.22, positive
0.5434, 0.6102, 0.5464, 0.3198, 0.5, 0.0, 0.5102, 0.22, positive
0.4873, 0.4687, 0.53, 0.1546, 0.5, 0.0, 0.484, 0.2673, positive
0.34, 0.3494, 0.61, 0.1894, 0.5, 0.0, 0.52, 0.2544, positive
0.5403, 0.5199, 0.5404, 0.2002, 0.5, 0.0, 0.5496, 0.2497, positive
0.4868, 0.6064, 0.5336, 0.3339, 0.5, 0.0, 0.5236, 0.431, positive
0.2786, 0.3805, 0.4505, 0.3448, 0.5, 0.0, 0.5081, 0.2295, positive
0.3576, 0.58, 0.5196, 0.1727, 0.5, 0.0, 0.5125, 0.22, positive
0.4396, 0.3964, 0.5527, 0.1273, 0.5, 0.0, 0.4732, 0.22, positive
0.426, 0.5772, 0.508, 0.1908, 0.5, 0.0, 0.5352, 0.392, positive
0.4221, 0.5721, 0.534, 0.1681, 0.5, 0.0, 0.5257, 0.2438, positive
0.34, 0.3447, 0.5959, 0.1894, 0.5, 0.0, 0.4917, 0.32, positive
0.3541, 0.6141, 0.5865, 0.3712, 0.5, 0.0, 0.5259, 0.3641, positive
0.3626, 0.363, 0.56, 0.203, 0.5, 0.0, 0.4935, 0.22, positive
0.5521, 0.46, 0.46, 0.3121, 0.5, 0.0, 0.5744, 0.4765, positive
0.4869, 0.3285, 0.4964, 0.2451, 0.5, 0.0, 0.5383, 0.2717, positive
0.3228, 0.4528, 0.44, 0.1993, 0.5, 0.0, 0.5497, 0.3293, positive
0.6499, 0.5012, 0.5288, 0.0975, 0.5, 0.0, 0.5137, 0.22, positive
0.3181, 0.4508, 0.5139, 0.2192, 0.5, 0.0, 0.5073, 0.3146, positive
0.5612, 0.4943, 0.4688, 0.1294, 0.5, 0.0, 0.5194, 0.22, positive
0.4354, 0.3936, 0.5472, 0.1328, 0.5, 0.0, 0.4718, 0.22, positive
0.5493, 0.5907, 0.5327, 0.1513, 0.5, 0.0, 0.4867, 0.22, positive
0.51, 0.4567, 0.5748, 0.2278, 0.5, 0.0, 0.5026, 0.2929, positive
0.3847, 0.5943, 0.5868, 0.18, 0.5, 0.0, 0.4772, 0.22, positive
0.3368, 0.5832, 0.4968, 0.2394, 0.5, 0.0, 0.5132, 0.22, positive
0.3744, 0.58, 0.4656, 0.217, 0.5, 0.0, 0.5186, 0.22, positive
0.3157, 0.4475, 0.5336, 0.2605, 0.5, 0.0, 0.4664, 0.6802, positive
0.424, 0.3801, 0.586, 0.204, 0.5, 0.0, 0.516, 0.2819, positive
0.2698, 0.398, 0.5216, 0.3469, 0.5, 0.0, 0.4833, 0.5502, positive
0.2764, 0.3701, 0.5249, 0.3452, 0.5, 0.0, 0.4784, 0.5386, positive
0.3474, 0.58, 0.4926, 0.2507, 0.5, 0.0, 0.5119, 0.22, positive
0.3733, 0.4001, 0.53, 0.2166, 0.5, 0.0, 0.5601, 0.21, positive
0.5514, 0.3434, 0.6095, 0.12, 0.5, 0.0, 0.4414, 0.3062, positive
0.3444, 0.4564, 0.5749, 0.1656, 0.5, 0.0, 0.5028, 0.2456, positive
0.3026, 0.39, 0.5439, 0.2739, 0.5, 0.0, 0.4649, 0.3063, positive
0.6092, 0.6371, 0.5018, 0.7776, 0.5, 0.0, 0.4935, 0.2749, positive
0.4863, 0.4627, 0.5208, 0.16, 0.5, 0.0, 0.4763, 0.27, positive
0.3737, 0.4256, 0.4856, 0.1788, 0.5, 0.0, 0.488, 0.338, positive
0.6474, 0.6158, 0.4898, 0.5822, 0.5, 0.0, 0.5187, 0.3638, positive
0.4585, 0.5161, 0.4969, 0.333, 0.5, 0.0, 0.4815, 0.2431, positive
0.5879, 0.5959, 0.5551, 0.119, 0.5, 0.0, 0.513, 0.2351, positive
0.6176, 0.5798, 0.5374, 0.2226, 0.5, 0.0, 0.5025, 0.2651, positive
0.5449, 0.4749, 0.5849, 0.255, 0.5, 0.0, 0.52, 0.22, positive
0.4584, 0.32, 0.5077, 0.233, 0.5, 0.0, 0.533, 0.2584, positive
0.369, 0.285, 0.454, 0.151, 0.5, 0.0, 0.492, 0.22, positive
0.3608, 0.3685, 0.5477, 0.2208, 0.5, 0.0, 0.5246, 0.22, positive
0.4654, 0.4372, 0.5528, 0.1109, 0.5, 0.0, 0.4963, 0.2363, positive
0.5709, 0.5281, 0.6028, 0.2725, 0.5, 0.0, 0.5181, 0.4472, positive
0.6337, 0.6575, 0.5338, 0.1775, 0.5, 0.0, 0.4738, 0.6375, positive
0.8496, 0.5806, 0.5377, 0.3935, 0.5, 0.0, 0.4252, 0.2965, positive
0.5764, 0.4806, 0.5136, 0.476, 0.5, 0.0, 0.5476, 0.22, positive
0.3363, 0.2288, 0.5174, 0.15, 0.6861, 0.0, 0.5326, 0.4372, positive
0.3667, 0.3567, 0.57, 0.2467, 0.5, 0.0, 0.4567, 0.1934, positive
0.563, 0.4914, 0.4842, 0.1656, 0.5, 0.0, 0.51, 0.22, positive
0.4659, 0.4794, 0.4618, 0.22, 0.5, 0.0, 0.5259, 0.4562, positive
0.3672, 0.325, 0.5014, 0.1114, 0.5, 0.0, 0.4976, 0.688, positive
0.5987, 0.426, 0.5467, 0.1487, 0.5, 0.0, 0.512, 0.22, positive
0.4283, 0.5321, 0.5189, 0.3764, 0.5, 0.0, 0.5011, 0.22, positive
0.5589, 0.4927, 0.5142, 0.4975, 0.5, 0.0, 0.5458, 0.239, positive
0.417, 0.3715, 0.5809, 0.1939, 0.5, 0.0, 0.52, 0.287, positive
0.2918, 0.4975, 0.4731, 0.3406, 0.5, 0.0, 0.4682, 0.2613, positive
0.4925, 0.4525, 0.5049, 0.295, 0.5, 0.0, 0.4625, 0.4149, positive
0.4226, 0.3828, 0.5772, 0.2051, 0.5, 0.0, 0.5328, 0.3002, positive
0.5787, 0.559, 0.5203, 0.2473, 0.5, 0.0, 0.568, 0.3513, positive
0.3714, 0.4458, 0.4829, 0.1243, 0.5, 0.0, 0.4786, 0.5601, positive
0.4376, 0.4205, 0.4719, 0.28, 0.5, 0.0, 0.4381, 0.2734, positive
0.3488, 0.4262, 0.5501, 0.2849, 0.5, 0.0, 0.4638, 0.22, positive
0.5497, 0.5037, 0.5366, 0.1568, 0.5, 0.0, 0.4966, 0.3568, positive
0.5211, 0.5597, 0.4175, 0.1907, 0.5, 0.0, 0.5318, 0.31, positive
0.3833, 0.4767, 0.5122, 0.1344, 0.5, 0.0, 0.5011, 0.3123, positive
0.6584, 0.5039, 0.5323, 0.4277, 0.5, 0.0, 0.5477, 0.2623, positive
0.2576, 0.39, 0.5064, 0.2364, 0.5, 0.0, 0.4949, 0.2838, positive
0.4299, 0.4719, 0.5741, 0.186, 0.5, 0.0, 0.5721, 0.2501, positive
0.578, 0.5023, 0.5059, 0.5491, 0.5, 0.0, 0.5338, 0.22, positive
0.5315, 0.513, 0.5055, 0.1145, 0.5, 0.0, 0.49, 0.398, positive
0.44, 0.6131, 0.5323, 0.2494, 0.5, 0.0, 0.49, 0.22, positive
0.4289, 0.3289, 0.5989, 0.13, 0.5, 0.0, 0.4817, 0.2489, positive
0.3744, 0.608, 0.46, 0.196, 0.5, 0.0, 0.5228, 0.2368, positive
0.5664, 0.5208, 0.5515, 0.1656, 0.5, 0.0, 0.5456, 0.2572, positive
0.3294, 0.3384, 0.5408, 0.2975, 0.5, 0.0, 0.4731, 0.4698, positive
0.4134, 0.442, 0.6212, 0.4297, 0.5, 0.0, 0.5437, 0.6309, positive
0.3853, 0.6599, 0.5624, 0.3874, 0.5, 0.0, 0.53, 0.3852, positive
0.4696, 0.4951, 0.53, 0.562, 0.5, 0.0, 0.5162, 0.31, positive
0.4954, 0.4836, 0.5182, 0.2, 0.5, 0.0, 0.5427, 0.22, positive
0.5227, 0.4863, 0.5891, 0.2137, 0.5, 0.0, 0.4718, 0.22, positive
0.4625, 0.4642, 0.5667, 0.4217, 0.5, 0.0, 0.5542, 0.3342, positive
0.502, 0.484, 0.5559, 0.204, 0.5, 0.0, 0.504, 0.268, positive
0.3061, 0.4269, 0.4677, 0.1815, 0.5, 0.0, 0.5315, 0.3346, positive
0.7158, 0.5095, 0.5205, 0.0811, 0.5, 0.0, 0.5384, 0.22, positive
0.4631, 0.4469, 0.4961, 0.7609, 0.5, 0.0, 0.4961, 0.5809, positive
0.5617, 0.4734, 0.5976, 0.2559, 0.5, 0.0, 0.5076, 0.22, positive
0.4101, 0.4804, 0.4753, 0.1348, 0.5, 0.0, 0.5249, 0.4699, positive
0.4922, 0.4394, 0.5778, 0.4589, 0.5, 0.0, 0.5111, 0.27, positive
0.4013, 0.4009, 0.4413, 0.3693, 0.5, 0.0, 0.5287, 0.2502, positive
0.58, 0.4749, 0.5613, 0.1213, 0.5, 0.0, 0.4702, 0.2462, positive
0.5514, 0.4527, 0.582, 0.2507, 0.5, 0.0, 0.492, 0.22, positive
0.5661, 0.5474, 0.5257, 0.157, 0.5, 0.0, 0.4883, 0.4291, positive
0.383, 0.4061, 0.4203, 0.1627, 0.5, 0.0, 0.4691, 0.6291, positive
0.5416, 0.5347, 0.5308, 0.1708, 0.5, 0.0, 0.5077, 0.3954, positive
0.5976, 0.5, 0.5088, 0.1141, 0.5, 0.0, 0.4888, 0.2412, positive
0.4831, 0.4115, 0.5446, 0.4053, 0.5, 0.0, 0.5054, 0.2276, positive
0.3881, 0.5842, 0.54, 0.1685, 0.5, 0.0, 0.5015, 0.22, positive
