@relation yeast1
@attribute Mcg real [0.11, 1.0]
@attribute Gvh real [0.13, 1.0]
@attribute Alm real [0.21, 1.0]
@attribute Mit real [0.0, 1.0]
@attribute Erl real [0.5, 1.0]
@attribute Pox real [0.0, 0.83]
@attribute Vac real [0.0, 0.73]
@attribute Nuc real [0.0, 1.0]
@attribute Class {positive,negative}
@inputs Mcg, Gvh, Alm, Mit, Erl, Pox, Vac, Nuc
@outputs Class
@data
0.58, 0.61, 0.47, 0.13, 0.5, 0.0, 0.48, 0.22, negative
0.43, 0.67, 0.48, 0.27, 0.5, 0.0, 0.53, 0.22, negative
0.64, 0.62, 0.49, 0.15, 0.5, 0.0, 0.53, 0.22, negative
0.58, 0.44, 0.57, 0.13, 0.5, 0.0, 0.54, 0.22, positive
0.42, 0.44, 0.48, 0.54, 0.5, 0.0, 0.48, 0.22, negative
0.51, 0.4, 0.56, 0.17, 0.5, 0.5, 0.49, 0.22, negative
0.5, 0.54, 0.48, 0.65, 0.5, 0.0, 0.53, 0.22, negative
0.48, 0.45, 0.59, 0.2, 0.5, 0.0, 0.58, 0.34, positive
0.55, 0.5, 0.66, 0.36, 0.5, 0.0, 0.49, 0.22, negative
0.43, 0.39, 0.54, 0.21, 0.5, 0.0, 0.53, 0.27, positive
0.42, 0.37, 0.59, 0.2, 0.5, 0.0, 0.52, 0.29, positive
0.4, 0.42, 0.57, 0.35, 0.5, 0.0, 0.53, 0.25, negative
0.6, 0.4, 0.52, 0.46, 0.5, 0.0, 0.53, 0.22, negative
0.46, 0.44, 0.52, 0.11, 0.5, 0.0, 0.5, 0.22, negative
0.47, 0.39, 0.5, 0.11, 0.5, 0.0, 0.49, 0.4, negative
0.5, 0.34, 0.55, 0.21, 0.5, 0.0, 0.49, 0.22, positive
0.43, 0.44, 0.48, 0.22, 0.5, 0.0, 0.51, 0.22, negative
0.43, 0.53, 0.52, 0.13, 0.5, 0.0, 0.55, 0.22, negative
0.46, 0.53, 0.52, 0.15, 0.5, 0.0, 0.58, 0.22, negative
0.51, 0.51, 0.52, 0.51, 0.5, 0.0, 0.54, 0.22, negative
0.59, 0.45, 0.53, 0.19, 0.5, 0.0, 0.59, 0.27, negative
0.57, 0.47, 0.6, 0.18, 0.5, 0.0, 0.51, 0.22, negative
0.63, 0.67, 0.57, 0.24, 0.5, 0.0, 0.49, 0.22, negative
0.8, 0.88, 0.36, 0.39, 0.5, 0.0, 0.56, 0.33, negative
0.53, 0.54, 0.43, 0.1, 0.5, 0.0, 0.57, 0.32, positive
0.51, 0.51, 0.43, 0.87, 0.5, 0.0, 0.52, 0.22, negative
0.38, 0.61, 0.61, 0.12, 0.5, 0.0, 0.53, 0.47, negative
0.78, 0.74, 0.42, 0.26, 0.5, 0.0, 0.43, 0.22, negative
0.4, 0.45, 0.57, 0.18, 0.5, 0.0, 0.56, 0.26, negative
0.57, 0.53, 0.53, 0.34, 0.5, 0.0, 0.53, 0.22, negative
0.86, 0.68, 0.39, 0.24, 0.5, 0.0, 0.54, 0.22, negative
0.86, 0.74, 0.51, 0.4, 0.5, 0.0, 0.55, 0.22, negative
0.79, 0.57, 0.41, 0.28, 0.5, 0.0, 0.59, 0.22, negative
0.41, 0.54, 0.39, 0.2, 0.5, 0.0, 0.51, 0.22, negative
0.37, 0.36, 0.56, 0.18, 0.5, 0.0, 0.48, 0.26, negative
0.53, 0.31, 0.58, 0.39, 0.5, 0.0, 0.47, 0.37, positive
0.74, 0.75, 0.58, 0.47, 0.5, 0.0, 0.4, 0.35, negative
0.49, 0.39, 0.52, 0.29, 0.5, 0.0, 0.48, 0.22, negative
0.74, 0.57, 0.51, 0.28, 0.5, 0.0, 0.58, 0.22, negative
0.42, 0.24, 0.34, 0.16, 0.5, 0.0, 0.5, 0.22, negative
0.48, 0.39, 0.51, 0.21, 0.5, 0.0, 0.52, 0.28, negative
0.41, 0.53, 0.45, 0.14, 0.5, 0.0, 0.52, 0.66, negative
0.45, 0.46, 0.55, 0.43, 0.5, 0.0, 0.55, 0.38, positive
0.56, 0.48, 0.58, 0.27, 0.5, 0.0, 0.51, 0.22, negative
0.64, 0.59, 0.56, 0.23, 0.5, 0.0, 0.46, 0.22, negative
0.66, 0.62, 0.49, 0.1, 0.5, 0.0, 0.49, 0.22, negative
0.53, 0.44, 0.51, 0.33, 0.5, 0.0, 0.55, 0.22, negative
0.38, 0.49, 0.53, 0.19, 0.5, 0.0, 0.5, 0.22, negative
0.45, 0.58, 0.48, 0.67, 0.5, 0.0, 0.52, 0.22, negative
0.43, 0.35, 0.52, 0.52, 0.5, 0.0, 0.54, 0.22, negative
0.37, 0.32, 0.47, 0.18, 0.5, 0.0, 0.45, 0.25, positive
0.48, 0.43, 0.51, 0.32, 0.5, 0.0, 0.52, 0.43, positive
0.41, 0.46, 0.59, 0.19, 0.5, 0.0, 0.58, 0.27, positive
0.54, 0.48, 0.44, 0.08, 0.5, 0.0, 0.52, 0.27, negative
0.34, 0.46, 0.57, 0.09, 0.5, 0.0, 0.55, 0.22, negative
0.48, 0.54, 0.55, 0.12, 0.5, 0.0, 0.51, 0.22, negative
0.47, 0.39, 0.59, 0.15, 0.5, 0.0, 0.57, 0.22, negative
0.81, 0.85, 0.47, 0.37, 0.5, 0.0, 0.56, 0.22, negative
0.45, 0.55, 0.54, 0.66, 0.5, 0.0, 0.47, 0.22, negative
0.46, 0.49, 0.58, 0.23, 0.5, 0.0, 0.44, 0.22, negative
0.49, 0.42, 0.56, 0.55, 0.5, 0.0, 0.42, 0.25, negative
0.63, 0.53, 0.54, 0.4, 0.5, 0.0, 0.5, 0.22, negative
0.5, 0.54, 0.53, 0.54, 0.5, 0.0, 0.51, 0.27, negative
0.63, 0.57, 0.59, 0.4, 0.5, 0.0, 0.38, 0.22, negative
0.43, 0.57, 0.51, 0.49, 0.5, 0.0, 0.48, 0.22, negative
0.5, 0.58, 0.46, 0.46, 0.5, 0.0, 0.46, 0.22, negative
0.51, 0.54, 0.6, 0.57, 0.5, 0.0, 0.58, 0.22, negative
0.54, 0.52, 0.63, 0.37, 0.5, 0.0, 0.46, 0.22, negative
0.67, 0.62, 0.4, 0.43, 0.5, 0.83, 0.5, 0.22, negative
0.28, 0.58, 0.21, 0.13, 0.5, 0.0, 0.51, 0.22, negative
0.39, 0.44, 0.35, 0.16, 0.5, 0.0, 0.55, 0.22, negative
0.8, 0.63, 0.45, 0.29, 0.5, 0.0, 0.51, 0.22, negative
0.5, 0.52, 0.59, 0.3, 0.5, 0.0, 0.51, 0.35, positive
0.42, 0.47, 0.52, 0.41, 0.5, 0.0, 0.53, 0.32, negative
0.36, 0.46, 0.62, 0.46, 0.5, 0.0, 0.51, 0.33, negative
0.46, 0.38, 0.47, 0.22, 0.5, 0.0, 0.52, 0.27, negative
0.4, 0.45, 0.56, 0.2, 0.5, 0.0, 0.45, 0.22, negative
0.33, 0.43, 0.64, 0.16, 0.5, 0.0, 0.52, 0.52, positive
0.49, 0.61, 0.49, 0.25, 0.5, 0.0, 0.5, 0.28, negative
0.38, 0.5, 0.37, 0.26, 0.5, 0.0, 0.43, 0.22, negative
0.61, 0.72, 0.39, 0.33, 0.5, 0.0, 0.58, 0.22, negative
0.78, 0.75, 0.4, 0.28, 0.5, 0.0, 0.53, 0.22, negative
0.64, 0.57, 0.57, 0.27, 0.5, 0.0, 0.37, 0.22, negative
0.36, 0.58, 0.35, 0.24, 0.5, 0.0, 0.44, 0.22, negative
0.36, 0.43, 0.39, 0.12, 0.5, 0.0, 0.49, 0.22, negative
0.47, 0.52, 0.5, 0.4, 0.5, 0.0, 0.41, 0.22, negative
0.47, 0.39, 0.55, 0.24, 0.5, 0.0, 0.47, 0.22, negative
0.44, 0.59, 0.36, 0.16, 0.5, 0.0, 0.52, 0.22, negative
0.42, 0.35, 0.54, 0.18, 0.5, 0.0, 0.56, 0.22, negative
0.65, 0.65, 0.52, 0.16, 0.5, 0.0, 0.6, 0.22, negative
0.45, 0.41, 0.5, 0.46, 0.5, 0.5, 0.5, 0.27, negative
0.44, 0.52, 0.41, 0.23, 0.5, 0.0, 0.51, 0.22, positive
0.3, 0.32, 0.57, 0.19, 0.5, 0.0, 0.48, 0.55, positive
0.45, 0.51, 0.5, 0.16, 0.5, 0.0, 0.52, 1.0, positive
0.45, 0.45, 0.5, 0.6, 0.5, 0.0, 0.49, 0.22, negative
0.47, 0.47, 0.57, 0.48, 0.5, 0.0, 0.48, 0.22, negative
0.35, 0.52, 0.48, 0.22, 0.5, 0.0, 0.26, 0.22, negative
0.47, 0.41, 0.66, 0.26, 0.5, 0.0, 0.53, 0.22, negative
0.64, 0.62, 0.29, 0.28, 0.5, 0.0, 0.51, 0.22, negative
0.67, 0.62, 0.54, 0.43, 0.5, 0.0, 0.53, 0.22, negative
0.59, 0.6, 0.49, 0.43, 0.5, 0.0, 0.53, 0.31, negative
0.54, 0.55, 0.34, 0.31, 0.5, 0.0, 0.54, 0.22, negative
0.4, 0.38, 0.53, 0.16, 0.5, 0.0, 0.52, 0.27, positive
0.53, 0.51, 0.55, 0.05, 0.5, 0.0, 0.45, 0.25, positive
0.41, 0.4, 0.59, 0.47, 0.5, 0.0, 0.48, 0.43, negative
0.5, 0.64, 0.57, 0.15, 0.5, 0.0, 0.47, 0.22, negative
0.6, 0.5, 0.57, 0.25, 0.5, 0.0, 0.41, 0.26, negative
0.62, 0.51, 0.52, 0.42, 0.5, 0.0, 0.54, 0.27, positive
0.35, 0.58, 0.54, 0.16, 0.5, 0.0, 0.51, 0.22, positive
0.39, 0.58, 0.5, 0.26, 0.5, 0.0, 0.54, 0.59, negative
0.48, 0.54, 0.5, 0.17, 0.5, 0.0, 0.53, 0.22, positive
0.47, 0.32, 0.64, 0.3, 0.5, 0.0, 0.63, 0.22, positive
0.39, 0.47, 0.56, 0.16, 0.5, 0.0, 0.47, 0.22, negative
0.58, 0.48, 0.51, 0.47, 0.5, 0.0, 0.55, 0.22, positive
0.64, 0.6, 0.57, 0.19, 0.5, 0.0, 0.43, 0.22, positive
0.37, 0.46, 0.4, 0.27, 0.5, 0.0, 0.45, 0.22, positive
0.28, 0.37, 0.61, 0.09, 0.5, 0.0, 0.52, 0.55, positive
0.26, 0.36, 0.47, 0.34, 0.5, 0.0, 0.53, 0.72, positive
0.51, 0.34, 0.5, 0.19, 0.5, 0.0, 0.5, 0.22, positive
0.58, 0.5, 0.5, 0.12, 0.5, 0.0, 0.48, 0.25, positive
0.44, 0.39, 0.53, 0.14, 0.5, 0.0, 0.54, 0.44, negative
0.41, 0.39, 0.44, 0.34, 0.5, 0.0, 0.48, 0.4, positive
0.45, 0.43, 0.51, 0.24, 0.5, 0.0, 0.54, 0.33, negative
0.36, 0.68, 0.46, 0.16, 0.5, 0.0, 0.53, 0.28, positive
0.42, 0.31, 0.5, 0.15, 0.5, 0.0, 0.53, 0.22, positive
0.42, 0.43, 0.56, 0.1, 0.5, 0.0, 0.49, 0.22, negative
0.67, 0.71, 0.52, 0.65, 0.5, 0.0, 0.53, 0.36, positive
0.49, 0.47, 0.53, 0.16, 0.5, 0.0, 0.48, 0.27, positive
0.71, 0.59, 0.48, 0.43, 0.5, 0.0, 0.59, 0.22, negative
0.4, 0.42, 0.71, 0.21, 0.5, 0.0, 0.54, 0.32, negative
0.54, 0.49, 0.49, 0.2, 0.5, 0.0, 0.52, 0.22, negative
0.42, 0.51, 0.5, 0.12, 0.5, 0.0, 0.52, 0.46, positive
0.57, 0.51, 0.53, 0.18, 0.5, 0.0, 0.56, 0.25, positive
0.26, 0.5, 0.33, 0.28, 0.5, 0.0, 0.51, 0.22, negative
0.39, 0.42, 0.38, 0.4, 0.5, 0.0, 0.49, 0.47, negative
0.31, 0.44, 0.53, 0.23, 0.5, 0.0, 0.51, 0.32, positive
0.48, 0.61, 0.44, 0.2, 0.5, 0.0, 0.47, 0.22, negative
0.66, 0.45, 0.5, 0.23, 0.5, 0.0, 0.49, 0.22, negative
0.21, 0.41, 0.55, 0.11, 0.5, 0.0, 0.5, 0.27, negative
0.38, 0.68, 0.44, 0.45, 0.5, 0.0, 0.53, 0.22, negative
0.44, 0.38, 0.48, 0.32, 0.5, 0.83, 0.53, 0.22, negative
0.31, 0.31, 0.56, 0.33, 0.5, 0.0, 0.52, 0.33, positive
0.49, 0.31, 0.49, 0.35, 0.5, 0.0, 0.51, 0.29, positive
0.38, 0.37, 0.56, 0.21, 0.5, 0.0, 0.49, 0.22, positive
0.39, 0.4, 0.53, 0.67, 0.5, 0.0, 0.47, 0.22, negative
0.24, 0.34, 0.69, 0.18, 0.5, 0.0, 0.52, 0.22, negative
0.49, 0.43, 0.51, 0.13, 0.5, 0.0, 0.47, 0.22, negative
0.54, 0.38, 0.52, 0.18, 0.5, 0.0, 0.48, 0.22, negative
0.43, 0.57, 0.53, 0.53, 0.5, 0.0, 0.53, 0.25, negative
0.48, 0.64, 0.61, 0.23, 0.5, 0.0, 0.6, 0.22, negative
0.31, 0.55, 0.52, 0.17, 0.5, 0.0, 0.52, 0.22, negative
0.32, 0.57, 0.5, 0.15, 0.5, 0.0, 0.53, 0.22, negative
0.32, 0.42, 0.52, 0.24, 0.5, 0.0, 0.6, 0.22, negative
0.61, 0.72, 0.31, 0.33, 0.5, 0.0, 0.56, 0.22, negative
0.44, 0.42, 0.6, 0.21, 0.5, 0.0, 0.57, 0.22, negative
0.52, 0.51, 0.51, 0.54, 0.5, 0.0, 0.55, 0.27, negative
0.63, 0.56, 0.45, 0.58, 0.5, 0.0, 0.51, 0.22, negative
0.58, 0.58, 0.58, 0.49, 0.5, 0.0, 0.49, 0.26, negative
0.72, 0.62, 0.34, 0.29, 0.5, 0.0, 0.56, 0.28, negative
0.72, 0.61, 0.37, 0.3, 0.5, 0.0, 0.57, 0.22, negative
0.46, 0.43, 0.38, 0.33, 0.5, 0.0, 0.48, 0.28, negative
0.57, 0.57, 0.44, 0.37, 0.5, 0.0, 0.52, 0.25, negative
0.42, 0.31, 0.62, 0.12, 0.5, 0.0, 0.4, 0.22, negative
0.49, 0.46, 0.45, 0.45, 0.5, 0.0, 0.52, 0.22, negative
0.42, 0.58, 0.41, 0.65, 0.5, 0.0, 0.46, 0.26, negative
0.5, 0.52, 0.6, 0.51, 0.5, 0.0, 0.48, 0.22, negative
0.49, 0.6, 0.43, 0.56, 0.5, 0.0, 0.36, 0.22, negative
0.5, 0.41, 0.44, 0.5, 0.5, 0.0, 0.42, 0.22, negative
0.37, 0.58, 0.44, 0.51, 0.5, 0.0, 0.44, 0.22, negative
0.55, 0.45, 0.45, 0.54, 0.5, 0.0, 0.5, 0.22, negative
0.53, 0.51, 0.46, 0.28, 0.5, 0.0, 0.48, 0.22, negative
0.35, 0.66, 0.49, 0.21, 0.5, 0.0, 0.54, 0.25, negative
0.52, 0.4, 0.6, 0.12, 0.5, 0.0, 0.55, 0.22, negative
0.77, 0.79, 0.58, 0.23, 0.5, 0.0, 0.48, 0.22, negative
0.47, 0.46, 0.59, 0.49, 0.5, 0.0, 0.56, 0.22, negative
0.73, 0.83, 0.43, 0.3, 0.5, 0.0, 0.55, 0.22, negative
0.78, 0.74, 0.58, 0.25, 1.0, 0.0, 0.53, 0.22, negative
0.7, 0.65, 0.54, 0.28, 0.5, 0.0, 0.6, 0.4, negative
0.47, 0.54, 0.37, 0.14, 0.5, 0.0, 0.5, 0.22, negative
0.56, 0.52, 0.48, 0.17, 0.5, 0.0, 0.46, 0.22, positive
0.57, 0.41, 0.59, 0.24, 0.5, 0.0, 0.4, 0.22, negative
0.58, 0.56, 0.45, 0.12, 0.5, 0.0, 0.51, 0.22, positive
0.53, 0.38, 0.66, 0.25, 0.5, 0.0, 0.43, 0.22, positive
0.69, 0.61, 0.38, 0.27, 0.5, 0.0, 0.52, 0.22, negative
0.37, 0.53, 0.6, 0.19, 0.5, 0.5, 0.42, 0.22, negative
0.31, 0.46, 0.54, 0.52, 0.5, 0.0, 0.5, 0.34, positive
0.36, 0.37, 0.33, 0.14, 0.5, 0.0, 0.57, 0.31, negative
0.82, 0.78, 0.49, 0.23, 0.5, 0.0, 0.46, 0.22, negative
0.82, 0.75, 0.54, 0.23, 0.5, 0.0, 0.46, 0.22, negative
0.41, 0.51, 0.58, 0.15, 0.5, 0.0, 0.45, 0.27, negative
0.38, 0.51, 0.75, 0.17, 0.5, 0.0, 0.55, 0.22, negative
0.53, 0.44, 0.51, 0.33, 0.5, 0.0, 0.52, 0.22, negative
0.46, 0.54, 0.71, 0.15, 0.5, 0.0, 0.59, 0.22, negative
0.4, 0.56, 0.48, 0.14, 0.5, 0.0, 0.47, 0.22, negative
0.45, 0.27, 0.57, 0.36, 0.5, 0.0, 0.52, 0.18, negative
0.2, 0.26, 0.52, 0.14, 0.5, 0.0, 0.53, 0.44, negative
0.51, 0.53, 0.55, 0.14, 0.5, 0.0, 0.51, 0.22, negative
0.44, 0.68, 0.45, 0.51, 0.5, 0.0, 0.52, 0.41, negative
0.27, 0.39, 0.66, 0.11, 0.5, 0.0, 0.44, 0.22, negative
0.55, 0.42, 0.34, 0.3, 0.5, 0.0, 0.52, 0.22, negative
0.44, 0.53, 0.52, 0.23, 0.5, 0.83, 0.51, 0.22, negative
0.59, 0.58, 0.56, 0.21, 0.5, 0.0, 0.54, 0.33, positive
0.39, 0.28, 0.46, 0.12, 0.5, 0.0, 0.41, 0.22, positive
0.56, 0.43, 0.54, 0.16, 0.5, 0.0, 0.5, 0.22, positive
0.36, 0.68, 0.38, 0.08, 0.5, 0.0, 0.53, 0.25, negative
0.27, 0.36, 0.6, 0.33, 0.5, 0.0, 0.37, 0.31, positive
0.35, 0.4, 0.59, 0.22, 0.5, 0.0, 0.47, 0.37, positive
0.23, 0.2, 0.53, 0.2, 0.5, 0.0, 0.44, 0.22, positive
0.36, 0.24, 0.49, 0.16, 0.5, 0.0, 0.51, 0.22, positive
0.38, 0.48, 0.59, 0.22, 0.5, 0.0, 0.46, 0.22, negative
0.8, 0.46, 0.5, 0.15, 0.5, 0.0, 0.53, 0.22, negative
0.6, 0.56, 0.47, 0.2, 0.5, 0.0, 0.5, 0.38, positive
0.41, 0.24, 0.54, 0.26, 0.5, 0.0, 0.41, 0.22, positive
0.47, 0.65, 0.54, 0.62, 0.5, 0.0, 0.53, 0.36, negative
0.43, 0.39, 0.54, 0.14, 0.5, 0.0, 0.47, 0.22, positive
0.5, 0.51, 0.52, 0.09, 0.5, 0.0, 0.48, 0.25, positive
0.53, 0.61, 0.52, 0.21, 0.5, 0.0, 0.55, 0.3, positive
0.54, 0.42, 0.41, 0.16, 0.5, 0.0, 0.52, 0.22, negative
0.46, 0.35, 0.53, 0.16, 0.5, 0.0, 0.51, 0.29, negative
0.46, 0.43, 0.49, 0.79, 0.5, 0.0, 0.49, 0.63, positive
0.51, 0.55, 0.35, 0.16, 0.5, 0.0, 0.51, 0.47, negative
0.56, 0.52, 0.55, 0.19, 0.5, 0.0, 0.54, 0.22, negative
0.61, 0.3, 0.59, 0.12, 0.5, 0.0, 0.49, 0.27, positive
0.83, 0.58, 0.33, 0.04, 0.5, 0.0, 0.53, 0.22, negative
0.52, 0.54, 0.5, 0.21, 0.5, 0.0, 0.48, 0.3, negative
0.35, 0.39, 0.57, 0.11, 0.5, 0.0, 0.48, 0.22, positive
0.36, 0.49, 0.3, 0.22, 0.5, 0.0, 0.52, 0.31, negative
0.78, 0.7, 0.32, 0.23, 0.5, 0.0, 0.53, 0.22, negative
0.55, 0.46, 0.53, 0.11, 0.5, 0.0, 0.52, 0.48, negative
0.45, 0.56, 0.54, 0.32, 0.5, 0.0, 0.57, 0.22, negative
0.45, 0.56, 0.53, 0.32, 0.5, 0.0, 0.57, 0.22, negative
0.52, 0.75, 0.37, 0.14, 0.5, 0.0, 0.46, 0.22, negative
0.71, 0.56, 0.39, 0.27, 0.5, 0.0, 0.52, 0.22, negative
0.59, 0.58, 0.46, 0.19, 0.5, 0.0, 0.56, 0.27, negative
0.92, 0.61, 0.4, 0.22, 0.5, 0.0, 0.54, 0.22, negative
0.55, 0.56, 0.45, 0.14, 0.5, 0.0, 0.54, 0.22, negative
0.63, 0.61, 0.41, 0.22, 0.5, 0.0, 0.51, 0.22, negative
0.58, 0.53, 0.38, 0.18, 0.5, 0.0, 0.52, 0.22, negative
0.36, 0.46, 0.43, 0.19, 0.5, 0.0, 0.48, 0.22, negative
0.32, 0.47, 0.55, 0.12, 0.5, 0.0, 0.52, 0.22, negative
0.53, 0.68, 0.42, 0.19, 0.5, 0.0, 0.53, 0.22, negative
0.73, 0.55, 0.41, 0.16, 0.5, 0.0, 0.46, 0.22, negative
0.35, 0.6, 0.47, 0.13, 0.5, 0.0, 0.52, 0.43, positive
0.77, 0.8, 0.51, 0.4, 1.0, 0.0, 0.54, 0.22, negative
0.77, 0.87, 0.47, 0.37, 0.5, 0.0, 0.48, 0.22, negative
0.35, 0.46, 0.49, 0.15, 1.0, 0.0, 0.55, 0.35, negative
0.57, 0.61, 0.45, 0.26, 0.5, 0.0, 0.5, 0.22, negative
0.63, 0.62, 0.42, 0.12, 0.5, 0.0, 0.52, 0.25, negative
0.25, 0.4, 0.51, 0.18, 0.5, 0.0, 0.5, 0.27, negative
0.56, 0.62, 0.53, 0.24, 0.5, 0.0, 0.57, 0.22, negative
0.58, 0.6, 0.51, 0.24, 0.5, 0.0, 0.53, 0.22, negative
0.46, 0.35, 0.33, 0.17, 0.5, 0.0, 0.55, 0.22, negative
0.33, 0.44, 0.49, 0.08, 0.5, 0.0, 0.48, 0.49, positive
0.69, 0.6, 0.51, 0.13, 0.5, 0.83, 0.52, 0.22, negative
0.46, 0.48, 0.44, 0.21, 0.5, 0.0, 0.55, 0.22, negative
0.35, 0.36, 0.57, 0.17, 0.5, 0.0, 0.52, 0.22, negative
0.74, 0.72, 0.47, 0.25, 0.5, 0.0, 0.57, 0.22, negative
0.54, 0.57, 0.52, 0.19, 0.5, 0.0, 0.59, 0.67, positive
0.91, 0.77, 0.34, 0.47, 0.5, 0.0, 0.52, 0.31, negative
0.81, 0.9, 0.39, 0.41, 0.5, 0.0, 0.53, 0.22, negative
0.45, 0.4, 0.56, 0.14, 0.5, 0.0, 0.54, 0.22, negative
0.35, 0.56, 0.36, 0.3, 0.5, 0.0, 0.53, 0.25, negative
0.84, 0.66, 0.36, 0.78, 0.5, 0.0, 0.49, 0.5, negative
0.37, 0.43, 0.62, 0.27, 0.5, 0.0, 0.48, 0.22, positive
0.55, 0.66, 0.57, 0.32, 0.5, 0.0, 0.57, 0.34, negative
0.48, 0.35, 0.42, 0.21, 0.5, 0.0, 0.57, 0.22, negative
0.62, 0.58, 0.52, 0.15, 0.5, 0.0, 0.52, 0.29, negative
0.56, 0.59, 0.53, 0.16, 0.5, 0.0, 0.24, 0.42, positive
0.44, 0.51, 0.37, 0.15, 0.5, 0.0, 0.51, 0.22, negative
0.44, 0.44, 0.49, 0.15, 0.5, 0.0, 0.46, 0.27, positive
0.5, 0.5, 0.48, 0.17, 0.5, 0.0, 0.47, 0.26, negative
0.6, 0.6, 0.49, 0.3, 0.5, 0.0, 0.53, 0.22, positive
0.49, 0.46, 0.34, 0.21, 0.5, 0.0, 0.55, 0.22, negative
0.35, 0.68, 0.57, 0.4, 0.5, 0.0, 0.53, 0.36, positive
0.7, 0.69, 0.43, 0.33, 0.5, 0.0, 0.58, 0.22, negative
0.23, 0.3, 0.58, 0.22, 0.5, 0.0, 0.48, 0.27, positive
0.45, 0.42, 0.52, 0.2, 0.5, 0.0, 0.5, 0.25, negative
0.51, 0.35, 0.46, 0.15, 0.5, 0.0, 0.51, 0.42, negative
0.42, 0.39, 0.47, 0.13, 0.5, 0.0, 0.5, 0.27, negative
0.32, 0.38, 0.52, 0.2, 0.5, 0.0, 0.52, 0.28, negative
0.59, 0.65, 0.52, 0.3, 0.5, 0.0, 0.46, 0.31, negative
0.41, 0.52, 0.41, 0.11, 0.5, 0.0, 0.54, 0.35, negative
0.37, 0.33, 0.5, 0.12, 0.5, 0.0, 0.51, 0.54, negative
0.45, 0.56, 0.49, 0.17, 0.5, 0.0, 0.52, 0.22, negative
0.31, 0.31, 0.54, 0.18, 0.5, 0.0, 0.52, 0.29, positive
0.27, 0.51, 0.47, 0.35, 0.5, 0.0, 0.49, 0.28, positive
0.54, 0.56, 0.57, 0.18, 0.5, 0.0, 0.45, 0.25, positive
0.6, 0.4, 0.59, 0.18, 0.5, 0.0, 0.48, 0.22, negative
0.91, 0.69, 0.57, 0.45, 0.5, 0.0, 0.56, 0.22, negative
0.38, 0.47, 0.53, 0.12, 0.5, 0.0, 0.48, 0.22, negative
0.64, 0.53, 0.45, 0.13, 0.5, 0.0, 0.53, 0.22, negative
0.49, 0.31, 0.34, 0.13, 0.5, 0.0, 0.52, 0.22, negative
0.52, 0.51, 0.51, 0.12, 0.5, 0.0, 0.51, 0.4, negative
0.49, 0.43, 0.48, 0.15, 0.5, 0.0, 0.55, 0.25, negative
0.44, 0.34, 0.55, 0.18, 0.5, 0.0, 0.52, 0.22, negative
0.43, 0.54, 0.58, 0.16, 0.5, 0.0, 0.5, 0.36, positive
0.49, 0.42, 0.54, 0.17, 0.5, 0.0, 0.5, 0.36, negative
0.34, 0.66, 0.51, 0.16, 0.5, 0.0, 0.47, 0.33, positive
0.2, 0.34, 0.33, 0.1, 0.5, 0.0, 0.48, 0.31, negative
0.74, 0.53, 0.5, 0.08, 0.5, 0.0, 0.55, 0.31, negative
0.69, 0.48, 0.38, 0.15, 0.5, 0.0, 0.55, 0.22, negative
0.44, 0.51, 0.48, 0.38, 0.5, 0.0, 0.52, 0.22, negative
0.55, 0.41, 0.56, 0.21, 0.5, 0.0, 0.52, 0.22, negative
0.4, 0.34, 0.52, 0.17, 0.5, 0.0, 0.47, 0.51, positive
0.4, 0.48, 0.5, 0.17, 0.5, 0.0, 0.54, 0.5, negative
0.58, 0.45, 0.48, 0.24, 0.5, 0.0, 0.52, 0.37, negative
0.58, 0.41, 0.51, 0.26, 0.5, 0.0, 0.51, 0.37, negative
0.69, 0.5, 0.49, 0.42, 0.5, 0.0, 0.49, 0.22, negative
0.6, 0.48, 0.44, 0.52, 0.5, 0.0, 0.54, 0.63, positive
0.47, 0.49, 0.63, 0.17, 0.5, 0.0, 0.31, 0.26, positive
0.56, 0.57, 0.63, 0.39, 1.0, 0.0, 0.59, 0.4, positive
0.21, 0.38, 0.49, 0.16, 0.5, 0.0, 0.51, 0.45, negative
0.43, 0.42, 0.54, 0.22, 0.5, 0.0, 0.57, 0.33, positive
0.35, 0.4, 0.53, 0.18, 0.5, 0.0, 0.42, 0.38, negative
0.47, 0.45, 0.53, 0.62, 0.5, 0.0, 0.46, 0.22, negative
0.53, 0.43, 0.47, 0.15, 0.5, 0.0, 0.58, 0.22, negative
0.46, 0.45, 0.56, 0.16, 0.5, 0.0, 0.56, 0.22, negative
0.44, 0.42, 0.62, 0.14, 0.5, 0.0, 0.55, 0.37, positive
0.37, 0.34, 0.58, 0.24, 0.5, 0.0, 0.44, 0.18, positive
0.37, 0.34, 0.58, 0.24, 0.5, 0.0, 0.44, 0.18, positive
0.39, 0.39, 0.55, 0.52, 0.5, 0.0, 0.37, 0.16, positive
0.39, 0.39, 0.55, 0.52, 0.5, 0.0, 0.37, 0.16, positive
0.48, 0.46, 0.38, 0.29, 0.5, 0.0, 0.53, 0.22, negative
0.48, 0.57, 0.5, 0.09, 0.5, 0.0, 0.52, 0.42, positive
0.61, 0.57, 0.45, 0.21, 0.5, 0.0, 0.5, 0.42, positive
0.56, 0.44, 0.56, 0.19, 0.5, 0.0, 0.54, 0.22, negative
0.51, 0.63, 0.3, 0.35, 0.5, 0.0, 0.53, 0.27, negative
0.53, 0.68, 0.34, 0.42, 0.5, 0.0, 0.54, 0.27, negative
0.37, 0.22, 0.64, 0.35, 0.5, 0.0, 0.47, 0.22, positive
0.49, 0.37, 0.59, 0.17, 0.5, 0.0, 0.51, 0.22, positive
0.51, 0.48, 0.58, 0.22, 0.5, 0.0, 0.5, 0.28, positive
0.53, 0.53, 0.53, 0.17, 0.5, 0.0, 0.49, 0.37, positive
0.5, 0.45, 0.49, 0.15, 0.5, 0.0, 0.55, 0.43, positive
0.33, 0.28, 0.31, 0.24, 0.5, 0.0, 0.53, 0.22, negative
0.85, 0.85, 0.3, 0.31, 0.5, 0.0, 0.55, 0.42, negative
0.34, 0.35, 0.61, 0.19, 0.5, 0.0, 0.52, 0.25, positive
0.55, 0.53, 0.56, 0.29, 0.5, 0.0, 0.48, 0.22, negative
0.66, 0.62, 0.52, 0.17, 0.5, 0.0, 0.49, 0.22, negative
0.38, 0.46, 0.52, 0.75, 0.5, 0.0, 0.5, 0.26, negative
0.61, 0.54, 0.49, 0.19, 0.5, 0.0, 0.54, 0.47, negative
0.44, 0.53, 0.52, 0.37, 0.5, 0.0, 0.5, 0.22, positive
0.44, 0.53, 0.52, 0.37, 0.5, 0.0, 0.5, 0.22, positive
0.32, 0.34, 0.61, 0.17, 0.5, 0.0, 0.52, 0.32, positive
0.34, 0.34, 0.61, 0.18, 0.5, 0.0, 0.52, 0.32, positive
0.51, 0.68, 0.49, 0.59, 0.5, 0.0, 0.54, 0.27, negative
0.41, 0.3, 0.49, 0.28, 0.5, 0.0, 0.54, 0.22, negative
0.41, 0.43, 0.5, 0.28, 0.5, 0.0, 0.5, 0.22, negative
0.3, 0.5, 0.34, 0.26, 0.5, 0.0, 0.51, 0.22, negative
0.49, 0.4, 0.34, 0.26, 0.5, 0.0, 0.5, 0.22, negative
0.34, 0.4, 0.3, 0.23, 0.5, 0.0, 0.51, 0.22, negative
0.43, 0.44, 0.3, 0.18, 0.5, 0.0, 0.51, 0.22, negative
0.43, 0.45, 0.37, 0.12, 0.5, 0.0, 0.48, 0.22, negative
0.45, 0.57, 0.3, 0.17, 0.5, 0.0, 0.51, 0.22, negative
0.42, 0.44, 0.33, 0.17, 0.5, 0.0, 0.54, 0.27, negative
0.52, 0.5, 0.53, 0.1, 0.5, 0.0, 0.48, 0.22, negative
0.53, 0.56, 0.49, 0.46, 0.5, 0.0, 0.52, 0.22, negative
0.45, 0.54, 0.54, 0.62, 0.5, 0.0, 0.53, 0.22, negative
0.51, 0.43, 0.63, 0.18, 0.5, 0.0, 0.52, 0.22, negative
0.51, 0.52, 0.48, 0.5, 0.5, 0.0, 0.51, 0.22, negative
0.5, 0.46, 0.52, 0.16, 0.5, 0.0, 0.52, 0.26, negative
0.45, 0.59, 0.53, 0.74, 0.5, 0.0, 0.47, 0.25, negative
0.54, 0.45, 0.62, 0.13, 0.5, 0.0, 0.52, 0.26, positive
0.67, 0.51, 0.53, 0.28, 0.5, 0.0, 0.51, 0.22, negative
0.35, 0.49, 0.47, 0.22, 0.5, 0.0, 0.5, 0.28, negative
0.47, 0.63, 0.66, 0.45, 0.5, 0.0, 0.37, 0.11, negative
0.51, 0.34, 0.43, 0.18, 0.5, 0.0, 0.48, 0.25, negative
0.56, 0.45, 0.59, 0.14, 0.5, 0.0, 0.51, 0.26, positive
0.43, 0.51, 0.6, 0.25, 0.5, 0.0, 0.55, 0.22, negative
0.47, 0.59, 0.43, 0.13, 0.5, 0.0, 0.56, 0.3, negative
0.4, 0.45, 0.42, 0.17, 0.5, 0.0, 0.54, 0.26, negative
0.89, 0.81, 0.36, 0.71, 0.5, 0.0, 0.55, 0.63, negative
0.59, 0.57, 0.46, 0.14, 0.5, 0.0, 0.52, 0.22, negative
0.49, 0.41, 0.32, 0.21, 0.5, 0.0, 0.5, 0.32, negative
0.35, 0.53, 0.35, 0.33, 0.5, 0.0, 0.5, 0.32, negative
0.42, 0.32, 0.61, 0.13, 0.5, 0.0, 0.14, 0.27, positive
0.5, 0.46, 0.42, 0.32, 0.5, 0.0, 0.56, 0.55, negative
0.5, 0.45, 0.49, 0.3, 0.5, 0.0, 0.47, 0.4, positive
0.46, 0.41, 0.5, 0.44, 0.5, 0.0, 0.53, 0.22, negative
0.32, 0.36, 0.34, 0.19, 0.5, 0.0, 0.55, 0.26, negative
0.4, 0.51, 0.42, 0.13, 0.5, 0.0, 0.45, 0.25, negative
0.81, 0.76, 0.32, 0.37, 0.5, 0.0, 0.51, 0.22, negative
0.65, 0.61, 0.39, 0.3, 0.5, 0.0, 0.57, 0.28, negative
0.47, 0.43, 0.35, 0.32, 0.5, 0.0, 0.54, 0.22, negative
0.42, 0.25, 0.6, 0.14, 0.5, 0.0, 0.45, 0.22, negative
0.23, 0.34, 0.41, 0.28, 0.5, 0.0, 0.5, 0.27, positive
0.34, 0.31, 0.6, 0.37, 0.5, 0.0, 0.5, 0.3, positive
0.59, 0.53, 0.47, 0.26, 0.5, 0.0, 0.53, 0.31, positive
0.7, 0.73, 0.38, 0.36, 0.5, 0.0, 0.54, 0.22, negative
0.54, 0.51, 0.54, 0.52, 0.5, 0.0, 0.47, 0.25, negative
0.53, 0.5, 0.54, 0.56, 0.5, 0.0, 0.49, 0.41, negative
0.84, 0.63, 0.38, 0.23, 0.5, 0.0, 0.53, 0.22, negative
0.89, 0.77, 0.36, 0.34, 0.5, 0.0, 0.44, 0.22, negative
0.43, 0.52, 0.53, 0.52, 1.0, 0.0, 0.49, 0.22, negative
0.43, 0.32, 0.56, 0.27, 0.5, 0.0, 0.47, 0.27, positive
0.84, 0.87, 0.45, 0.54, 0.5, 0.0, 0.28, 0.22, negative
0.27, 0.56, 0.56, 0.18, 0.5, 0.0, 0.52, 0.22, negative
0.89, 0.82, 0.6, 0.49, 0.5, 0.0, 0.55, 0.22, negative
0.86, 0.92, 0.5, 0.37, 1.0, 0.0, 0.53, 0.32, negative
0.52, 0.48, 0.54, 0.28, 0.5, 0.0, 0.54, 0.22, positive
0.77, 0.6, 0.42, 0.33, 0.5, 0.0, 0.57, 0.22, negative
0.76, 0.74, 0.56, 0.34, 0.5, 0.0, 0.51, 0.3, negative
0.58, 0.76, 0.4, 0.37, 0.5, 0.0, 0.54, 0.3, negative
0.94, 0.6, 0.33, 0.49, 0.5, 0.0, 0.54, 0.22, negative
0.36, 0.44, 0.57, 0.18, 0.5, 0.0, 0.42, 0.22, negative
0.42, 0.51, 0.39, 0.22, 0.5, 0.0, 0.49, 0.26, negative
0.52, 0.48, 0.58, 0.55, 0.5, 0.0, 0.48, 0.22, negative
0.42, 0.32, 0.48, 0.16, 0.5, 0.0, 0.55, 0.22, negative
0.48, 0.57, 0.52, 0.61, 0.5, 0.0, 0.51, 0.22, negative
0.83, 0.53, 0.52, 0.2, 0.5, 0.0, 0.48, 0.25, negative
0.36, 0.34, 0.46, 0.19, 0.5, 0.0, 0.52, 0.22, negative
0.44, 0.41, 0.44, 0.13, 0.5, 0.0, 0.49, 0.42, positive
0.52, 0.62, 0.54, 0.19, 0.5, 0.0, 0.5, 0.22, negative
0.46, 0.4, 0.38, 0.18, 0.5, 0.0, 0.49, 0.22, negative
0.68, 0.5, 0.55, 0.65, 0.5, 0.0, 0.46, 0.31, negative
0.53, 0.44, 0.47, 0.22, 0.5, 0.0, 0.53, 0.22, positive
0.48, 0.48, 0.5, 0.47, 0.5, 0.0, 0.55, 0.22, negative
0.46, 0.14, 0.36, 0.21, 0.5, 0.0, 0.5, 0.25, negative
0.5, 0.45, 0.48, 0.17, 0.5, 0.0, 0.5, 0.26, negative
0.44, 0.53, 0.43, 0.17, 0.5, 0.0, 0.54, 0.75, positive
0.46, 0.47, 0.46, 0.16, 0.5, 0.0, 0.51, 0.22, negative
0.52, 0.49, 0.57, 0.57, 0.5, 0.0, 0.51, 0.22, positive
0.62, 0.64, 0.56, 0.2, 0.5, 0.0, 0.48, 0.33, positive
0.46, 0.32, 0.58, 0.17, 0.5, 0.0, 0.61, 0.25, positive
0.78, 0.48, 0.47, 0.3, 0.5, 0.0, 0.53, 0.47, negative
0.5, 0.34, 0.62, 0.19, 0.5, 0.0, 0.57, 0.22, negative
0.39, 0.37, 0.33, 0.23, 0.5, 0.0, 0.53, 0.26, negative
0.39, 0.37, 0.56, 0.15, 0.5, 0.0, 0.5, 0.27, negative
0.33, 0.37, 0.54, 0.28, 0.5, 0.0, 0.53, 0.27, positive
0.39, 0.37, 0.33, 0.23, 0.5, 0.0, 0.52, 0.26, negative
0.33, 0.38, 0.53, 0.26, 0.5, 0.0, 0.52, 0.27, positive
0.48, 0.51, 0.57, 0.24, 0.5, 0.0, 0.5, 0.22, negative
0.5, 0.62, 0.54, 0.66, 0.5, 0.0, 0.49, 0.22, negative
0.47, 0.54, 0.54, 0.48, 0.5, 0.0, 0.53, 0.26, negative
0.72, 0.58, 0.42, 0.28, 0.5, 0.0, 0.48, 0.22, negative
0.41, 0.41, 0.51, 0.19, 0.5, 0.0, 0.57, 0.22, negative
0.81, 0.65, 0.52, 0.41, 0.5, 0.0, 0.57, 0.26, negative
0.5, 0.49, 0.52, 0.2, 0.5, 0.0, 0.43, 0.52, positive
0.18, 0.48, 0.46, 0.12, 0.5, 0.0, 0.0, 0.25, positive
0.26, 0.38, 0.52, 0.36, 0.5, 0.0, 0.48, 0.56, positive
0.53, 0.51, 0.51, 0.11, 0.5, 0.0, 0.49, 0.41, positive
0.58, 0.49, 0.5, 0.41, 0.5, 0.0, 0.57, 0.22, negative
0.62, 0.6, 0.47, 0.16, 0.5, 0.0, 0.53, 0.22, negative
0.68, 0.58, 0.51, 0.19, 0.5, 0.83, 0.54, 0.22, negative
0.51, 0.47, 0.41, 0.44, 0.5, 0.0, 0.5, 0.22, negative
0.72, 0.56, 0.4, 0.26, 0.5, 0.0, 0.51, 0.26, negative
0.49, 0.44, 0.45, 0.22, 0.5, 0.0, 0.51, 0.22, negative
0.32, 0.47, 0.55, 0.25, 0.5, 0.0, 0.49, 0.22, negative
0.46, 0.57, 0.52, 0.28, 0.5, 0.0, 0.52, 0.22, positive
0.53, 0.48, 0.45, 0.44, 0.5, 0.0, 0.49, 0.27, negative
0.49, 0.48, 0.46, 0.63, 0.5, 0.0, 0.52, 0.22, negative
0.7, 0.53, 0.42, 0.22, 0.5, 0.0, 0.51, 0.28, positive
0.68, 0.68, 0.49, 0.15, 0.5, 0.0, 0.53, 0.22, negative
0.47, 0.6, 0.35, 0.21, 0.5, 0.0, 0.52, 0.22, negative
0.4, 0.53, 0.61, 0.21, 0.5, 0.0, 0.48, 0.33, positive
0.57, 0.44, 0.42, 0.2, 0.5, 0.0, 0.54, 0.22, negative
0.34, 0.54, 0.54, 0.13, 0.5, 0.0, 0.52, 0.22, negative
0.43, 0.83, 0.55, 0.2, 0.5, 0.0, 0.47, 0.4, positive
0.55, 0.65, 0.5, 0.28, 0.5, 0.0, 0.55, 0.22, positive
0.29, 0.46, 0.54, 0.27, 0.5, 0.0, 0.49, 0.22, negative
0.46, 0.42, 0.6, 0.21, 0.5, 0.0, 0.4, 0.22, negative
0.8, 0.81, 0.55, 0.35, 0.5, 0.0, 0.42, 0.22, negative
0.79, 0.74, 0.49, 0.33, 0.5, 0.0, 0.48, 0.22, negative
0.45, 0.48, 0.63, 0.67, 0.5, 0.0, 0.48, 0.22, negative
0.54, 0.52, 0.54, 0.2, 0.5, 0.0, 0.55, 0.25, positive
0.37, 0.31, 0.53, 0.16, 0.5, 0.0, 0.53, 0.44, positive
0.43, 0.39, 0.59, 0.13, 0.5, 0.0, 0.41, 0.43, positive
0.48, 0.47, 0.54, 0.55, 0.5, 0.0, 0.51, 0.65, negative
0.6, 0.59, 0.45, 0.23, 0.5, 0.0, 0.55, 0.22, negative
0.45, 0.73, 0.47, 0.65, 0.5, 0.0, 0.54, 0.43, negative
0.46, 0.55, 0.61, 0.13, 0.5, 0.0, 0.47, 0.22, negative
0.42, 0.5, 0.53, 0.22, 0.5, 0.83, 0.5, 0.22, negative
0.74, 0.56, 0.35, 0.36, 0.5, 0.0, 0.51, 0.25, negative
0.67, 0.51, 0.54, 0.21, 0.5, 0.0, 0.43, 0.3, negative
0.58, 0.46, 0.46, 0.34, 0.5, 0.0, 0.5, 0.43, positive
0.4, 0.68, 0.5, 0.82, 0.5, 0.0, 0.44, 0.36, negative
0.59, 0.57, 0.43, 0.26, 0.5, 0.0, 0.51, 0.22, negative
0.39, 0.3, 0.56, 0.12, 0.5, 0.0, 0.53, 0.38, positive
0.6, 0.62, 0.54, 0.4, 0.5, 0.0, 0.5, 0.22, negative
0.36, 0.4, 0.53, 0.48, 0.5, 0.0, 0.48, 0.22, negative
0.51, 0.42, 0.56, 0.38, 0.5, 0.0, 0.46, 0.22, negative
0.57, 0.4, 0.62, 0.3, 0.5, 0.0, 0.48, 0.11, negative
0.52, 0.5, 0.59, 0.31, 0.5, 0.0, 0.5, 0.22, negative
0.42, 0.53, 0.53, 0.64, 0.5, 0.0, 0.47, 0.22, negative
0.5, 0.46, 0.64, 0.36, 0.5, 0.0, 0.49, 0.22, negative
0.6, 0.51, 0.6, 0.38, 0.5, 0.83, 0.52, 0.24, negative
0.45, 0.38, 0.64, 0.14, 0.5, 0.0, 0.54, 0.22, negative
0.6, 0.57, 0.64, 0.52, 0.5, 0.0, 0.47, 0.28, negative
0.41, 0.52, 0.53, 0.41, 0.5, 0.0, 0.39, 0.33, negative
0.45, 0.43, 0.63, 0.4, 0.5, 0.0, 0.59, 0.11, negative
0.44, 0.44, 0.67, 0.35, 0.5, 0.0, 0.48, 0.26, negative
0.58, 0.52, 0.61, 0.33, 0.5, 0.0, 0.38, 0.11, negative
0.57, 0.61, 0.55, 0.27, 0.5, 0.0, 0.44, 0.21, negative
0.57, 0.58, 0.58, 0.35, 0.5, 0.0, 0.49, 0.22, negative
0.56, 0.5, 0.61, 0.49, 0.5, 0.0, 0.46, 0.28, negative
0.6, 0.46, 0.59, 0.16, 0.5, 0.0, 0.49, 0.22, negative
0.36, 0.38, 0.56, 0.44, 0.5, 0.0, 0.48, 0.22, negative
0.53, 0.52, 0.61, 0.35, 0.5, 0.0, 0.5, 0.22, negative
0.62, 0.59, 0.54, 0.47, 0.5, 0.0, 0.46, 0.22, negative
0.65, 0.53, 0.55, 0.52, 0.5, 0.0, 0.47, 0.27, negative
0.38, 0.54, 0.54, 0.41, 0.5, 0.0, 0.51, 0.22, negative
0.61, 0.46, 0.51, 0.37, 0.5, 0.0, 0.51, 0.22, negative
0.55, 0.59, 0.47, 0.64, 0.5, 0.0, 0.54, 0.33, negative
0.54, 0.64, 0.5, 0.13, 0.5, 0.0, 0.49, 0.22, negative
0.4, 0.74, 0.49, 0.16, 0.5, 0.0, 0.51, 0.22, negative
0.51, 0.56, 0.51, 0.42, 0.5, 0.0, 0.53, 0.36, negative
0.43, 0.32, 0.5, 0.29, 0.5, 0.0, 0.5, 0.22, negative
0.49, 0.44, 0.45, 0.55, 0.5, 0.0, 0.48, 0.22, negative
0.51, 0.6, 0.51, 0.26, 0.5, 0.0, 0.54, 0.22, positive
0.49, 0.46, 0.42, 0.46, 0.5, 0.0, 0.55, 0.22, positive
0.5, 0.56, 0.49, 0.61, 0.5, 0.0, 0.5, 0.22, negative
0.63, 0.6, 0.5, 0.27, 0.5, 0.0, 0.55, 0.22, negative
0.46, 0.44, 0.53, 0.31, 0.5, 0.0, 0.48, 0.22, negative
0.58, 0.57, 0.54, 0.69, 0.5, 0.0, 0.54, 0.22, negative
0.61, 0.59, 0.47, 0.49, 0.5, 0.0, 0.54, 0.22, negative
0.63, 0.47, 0.56, 0.12, 0.5, 0.0, 0.5, 0.22, negative
0.55, 0.53, 0.54, 0.4, 0.5, 0.0, 0.48, 0.22, negative
0.41, 0.47, 0.58, 0.62, 0.5, 0.0, 0.5, 0.22, negative
0.44, 0.53, 0.53, 0.37, 0.5, 0.0, 0.51, 0.22, negative
0.57, 0.4, 0.48, 0.24, 0.5, 0.0, 0.55, 0.22, negative
0.46, 0.46, 0.56, 0.12, 0.5, 0.0, 0.55, 0.22, negative
0.47, 0.46, 0.55, 0.28, 0.5, 0.0, 0.44, 0.46, positive
0.58, 0.38, 0.4, 0.21, 0.5, 0.0, 0.5, 0.22, negative
0.53, 0.41, 0.5, 0.24, 1.0, 0.0, 0.47, 0.22, negative
0.43, 0.4, 0.5, 0.18, 0.5, 0.0, 0.5, 0.28, negative
0.41, 0.59, 0.46, 0.19, 0.5, 0.0, 0.36, 0.22, negative
0.58, 0.56, 0.52, 0.25, 0.5, 0.0, 0.57, 0.35, positive
0.51, 0.65, 0.53, 0.19, 0.5, 0.0, 0.49, 0.22, negative
0.44, 0.41, 0.29, 0.21, 0.5, 0.0, 0.49, 0.22, negative
0.49, 0.6, 0.55, 0.17, 0.5, 0.0, 0.44, 0.22, negative
0.42, 0.28, 0.57, 0.18, 0.5, 0.0, 0.42, 0.22, positive
0.51, 0.46, 0.54, 0.41, 0.5, 0.0, 0.53, 0.22, negative
0.6, 0.51, 0.52, 0.45, 0.5, 0.0, 0.5, 0.27, negative
0.37, 0.41, 0.45, 0.14, 0.5, 0.0, 0.47, 0.22, negative
0.37, 0.51, 0.57, 0.4, 0.5, 0.0, 0.48, 0.27, negative
0.36, 0.39, 0.55, 0.26, 0.5, 0.0, 0.49, 0.22, positive
0.5, 0.36, 0.53, 0.41, 0.5, 0.0, 0.55, 0.36, negative
0.59, 0.58, 0.39, 0.52, 0.5, 0.0, 0.5, 0.31, negative
0.78, 0.63, 0.53, 0.13, 0.5, 0.0, 0.54, 0.22, negative
0.48, 0.62, 0.52, 0.3, 0.5, 0.0, 0.51, 0.37, positive
0.53, 0.61, 0.51, 0.49, 0.5, 0.0, 0.54, 0.27, negative
0.33, 0.46, 0.53, 0.29, 0.5, 0.0, 0.5, 0.55, positive
0.36, 0.44, 0.51, 0.17, 0.5, 0.0, 0.6, 0.19, positive
0.39, 0.34, 0.68, 0.3, 0.5, 0.0, 0.5, 0.29, positive
0.11, 0.41, 0.67, 0.13, 0.5, 0.0, 0.45, 0.29, positive
0.47, 0.5, 0.55, 0.19, 0.5, 0.0, 0.62, 0.22, negative
0.35, 0.5, 0.44, 0.27, 0.5, 0.0, 0.51, 0.22, negative
0.36, 0.3, 0.5, 0.19, 0.5, 0.0, 0.55, 0.3, positive
0.49, 0.44, 0.51, 0.18, 0.5, 0.0, 0.52, 0.27, negative
0.35, 0.44, 0.54, 0.26, 0.5, 0.0, 0.52, 0.26, positive
0.43, 0.28, 0.53, 0.34, 0.5, 0.0, 0.55, 0.57, positive
0.33, 0.48, 0.55, 0.16, 0.5, 0.0, 0.53, 0.75, positive
0.45, 0.21, 0.49, 0.24, 0.5, 0.0, 0.46, 0.31, positive
0.44, 0.34, 0.61, 0.13, 0.5, 0.0, 0.49, 0.26, positive
0.87, 0.47, 0.6, 0.47, 0.5, 0.0, 0.59, 0.22, positive
0.29, 0.34, 0.55, 0.24, 0.5, 0.0, 0.51, 0.22, negative
0.75, 0.67, 0.51, 0.29, 0.5, 0.0, 0.52, 0.36, negative
0.47, 0.47, 0.5, 0.15, 0.5, 0.0, 0.5, 0.48, positive
0.51, 0.34, 0.49, 0.16, 0.5, 0.0, 0.53, 0.21, positive
0.64, 0.76, 0.51, 0.18, 0.5, 0.0, 0.46, 0.22, positive
0.45, 0.41, 0.58, 0.48, 0.5, 0.0, 0.53, 0.64, positive
0.9, 0.54, 0.59, 0.2, 0.5, 0.0, 0.48, 0.22, positive
0.7, 0.51, 0.47, 0.24, 0.5, 0.0, 0.53, 0.25, positive
0.25, 0.36, 0.58, 0.3, 0.5, 0.0, 0.58, 0.31, positive
0.83, 0.57, 0.42, 0.57, 0.5, 0.0, 0.5, 0.32, negative
0.43, 0.38, 0.38, 0.12, 0.5, 0.0, 0.5, 0.22, negative
0.78, 0.65, 0.4, 0.16, 0.5, 0.0, 0.63, 0.22, negative
0.52, 0.64, 0.34, 0.16, 0.5, 0.0, 0.57, 0.22, negative
0.41, 0.49, 0.58, 0.22, 0.5, 0.0, 0.52, 0.22, negative
0.39, 0.42, 0.49, 0.1, 0.5, 0.0, 0.49, 0.65, positive
0.31, 0.42, 0.48, 0.17, 0.5, 0.0, 0.49, 0.53, positive
0.39, 0.28, 0.54, 0.14, 0.5, 0.0, 0.59, 0.22, negative
0.76, 0.67, 0.37, 0.22, 0.5, 0.0, 0.54, 0.22, negative
0.49, 0.27, 0.57, 0.18, 0.5, 0.83, 0.54, 0.22, negative
0.28, 0.48, 0.56, 0.16, 0.5, 0.0, 0.48, 0.26, negative
0.64, 0.52, 0.5, 0.26, 0.5, 0.0, 0.51, 0.31, positive
0.56, 0.48, 0.5, 0.3, 0.5, 0.0, 0.51, 0.22, negative
0.5, 0.5, 0.54, 0.16, 0.5, 0.0, 0.49, 0.22, negative
0.47, 0.43, 0.59, 0.27, 0.5, 0.0, 0.55, 0.22, negative
0.68, 0.59, 0.44, 0.49, 0.5, 0.0, 0.4, 0.26, negative
0.45, 0.46, 0.61, 0.2, 0.5, 0.0, 0.62, 0.22, negative
0.53, 0.51, 0.36, 0.13, 0.5, 0.0, 0.52, 0.22, negative
0.6, 0.54, 0.54, 0.53, 0.5, 0.0, 0.52, 0.27, negative
0.49, 0.45, 0.53, 0.16, 0.5, 0.0, 0.49, 0.31, negative
0.51, 0.46, 0.57, 0.25, 0.5, 0.0, 0.53, 0.22, negative
0.49, 0.45, 0.46, 0.18, 0.5, 0.0, 0.49, 0.31, negative
0.52, 0.46, 0.51, 0.18, 0.5, 0.0, 0.5, 0.22, negative
0.55, 0.59, 0.52, 0.1, 0.5, 0.0, 0.53, 0.22, negative
0.7, 0.84, 0.49, 0.28, 1.0, 0.0, 0.58, 0.22, negative
0.37, 0.42, 0.6, 0.13, 0.5, 0.0, 0.51, 0.22, positive
0.45, 0.58, 0.59, 0.44, 0.5, 0.0, 0.56, 0.22, negative
0.74, 0.89, 0.32, 0.24, 0.5, 0.0, 0.54, 0.32, negative
0.51, 0.46, 0.49, 0.21, 0.5, 0.0, 0.55, 0.22, negative
0.4, 0.36, 0.55, 0.15, 0.5, 0.0, 0.53, 0.22, negative
0.67, 0.46, 0.58, 0.3, 0.5, 0.0, 0.57, 0.27, positive
0.5, 0.32, 0.49, 0.49, 0.5, 0.0, 0.48, 0.32, negative
0.45, 0.53, 0.47, 0.43, 0.5, 0.0, 0.5, 0.27, negative
0.75, 0.6, 0.43, 0.35, 0.5, 0.0, 0.45, 0.27, negative
0.48, 0.45, 0.59, 0.35, 0.5, 0.0, 0.55, 0.3, negative
0.26, 0.28, 0.6, 0.2, 0.5, 0.0, 0.54, 0.31, negative
0.59, 0.45, 0.58, 0.21, 0.5, 0.0, 0.49, 0.22, negative
0.59, 0.58, 0.47, 0.61, 0.5, 0.0, 0.44, 0.3, negative
0.5, 0.57, 0.62, 0.25, 0.5, 0.0, 0.51, 0.22, negative
0.62, 0.43, 0.49, 0.29, 0.5, 0.0, 0.5, 0.27, negative
0.45, 0.41, 0.49, 0.14, 1.0, 0.0, 0.53, 0.3, negative
0.46, 0.46, 0.53, 0.23, 0.5, 0.0, 0.51, 0.22, negative
0.48, 0.42, 0.48, 0.19, 0.5, 0.0, 0.58, 0.22, negative
0.43, 0.45, 0.53, 0.19, 0.5, 0.0, 0.56, 0.22, negative
0.28, 0.36, 0.55, 0.15, 0.5, 0.0, 0.57, 0.22, negative
0.48, 0.46, 0.58, 0.26, 0.5, 0.0, 0.44, 0.22, positive
0.74, 0.72, 0.5, 0.28, 0.5, 0.0, 0.5, 0.27, negative
0.74, 0.72, 0.5, 0.28, 0.5, 0.0, 0.49, 0.27, negative
0.38, 0.62, 0.52, 0.14, 0.5, 0.0, 0.53, 0.22, negative
0.77, 0.72, 0.48, 0.26, 0.5, 0.0, 0.51, 0.22, negative
0.44, 0.42, 0.57, 0.22, 0.5, 0.0, 0.5, 0.25, positive
0.39, 0.81, 0.35, 0.28, 0.5, 0.0, 0.51, 0.45, negative
0.4, 0.37, 0.54, 0.13, 0.5, 0.0, 0.48, 0.22, positive
0.31, 0.3, 0.34, 0.19, 0.5, 0.0, 0.55, 0.3, negative
0.5, 0.42, 0.57, 0.49, 0.5, 0.0, 0.48, 0.27, positive
0.59, 0.61, 0.51, 0.62, 0.5, 0.0, 0.51, 0.38, negative
0.45, 0.4, 0.43, 0.22, 0.5, 0.0, 0.51, 0.48, positive
0.47, 0.54, 0.53, 0.77, 0.5, 0.0, 0.52, 0.36, negative
0.77, 0.73, 0.51, 0.27, 0.5, 0.0, 0.34, 0.22, negative
0.47, 0.61, 0.5, 0.23, 0.5, 0.0, 0.49, 0.22, negative
0.78, 0.69, 0.44, 0.26, 0.5, 0.0, 0.54, 0.22, negative
0.27, 0.56, 0.3, 0.14, 0.5, 0.0, 0.52, 0.39, negative
0.4, 0.39, 0.33, 0.17, 0.5, 0.0, 0.51, 0.31, negative
0.55, 0.51, 0.54, 0.2, 0.5, 0.0, 0.56, 0.22, negative
0.95, 0.71, 0.27, 0.39, 0.5, 0.0, 0.31, 0.22, negative
0.97, 0.71, 0.29, 0.42, 0.5, 0.0, 0.35, 0.22, negative
0.44, 0.43, 0.34, 0.21, 0.5, 0.0, 0.55, 0.4, negative
0.39, 0.49, 0.3, 0.19, 0.5, 0.0, 0.52, 0.31, negative
0.38, 0.48, 0.51, 0.13, 0.5, 0.0, 0.5, 0.32, positive
0.37, 0.51, 0.39, 0.18, 0.5, 0.0, 0.51, 0.27, negative
0.27, 0.49, 0.36, 0.26, 0.5, 0.0, 0.49, 0.26, negative
0.49, 0.48, 0.52, 0.2, 0.5, 0.0, 0.55, 0.22, positive
0.36, 0.39, 0.54, 0.16, 0.5, 0.0, 0.5, 0.28, positive
0.54, 0.53, 0.48, 0.14, 0.5, 0.0, 0.49, 0.33, positive
0.37, 0.48, 0.5, 0.26, 0.5, 0.0, 0.52, 0.39, positive
0.25, 0.39, 0.5, 0.23, 0.5, 0.0, 0.5, 0.28, positive
0.49, 0.71, 0.54, 0.13, 0.5, 0.0, 0.58, 0.22, positive
0.56, 0.5, 0.56, 0.26, 0.5, 0.0, 0.53, 0.27, positive
0.41, 0.53, 0.41, 0.15, 0.5, 0.0, 0.54, 0.25, positive
0.5, 0.45, 0.53, 0.21, 0.5, 0.0, 0.28, 0.22, positive
0.46, 0.37, 0.48, 0.36, 0.5, 0.0, 0.48, 0.22, negative
0.42, 0.65, 0.58, 0.34, 0.5, 0.0, 0.5, 0.22, negative
0.45, 0.47, 0.53, 0.15, 0.5, 0.0, 0.52, 0.27, negative
0.42, 0.28, 0.51, 0.23, 0.5, 0.0, 0.53, 0.27, positive
0.51, 0.48, 0.46, 0.29, 0.5, 0.0, 0.54, 0.22, negative
0.69, 0.7, 0.5, 0.3, 0.5, 0.0, 0.54, 0.22, negative
0.63, 0.55, 0.53, 0.51, 0.5, 0.0, 0.55, 0.22, negative
0.55, 0.63, 0.54, 0.16, 0.5, 0.0, 0.45, 0.27, negative
0.53, 0.59, 0.48, 0.14, 0.5, 0.0, 0.51, 0.22, negative
0.42, 0.53, 0.57, 0.17, 0.5, 0.0, 0.49, 0.22, negative
0.52, 0.46, 0.56, 0.2, 0.5, 0.0, 0.5, 0.22, negative
0.53, 0.43, 0.57, 0.24, 0.5, 0.0, 0.39, 0.28, negative
0.33, 0.35, 0.56, 0.19, 0.5, 0.0, 0.5, 0.22, positive
0.45, 0.48, 0.56, 0.56, 0.5, 0.0, 0.47, 0.22, positive
0.56, 0.48, 0.5, 0.17, 0.5, 0.0, 0.51, 0.26, negative
0.77, 0.57, 0.45, 0.17, 0.5, 0.0, 0.53, 0.22, negative
0.33, 0.39, 0.52, 0.09, 0.5, 0.0, 0.47, 0.28, positive
0.38, 0.26, 0.6, 0.1, 0.5, 0.0, 0.48, 0.44, positive
0.62, 0.41, 0.52, 0.17, 0.5, 0.0, 0.48, 0.22, positive
0.52, 0.37, 0.48, 0.13, 0.5, 0.0, 0.55, 0.22, positive
0.32, 0.48, 0.49, 0.17, 0.5, 0.0, 0.47, 0.22, positive
0.33, 0.21, 0.53, 0.15, 1.0, 0.0, 0.52, 0.5, positive
0.49, 0.45, 0.57, 0.24, 0.5, 0.0, 0.47, 0.38, positive
0.4, 0.28, 0.48, 0.06, 0.5, 0.0, 0.49, 0.42, positive
0.45, 0.45, 0.52, 0.17, 0.5, 0.0, 0.54, 0.22, negative
0.28, 0.51, 0.55, 0.19, 0.5, 0.0, 0.57, 0.22, negative
0.51, 0.51, 0.56, 0.28, 0.5, 0.0, 0.54, 0.27, negative
0.59, 0.46, 0.48, 0.46, 0.5, 0.0, 0.49, 0.22, negative
0.51, 0.46, 0.4, 0.65, 0.5, 0.0, 0.49, 0.22, negative
0.37, 0.44, 0.51, 0.56, 0.5, 0.0, 0.5, 0.38, positive
0.81, 0.55, 0.35, 0.34, 0.5, 0.0, 0.51, 0.22, negative
0.36, 0.33, 0.38, 0.15, 0.5, 0.0, 0.55, 0.36, negative
0.48, 0.5, 0.56, 0.11, 0.5, 0.0, 0.33, 0.22, negative
0.35, 0.47, 0.53, 0.19, 0.5, 0.0, 0.48, 0.22, negative
0.48, 0.48, 0.56, 0.18, 0.5, 0.0, 0.58, 0.22, negative
0.6, 0.59, 0.47, 0.47, 0.5, 0.0, 0.53, 0.22, negative
0.45, 0.53, 0.51, 0.42, 0.5, 0.0, 0.52, 0.22, negative
0.29, 0.4, 0.41, 0.48, 0.5, 0.0, 0.53, 0.3, positive
0.58, 0.53, 0.33, 0.26, 0.5, 0.0, 0.51, 0.22, negative
0.46, 0.43, 0.5, 0.24, 0.5, 0.0, 0.48, 0.31, negative
0.43, 0.46, 0.5, 0.21, 0.5, 0.0, 0.49, 0.34, negative
0.61, 0.55, 0.51, 0.26, 0.5, 0.0, 0.52, 0.22, negative
0.49, 0.45, 0.54, 0.4, 0.5, 0.0, 0.55, 0.22, negative
0.64, 0.53, 0.59, 0.14, 0.5, 0.0, 0.53, 0.22, negative
0.57, 0.6, 0.54, 0.17, 0.5, 0.0, 0.52, 0.22, negative
0.38, 0.31, 0.59, 0.19, 0.5, 0.0, 0.46, 0.22, negative
0.68, 0.53, 0.44, 0.31, 0.5, 0.0, 0.51, 0.22, negative
0.24, 0.41, 0.47, 0.16, 0.5, 0.0, 0.51, 0.38, positive
0.61, 0.39, 0.53, 0.14, 0.5, 0.0, 0.43, 0.26, positive
0.39, 0.16, 0.59, 0.08, 0.5, 0.0, 0.51, 0.27, positive
0.33, 0.28, 0.5, 0.4, 0.5, 0.0, 0.46, 0.61, positive
0.51, 0.55, 0.56, 0.18, 0.5, 0.0, 0.5, 0.38, positive
0.39, 0.44, 0.54, 0.24, 0.5, 0.0, 0.51, 0.49, positive
0.43, 0.48, 0.53, 0.18, 0.5, 0.0, 0.46, 0.22, positive
0.33, 0.28, 0.52, 0.15, 0.5, 0.0, 0.51, 0.86, positive
0.36, 0.48, 0.5, 0.13, 0.5, 0.0, 0.49, 0.6, positive
0.45, 0.54, 0.49, 0.29, 0.5, 0.0, 0.49, 0.25, positive
0.43, 0.41, 0.51, 0.34, 0.5, 0.0, 0.49, 0.28, positive
0.64, 0.5, 0.53, 0.1, 0.5, 0.0, 0.51, 0.22, positive
0.41, 0.52, 0.56, 0.26, 0.5, 0.0, 0.48, 0.32, positive
0.48, 0.47, 0.59, 0.41, 0.5, 0.0, 0.56, 0.27, positive
0.59, 0.47, 0.51, 0.53, 0.5, 0.0, 0.53, 0.26, negative
0.4, 0.6, 0.5, 0.16, 0.5, 0.0, 0.51, 0.22, negative
0.61, 0.46, 0.54, 0.11, 0.5, 0.0, 0.47, 0.22, negative
0.53, 0.46, 0.54, 0.37, 0.5, 0.0, 0.51, 0.3, positive
0.41, 0.41, 0.43, 0.61, 0.5, 0.0, 0.53, 0.22, negative
0.58, 0.31, 0.6, 0.12, 0.5, 0.0, 0.47, 0.33, positive
0.49, 0.67, 0.5, 0.28, 0.5, 0.0, 0.43, 0.22, positive
0.57, 0.55, 0.52, 0.16, 0.5, 0.0, 0.49, 0.39, positive
0.45, 0.66, 0.39, 0.11, 0.5, 0.0, 0.54, 0.22, negative
0.32, 0.49, 0.53, 0.28, 0.5, 0.0, 0.5, 0.5, positive
0.46, 0.41, 0.58, 0.1, 0.5, 0.0, 0.48, 0.22, positive
0.47, 0.47, 0.54, 0.19, 0.5, 0.0, 0.51, 0.33, positive
0.34, 0.58, 0.5, 0.26, 0.5, 0.0, 0.51, 0.22, positive
0.4, 0.66, 0.34, 0.21, 0.5, 0.0, 0.52, 0.26, positive
0.42, 0.21, 0.59, 0.3, 0.5, 0.0, 0.47, 0.27, positive
0.6, 0.48, 0.46, 0.32, 0.5, 0.0, 0.4, 0.33, negative
0.64, 0.44, 0.51, 0.35, 0.5, 0.0, 0.53, 0.22, negative
0.35, 0.4, 0.44, 0.25, 0.5, 0.0, 0.53, 0.57, positive
0.45, 0.43, 0.5, 0.25, 0.5, 0.0, 0.47, 0.22, negative
0.45, 0.49, 0.57, 0.25, 0.5, 0.0, 0.48, 0.22, positive
0.45, 0.52, 0.5, 0.12, 0.5, 0.0, 0.6, 0.22, negative
0.56, 0.51, 0.32, 0.49, 0.5, 0.0, 0.48, 0.22, positive
0.37, 0.58, 0.5, 0.22, 0.5, 0.0, 0.47, 0.22, positive
0.47, 0.45, 0.51, 0.33, 0.5, 0.0, 0.46, 0.26, positive
0.5, 0.36, 0.64, 0.37, 0.5, 0.0, 0.37, 0.33, positive
0.43, 0.44, 0.64, 0.19, 0.5, 0.0, 0.38, 0.33, positive
0.38, 0.4, 0.59, 0.25, 0.5, 0.0, 0.44, 0.22, negative
0.45, 0.5, 0.57, 0.29, 0.5, 0.0, 0.44, 0.11, negative
0.61, 0.38, 0.57, 0.36, 0.5, 0.0, 0.44, 0.21, negative
0.61, 0.38, 0.57, 0.36, 0.5, 0.0, 0.44, 0.21, negative
0.43, 0.33, 0.54, 0.37, 0.5, 0.0, 0.38, 0.16, negative
0.43, 0.33, 0.54, 0.37, 0.5, 0.0, 0.38, 0.16, negative
0.51, 0.39, 0.58, 0.19, 0.5, 0.0, 0.47, 0.22, negative
0.72, 0.51, 0.52, 0.08, 0.5, 0.0, 0.54, 0.22, positive
0.35, 0.41, 0.53, 0.27, 0.5, 0.0, 0.47, 0.29, positive
0.56, 0.49, 0.54, 0.15, 0.5, 0.0, 0.5, 0.35, positive
0.48, 0.45, 0.63, 0.19, 0.5, 0.0, 0.58, 0.22, positive
0.34, 0.48, 0.47, 0.19, 0.5, 0.0, 0.5, 0.3, positive
0.54, 0.57, 0.55, 0.18, 0.5, 0.0, 0.5, 0.22, positive
0.38, 0.44, 0.55, 0.44, 0.5, 0.0, 0.47, 0.51, positive
0.4, 0.3, 0.57, 0.13, 0.5, 0.0, 0.46, 0.22, positive
0.52, 0.46, 0.56, 0.25, 0.5, 0.0, 0.52, 0.22, positive
0.44, 0.5, 0.55, 0.24, 0.5, 0.0, 0.48, 0.22, positive
0.34, 0.47, 0.48, 0.32, 0.5, 0.0, 0.42, 0.22, positive
0.5, 0.56, 0.63, 0.25, 0.5, 0.0, 0.42, 0.22, positive
0.46, 0.53, 0.47, 0.37, 0.5, 0.0, 0.51, 0.36, positive
0.31, 0.6, 0.65, 0.18, 0.5, 0.0, 0.46, 0.22, positive
0.57, 0.42, 0.63, 0.22, 0.5, 0.0, 0.68, 0.32, positive
0.38, 0.38, 0.54, 0.24, 0.5, 0.0, 0.54, 0.22, positive
0.36, 0.49, 0.55, 0.21, 0.5, 0.0, 0.55, 0.33, positive
0.29, 0.4, 0.5, 0.16, 0.5, 0.0, 0.51, 0.34, positive
0.37, 0.3, 0.51, 0.15, 0.5, 0.0, 0.58, 0.26, positive
0.46, 0.35, 0.69, 0.18, 0.5, 0.0, 0.3, 0.25, negative
0.57, 0.43, 0.52, 0.3, 0.5, 0.0, 0.37, 0.11, negative
0.59, 0.51, 0.48, 0.12, 0.5, 0.0, 0.54, 0.31, negative
0.61, 0.53, 0.59, 0.17, 0.5, 0.0, 0.44, 0.28, negative
0.61, 0.48, 0.56, 0.19, 0.5, 0.0, 0.53, 0.31, negative
0.61, 0.48, 0.56, 0.19, 0.5, 0.0, 0.53, 0.31, negative
0.44, 0.56, 0.52, 0.18, 0.5, 0.0, 0.5, 0.11, negative
0.36, 0.56, 0.52, 0.18, 0.5, 0.0, 0.45, 0.16, negative
0.37, 0.44, 0.64, 0.48, 0.5, 0.0, 0.36, 0.27, negative
0.72, 0.37, 0.63, 0.38, 0.5, 0.0, 0.4, 0.14, negative
0.72, 0.37, 0.63, 0.38, 0.5, 0.0, 0.4, 0.14, negative
0.44, 0.36, 0.64, 0.45, 0.5, 0.0, 0.53, 0.11, negative
0.58, 0.45, 0.55, 0.27, 0.5, 0.0, 0.48, 0.11, negative
0.63, 0.64, 0.45, 0.26, 0.5, 0.0, 0.43, 0.22, negative
0.63, 0.64, 0.45, 0.26, 0.5, 0.0, 0.43, 0.22, negative
0.43, 0.33, 0.67, 0.12, 0.5, 0.0, 0.45, 0.23, negative
0.43, 0.33, 0.67, 0.12, 0.5, 0.0, 0.43, 0.23, negative
0.58, 0.44, 0.5, 0.26, 0.5, 0.0, 0.52, 0.22, negative
0.4, 0.45, 0.61, 0.29, 0.5, 0.0, 0.44, 0.22, negative
0.34, 0.34, 0.65, 0.4, 0.5, 0.0, 0.32, 0.16, negative
0.34, 0.34, 0.65, 0.4, 0.5, 0.0, 0.32, 0.16, negative
0.43, 0.22, 0.79, 0.79, 0.5, 0.0, 0.22, 0.0, negative
0.35, 0.21, 1.0, 0.8, 0.5, 0.0, 0.13, 0.01, negative
0.35, 0.21, 1.0, 0.8, 0.5, 0.0, 0.13, 0.01, negative
0.56, 0.35, 0.47, 0.41, 0.5, 0.0, 0.5, 0.22, negative
0.56, 0.35, 0.47, 0.35, 0.5, 0.0, 0.52, 0.22, negative
0.54, 0.44, 0.55, 0.48, 0.5, 0.0, 0.47, 0.22, negative
0.35, 0.39, 0.56, 0.2, 0.5, 0.0, 0.49, 0.41, negative
0.48, 0.46, 0.58, 0.16, 0.5, 0.0, 0.45, 0.22, negative
0.48, 0.55, 0.48, 0.1, 0.5, 0.0, 0.55, 0.22, negative
0.66, 0.6, 0.52, 0.19, 0.5, 0.0, 0.69, 0.22, negative
0.69, 0.54, 0.55, 0.23, 0.5, 0.0, 0.73, 0.22, negative
0.78, 0.82, 0.56, 0.21, 0.5, 0.0, 0.69, 0.22, negative
0.44, 0.62, 0.53, 0.27, 0.5, 0.0, 0.49, 0.22, positive
0.56, 0.61, 0.52, 0.19, 0.5, 0.0, 0.52, 0.32, positive
0.47, 0.56, 0.46, 0.5, 0.5, 0.0, 0.51, 0.22, negative
0.46, 0.33, 0.45, 0.22, 0.5, 0.0, 0.41, 0.37, negative
0.52, 0.43, 0.61, 0.22, 0.5, 0.0, 0.45, 0.22, negative
0.52, 0.43, 0.61, 0.22, 0.5, 0.0, 0.45, 0.22, negative
0.48, 0.41, 0.52, 0.33, 0.5, 0.0, 0.51, 0.26, negative
0.46, 0.39, 0.54, 0.22, 0.5, 0.0, 0.48, 0.25, negative
0.46, 0.39, 0.54, 0.22, 0.5, 0.0, 0.48, 0.25, negative
0.42, 0.5, 0.64, 0.13, 0.5, 0.0, 0.49, 0.22, negative
0.46, 0.54, 0.59, 0.41, 0.5, 0.0, 0.53, 0.21, negative
0.46, 0.54, 0.59, 0.41, 0.5, 0.0, 0.53, 0.21, negative
0.39, 0.65, 0.57, 0.19, 0.5, 0.0, 0.44, 0.25, negative
0.39, 0.65, 0.57, 0.19, 0.5, 0.0, 0.43, 0.25, negative
0.38, 0.5, 0.52, 0.44, 0.5, 0.0, 0.54, 0.11, negative
0.38, 0.5, 0.52, 0.44, 0.5, 0.0, 0.54, 0.11, negative
0.51, 0.52, 0.58, 0.17, 0.5, 0.0, 0.47, 0.28, negative
0.57, 0.48, 0.54, 0.22, 0.5, 0.0, 0.5, 0.11, negative
0.5, 0.5, 0.62, 0.23, 0.5, 0.0, 0.35, 0.11, negative
0.41, 0.49, 0.65, 0.28, 0.5, 0.0, 0.59, 0.57, negative
0.53, 0.57, 0.6, 0.36, 0.5, 0.0, 0.5, 0.22, negative
0.37, 0.3, 0.62, 0.43, 0.5, 0.0, 0.44, 0.39, negative
0.6, 0.57, 0.52, 0.14, 0.5, 0.0, 0.46, 0.48, positive
0.42, 0.38, 0.52, 0.29, 0.5, 0.0, 0.42, 0.22, positive
0.41, 0.46, 0.58, 0.08, 0.5, 0.0, 0.51, 0.28, positive
0.49, 0.4, 0.58, 0.23, 0.5, 0.0, 0.47, 0.27, negative
0.37, 0.37, 0.51, 0.38, 0.5, 0.0, 0.44, 0.22, negative
0.57, 0.5, 0.4, 0.08, 0.5, 0.0, 0.47, 0.22, negative
0.34, 0.25, 0.55, 0.28, 0.5, 0.0, 0.51, 0.49, negative
0.77, 0.86, 0.44, 0.27, 0.5, 0.0, 0.48, 0.22, negative
0.59, 0.54, 0.53, 0.14, 0.5, 0.0, 0.48, 0.22, negative
0.5, 0.48, 0.48, 0.23, 0.5, 0.0, 0.53, 0.68, negative
0.39, 1.0, 0.38, 0.41, 0.5, 0.0, 0.5, 0.27, negative
0.56, 0.42, 0.52, 0.14, 0.5, 0.0, 0.51, 0.22, negative
0.52, 0.54, 0.47, 0.49, 0.5, 0.0, 0.54, 0.22, negative
0.46, 0.49, 0.55, 0.18, 0.5, 0.0, 0.56, 0.22, positive
0.56, 0.65, 0.49, 0.56, 0.5, 0.0, 0.49, 0.22, negative
0.53, 0.51, 0.55, 0.57, 0.5, 0.0, 0.46, 0.22, negative
0.54, 0.64, 0.4, 0.56, 0.5, 0.0, 0.51, 0.22, negative
0.47, 0.58, 0.47, 0.52, 0.5, 0.0, 0.54, 0.22, negative
0.46, 0.42, 0.51, 0.16, 0.5, 0.0, 0.56, 0.22, negative
0.85, 0.66, 0.49, 0.18, 0.5, 0.0, 0.51, 0.22, negative
0.55, 0.52, 0.44, 0.2, 0.5, 0.0, 0.56, 0.22, negative
0.49, 0.38, 0.56, 0.09, 0.5, 0.0, 0.46, 0.22, negative
0.38, 0.4, 0.53, 0.12, 0.5, 0.0, 0.55, 0.22, negative
0.55, 0.55, 0.52, 0.13, 0.5, 0.0, 0.53, 0.25, negative
0.46, 0.44, 0.58, 0.17, 0.5, 0.0, 0.55, 0.22, negative
0.46, 0.47, 0.44, 0.18, 1.0, 0.0, 0.46, 0.22, negative
0.44, 0.71, 0.5, 0.21, 0.5, 0.0, 0.54, 0.27, negative
0.56, 0.49, 0.32, 0.22, 0.5, 0.0, 0.5, 0.22, negative
0.41, 0.49, 0.47, 0.09, 0.5, 0.0, 0.49, 0.22, negative
0.44, 0.51, 0.53, 0.3, 0.5, 0.0, 0.53, 0.22, negative
0.51, 0.51, 0.32, 0.27, 0.5, 0.0, 0.54, 0.22, negative
0.46, 0.38, 0.51, 0.2, 0.5, 0.0, 0.51, 0.22, negative
0.55, 0.72, 0.35, 0.26, 0.5, 0.0, 0.49, 0.22, negative
0.54, 0.44, 0.35, 0.19, 0.5, 0.0, 0.51, 0.27, negative
0.65, 0.66, 0.37, 0.12, 0.5, 0.0, 0.52, 0.27, negative
0.41, 0.4, 0.56, 0.17, 0.5, 0.0, 0.56, 0.22, negative
0.39, 0.71, 0.38, 0.14, 0.5, 0.0, 0.5, 0.22, negative
0.37, 0.42, 0.46, 0.15, 0.5, 0.0, 0.51, 0.31, negative
0.59, 0.55, 0.57, 0.18, 0.5, 0.0, 0.51, 0.22, negative
0.48, 0.51, 0.5, 0.24, 0.5, 0.0, 0.54, 0.38, negative
0.39, 0.3, 0.63, 0.2, 0.5, 0.0, 0.43, 0.47, negative
0.77, 0.82, 0.4, 0.36, 0.5, 0.0, 0.38, 0.22, negative
0.52, 0.55, 0.39, 0.09, 1.0, 0.0, 0.55, 0.25, negative
0.47, 0.37, 0.46, 0.28, 0.5, 0.0, 0.52, 0.99, positive
0.48, 0.5, 0.47, 0.29, 0.5, 0.0, 0.46, 0.27, positive
0.3, 0.33, 0.55, 0.12, 0.5, 0.0, 0.53, 0.38, negative
0.49, 0.49, 0.52, 0.18, 0.5, 0.0, 0.51, 0.25, positive
0.7, 0.78, 0.53, 0.24, 0.5, 0.0, 0.48, 0.22, negative
0.85, 0.69, 0.34, 0.31, 0.5, 0.0, 0.57, 0.3, negative
0.56, 0.59, 0.45, 0.15, 0.5, 0.0, 0.54, 0.22, negative
0.47, 0.56, 0.53, 0.44, 0.5, 0.0, 0.53, 0.22, negative
0.53, 0.49, 0.47, 0.21, 0.5, 0.0, 0.53, 0.22, negative
0.47, 0.44, 0.53, 0.18, 0.5, 0.0, 0.47, 0.29, positive
0.4, 0.49, 0.53, 0.23, 0.5, 0.0, 0.44, 0.26, positive
0.45, 0.65, 0.51, 0.17, 0.5, 0.0, 0.49, 0.22, positive
0.42, 0.42, 0.55, 0.31, 0.5, 0.0, 0.43, 0.22, positive
0.45, 0.41, 0.53, 0.49, 0.5, 0.0, 0.49, 0.31, positive
0.42, 0.28, 0.49, 0.22, 0.5, 0.0, 0.55, 0.34, positive
0.47, 0.5, 0.47, 0.22, 0.5, 0.0, 0.53, 0.45, positive
0.33, 0.42, 0.55, 0.23, 0.5, 0.0, 0.52, 0.43, positive
0.56, 0.55, 0.57, 0.15, 0.5, 0.0, 0.54, 0.25, negative
0.37, 0.47, 0.49, 0.12, 0.5, 0.0, 0.47, 0.31, positive
0.38, 0.42, 0.31, 0.35, 0.5, 0.0, 0.52, 0.22, negative
0.46, 0.56, 0.56, 0.25, 0.5, 0.0, 0.43, 0.22, positive
0.47, 0.55, 0.57, 0.17, 0.5, 0.0, 0.52, 0.66, positive
0.37, 0.55, 0.52, 0.13, 0.5, 0.0, 0.42, 0.8, negative
0.46, 0.48, 0.38, 0.22, 0.5, 0.0, 0.39, 0.45, negative
0.8, 0.69, 0.53, 0.33, 0.5, 0.0, 0.51, 0.22, negative
0.52, 0.65, 0.36, 0.37, 0.5, 0.0, 0.52, 0.34, negative
0.19, 0.16, 0.68, 0.36, 0.5, 0.0, 0.49, 0.21, positive
0.64, 0.31, 0.53, 0.15, 0.5, 0.0, 0.53, 0.31, negative
0.47, 0.56, 0.51, 0.2, 0.5, 0.0, 0.52, 0.59, positive
0.48, 0.55, 0.58, 0.18, 0.5, 0.0, 0.38, 0.69, positive
0.57, 0.51, 0.34, 0.13, 0.5, 0.0, 0.53, 0.27, negative
0.54, 0.5, 0.51, 0.26, 0.5, 0.0, 0.52, 0.22, negative
0.6, 0.64, 0.56, 0.36, 0.5, 0.0, 0.46, 0.27, negative
0.27, 0.41, 0.24, 0.2, 0.5, 0.0, 0.49, 0.22, negative
0.25, 0.35, 0.22, 0.18, 0.5, 0.0, 0.46, 0.22, negative
0.33, 0.47, 0.55, 0.24, 0.5, 0.0, 0.45, 0.67, positive
0.37, 0.4, 0.38, 0.18, 0.5, 0.0, 0.51, 0.22, negative
0.43, 0.47, 0.47, 0.18, 0.5, 0.0, 0.47, 0.22, negative
0.66, 0.43, 0.57, 0.6, 0.5, 0.0, 0.19, 0.33, positive
0.55, 0.4, 0.62, 0.22, 0.5, 0.0, 0.37, 0.28, positive
0.51, 0.5, 0.54, 0.11, 0.5, 0.0, 0.6, 0.22, positive
0.45, 0.57, 0.38, 0.28, 0.5, 0.0, 0.53, 0.31, negative
0.55, 0.57, 0.51, 0.07, 0.5, 0.0, 0.55, 0.22, negative
0.46, 0.41, 0.45, 0.23, 0.5, 0.0, 0.48, 0.22, positive
0.4, 0.39, 0.6, 0.23, 0.5, 0.0, 0.52, 0.31, positive
0.52, 0.47, 0.58, 0.18, 0.5, 0.0, 0.34, 0.11, negative
0.52, 0.47, 0.58, 0.18, 0.5, 0.0, 0.34, 0.11, negative
0.5, 0.45, 0.51, 0.19, 0.5, 0.0, 0.53, 0.25, negative
0.57, 0.55, 0.51, 0.18, 0.5, 0.0, 0.51, 0.43, positive
0.44, 0.43, 0.46, 0.28, 0.5, 0.0, 0.45, 0.29, positive
0.46, 0.5, 0.5, 0.28, 0.5, 0.0, 0.5, 0.37, positive
0.66, 0.65, 0.54, 0.4, 0.5, 0.0, 0.51, 0.22, negative
0.77, 0.73, 0.49, 0.46, 0.5, 0.0, 0.38, 0.22, negative
0.38, 0.58, 0.46, 0.21, 0.5, 0.0, 0.52, 0.22, positive
0.32, 0.68, 0.51, 0.16, 0.5, 0.83, 0.55, 0.22, negative
0.52, 0.45, 0.45, 0.13, 0.5, 0.0, 0.48, 0.22, positive
0.37, 0.29, 0.45, 0.15, 0.5, 0.0, 0.49, 0.22, positive
0.37, 0.48, 0.67, 0.37, 0.5, 0.0, 0.56, 0.62, positive
0.48, 0.65, 0.36, 0.24, 0.5, 0.0, 0.54, 0.31, positive
0.59, 0.49, 0.45, 0.22, 0.5, 0.0, 0.45, 0.31, positive
0.73, 0.52, 0.59, 0.25, 0.5, 0.0, 0.51, 0.22, positive
0.5, 0.43, 0.5, 0.17, 0.5, 0.0, 0.46, 0.47, positive
0.23, 0.13, 0.51, 0.16, 0.5, 0.0, 0.53, 0.51, positive
0.52, 0.31, 0.56, 0.16, 0.5, 0.0, 0.55, 0.22, positive
0.49, 0.48, 0.51, 0.21, 0.5, 0.0, 0.53, 0.22, positive
0.49, 0.6, 0.42, 0.18, 0.5, 0.0, 0.58, 0.28, positive
0.6, 0.62, 0.54, 0.11, 0.5, 0.0, 0.51, 0.22, positive
0.55, 0.47, 0.53, 0.2, 0.5, 0.0, 0.4, 0.22, positive
0.47, 0.32, 0.51, 0.24, 0.5, 0.0, 0.54, 0.27, positive
0.53, 0.25, 0.59, 0.27, 0.5, 0.0, 0.45, 0.26, positive
0.31, 0.5, 0.54, 0.32, 0.5, 0.0, 0.53, 0.31, positive
0.25, 0.33, 0.48, 0.18, 0.5, 0.0, 0.42, 0.33, positive
0.55, 0.46, 0.47, 0.15, 0.5, 0.0, 0.47, 0.22, negative
0.61, 0.5, 0.61, 0.21, 0.5, 0.0, 0.55, 0.54, negative
0.5, 0.52, 0.51, 0.22, 0.5, 0.0, 0.46, 0.37, negative
0.62, 0.33, 0.49, 0.24, 0.5, 0.0, 0.51, 0.42, negative
0.56, 0.52, 0.46, 0.17, 0.5, 0.0, 0.49, 0.73, negative
0.53, 0.48, 0.51, 0.18, 0.5, 0.0, 0.52, 0.27, negative
0.51, 0.48, 0.51, 0.19, 0.5, 0.0, 0.51, 0.27, negative
0.51, 0.48, 0.51, 0.26, 0.5, 0.0, 0.51, 0.27, negative
0.53, 0.48, 0.51, 0.18, 0.5, 0.0, 0.51, 0.27, negative
0.44, 0.39, 0.63, 0.11, 0.5, 0.0, 0.49, 0.26, positive
0.51, 0.5, 0.49, 0.45, 0.5, 0.0, 0.48, 0.22, negative
0.45, 0.45, 0.51, 0.3, 0.5, 0.0, 0.48, 0.44, negative
0.19, 0.66, 0.6, 0.14, 0.5, 0.0, 0.2, 0.25, positive
0.41, 0.42, 0.23, 0.16, 0.5, 0.0, 0.4, 0.22, negative
0.25, 0.42, 0.21, 0.14, 0.5, 0.0, 0.41, 0.22, negative
0.7, 0.58, 0.53, 0.39, 0.5, 0.0, 0.59, 0.22, negative
0.49, 0.31, 0.43, 0.24, 0.5, 0.0, 0.54, 0.22, negative
0.46, 0.41, 0.43, 0.18, 0.5, 0.0, 0.54, 0.22, negative
0.83, 0.81, 0.45, 0.38, 0.5, 0.0, 0.4, 0.26, negative
0.38, 0.51, 0.56, 0.21, 0.5, 0.0, 0.48, 0.31, positive
0.32, 0.36, 0.28, 0.38, 0.5, 0.0, 0.5, 0.4, negative
0.4, 0.65, 0.38, 0.17, 0.5, 0.0, 0.57, 0.22, negative
0.36, 0.37, 0.63, 0.25, 0.5, 0.0, 0.3, 0.22, negative
0.3, 0.45, 0.55, 0.19, 0.5, 0.0, 0.53, 0.4, negative
0.88, 0.72, 0.32, 0.3, 0.5, 0.0, 0.52, 0.33, negative
0.44, 0.4, 0.53, 0.19, 0.5, 0.0, 0.48, 0.27, negative
0.45, 0.57, 0.52, 0.21, 0.5, 0.0, 0.54, 0.38, positive
0.46, 0.61, 0.38, 0.35, 0.5, 0.0, 0.49, 0.22, negative
0.55, 0.41, 0.67, 0.61, 0.5, 0.0, 0.49, 0.14, negative
0.28, 0.18, 0.72, 0.26, 0.5, 0.0, 0.49, 0.25, negative
0.66, 0.65, 0.53, 0.17, 0.5, 0.0, 0.47, 0.66, positive
0.36, 0.5, 0.39, 0.23, 0.5, 0.0, 0.5, 0.22, negative
0.48, 0.54, 0.56, 0.29, 0.5, 0.0, 0.51, 0.43, positive
0.33, 0.37, 0.49, 0.22, 0.5, 0.0, 0.55, 0.22, negative
0.58, 0.43, 0.32, 0.11, 0.5, 0.0, 0.49, 0.22, negative
0.58, 0.64, 0.42, 0.3, 0.5, 0.0, 0.54, 0.22, positive
0.74, 0.82, 0.46, 0.24, 0.5, 0.0, 0.5, 0.31, negative
0.74, 0.82, 0.46, 0.24, 0.5, 0.0, 0.48, 0.22, negative
0.75, 0.76, 0.58, 0.22, 0.5, 0.0, 0.49, 0.22, negative
0.58, 0.37, 0.58, 0.16, 0.5, 0.0, 0.51, 0.22, positive
0.41, 0.35, 0.6, 0.22, 0.5, 0.0, 0.56, 0.79, negative
0.43, 0.28, 0.41, 0.32, 0.5, 0.0, 0.52, 0.22, negative
0.41, 0.49, 0.55, 0.13, 0.5, 0.0, 0.55, 0.22, negative
0.25, 0.48, 0.45, 0.32, 0.5, 0.0, 0.4, 0.22, negative
0.38, 0.34, 0.55, 0.44, 0.5, 0.0, 0.48, 0.26, negative
0.61, 0.54, 0.54, 0.38, 0.5, 0.0, 0.54, 0.29, negative
0.48, 0.17, 0.37, 0.33, 0.5, 0.0, 0.44, 0.36, positive
0.41, 0.39, 0.61, 0.17, 0.5, 0.0, 0.5, 0.61, positive
0.41, 0.56, 0.53, 0.16, 0.5, 0.0, 0.55, 0.26, positive
0.31, 0.51, 0.38, 0.18, 0.5, 0.0, 0.46, 0.31, negative
0.63, 0.64, 0.49, 0.2, 0.5, 0.0, 0.52, 0.25, negative
0.44, 0.65, 0.49, 0.16, 0.5, 0.0, 0.48, 0.31, positive
0.48, 0.44, 0.46, 0.37, 0.5, 0.0, 0.46, 0.36, negative
0.5, 0.49, 0.46, 0.22, 0.5, 0.0, 0.53, 0.25, negative
0.5, 0.45, 0.52, 0.18, 0.5, 0.0, 0.52, 0.22, negative
0.59, 0.51, 0.47, 0.21, 0.5, 0.0, 0.47, 0.22, negative
0.39, 0.47, 0.49, 0.2, 0.5, 0.0, 0.53, 0.26, negative
0.49, 0.48, 0.52, 0.24, 0.5, 0.0, 0.5, 0.22, negative
0.59, 0.48, 0.49, 0.42, 0.5, 0.0, 0.52, 0.22, negative
0.57, 0.35, 0.5, 0.43, 0.5, 0.0, 0.53, 0.22, negative
0.61, 0.52, 0.5, 0.44, 0.5, 0.0, 0.53, 0.22, negative
0.49, 0.51, 0.52, 0.13, 0.5, 0.0, 0.51, 0.33, positive
0.45, 0.4, 0.56, 0.15, 0.5, 0.0, 0.52, 0.22, positive
0.63, 0.43, 0.48, 0.11, 0.5, 0.0, 0.51, 0.22, negative
0.55, 0.79, 0.45, 0.25, 0.5, 0.0, 0.51, 0.22, positive
0.58, 0.51, 0.63, 0.2, 0.5, 0.0, 0.5, 0.42, positive
0.54, 0.67, 0.56, 0.15, 0.5, 0.0, 0.57, 0.33, positive
0.41, 0.59, 0.65, 0.14, 0.5, 0.0, 0.49, 0.33, positive
0.47, 0.38, 0.5, 0.15, 0.5, 0.0, 0.49, 0.47, positive
0.33, 0.17, 0.52, 0.13, 0.5, 0.0, 0.51, 0.75, positive
0.42, 0.5, 0.59, 0.17, 0.5, 0.0, 0.51, 0.22, negative
0.54, 0.55, 0.55, 0.4, 0.5, 0.0, 0.53, 0.22, negative
0.31, 0.31, 0.57, 0.15, 0.5, 0.0, 0.5, 0.22, negative
0.38, 0.42, 0.5, 0.19, 0.5, 0.0, 0.44, 0.22, negative
0.33, 0.36, 0.62, 0.26, 0.5, 0.0, 0.55, 0.22, negative
0.47, 0.56, 0.58, 0.19, 0.5, 0.0, 0.44, 0.64, negative
0.28, 0.27, 0.5, 0.14, 0.5, 0.0, 0.5, 0.28, negative
0.41, 0.46, 0.57, 0.25, 0.5, 0.0, 0.57, 0.38, negative
0.44, 0.55, 0.51, 0.16, 0.5, 0.0, 0.6, 0.22, negative
0.77, 0.7, 0.44, 0.29, 0.5, 0.0, 0.56, 0.22, negative
0.4, 0.56, 0.53, 0.15, 0.5, 0.0, 0.49, 0.22, negative
0.79, 0.79, 0.42, 0.26, 0.5, 0.0, 0.6, 0.22, negative
0.8, 0.83, 0.43, 0.24, 0.5, 0.0, 0.54, 0.22, negative
0.58, 0.55, 0.51, 0.13, 0.5, 0.0, 0.52, 0.22, negative
0.55, 0.69, 0.51, 0.12, 0.5, 0.0, 0.51, 0.22, negative
0.47, 0.46, 0.53, 0.12, 0.5, 0.0, 0.51, 0.25, positive
0.57, 0.29, 0.63, 0.22, 0.5, 0.0, 0.49, 0.27, positive
0.41, 0.42, 0.53, 0.17, 0.5, 0.0, 0.48, 0.58, positive
0.45, 0.36, 0.5, 0.19, 0.5, 0.0, 0.53, 0.7, positive
0.44, 0.49, 0.49, 0.27, 0.5, 0.0, 0.52, 0.22, negative
0.25, 0.26, 0.53, 0.17, 0.5, 0.0, 0.45, 0.22, negative
0.49, 0.46, 0.54, 0.18, 0.5, 0.0, 0.35, 0.22, negative
0.42, 0.37, 0.54, 0.17, 0.5, 0.0, 0.51, 0.22, negative
0.42, 0.45, 0.75, 0.21, 0.5, 0.0, 0.48, 0.22, negative
0.39, 0.45, 0.75, 0.17, 0.5, 0.0, 0.51, 0.22, negative
0.54, 0.43, 0.48, 0.27, 0.5, 0.0, 0.44, 0.41, negative
0.4, 0.44, 0.5, 0.13, 0.5, 0.0, 0.52, 0.39, negative
0.55, 0.39, 0.39, 0.47, 0.5, 0.0, 0.5, 0.83, negative
0.59, 0.48, 0.41, 0.53, 0.5, 0.0, 0.48, 0.56, negative
0.49, 0.38, 0.49, 0.15, 0.5, 0.0, 0.53, 0.25, positive
0.53, 0.45, 0.52, 0.29, 0.5, 0.0, 0.55, 0.38, negative
0.62, 0.6, 0.54, 0.22, 0.5, 0.0, 0.54, 0.27, negative
0.33, 0.46, 0.53, 0.12, 0.5, 0.0, 0.5, 0.27, negative
0.57, 0.36, 0.51, 0.25, 0.5, 0.0, 0.54, 0.25, negative
0.45, 0.76, 0.51, 0.25, 0.5, 0.0, 0.59, 0.22, negative
0.48, 0.44, 0.51, 0.24, 0.5, 0.0, 0.49, 0.22, negative
0.59, 0.64, 0.44, 0.26, 0.5, 0.0, 0.5, 0.22, negative
0.79, 0.56, 0.53, 0.19, 0.5, 0.0, 0.47, 0.35, negative
0.5, 0.5, 0.48, 0.34, 0.5, 0.0, 0.52, 0.27, positive
0.52, 0.5, 0.6, 0.2, 0.5, 0.0, 0.52, 0.22, negative
0.59, 0.46, 0.57, 0.17, 0.5, 0.0, 0.52, 0.22, negative
0.53, 0.42, 0.53, 0.19, 0.5, 0.0, 0.47, 0.22, negative
0.59, 0.46, 0.55, 0.17, 0.5, 0.0, 0.52, 0.25, negative
0.5, 0.43, 0.56, 0.17, 0.5, 0.0, 0.35, 0.22, positive
0.66, 0.54, 0.53, 0.17, 0.5, 0.0, 0.54, 0.22, negative
0.52, 0.51, 0.48, 0.12, 0.5, 0.0, 0.54, 0.31, negative
0.56, 0.46, 0.51, 0.25, 0.5, 0.0, 0.54, 0.22, negative
0.47, 0.46, 0.49, 0.27, 0.5, 0.0, 0.59, 0.22, negative
0.5, 0.46, 0.49, 0.27, 0.5, 0.0, 0.6, 0.22, negative
0.43, 0.48, 0.36, 0.26, 0.5, 0.0, 0.52, 0.22, negative
0.5, 0.44, 0.57, 0.28, 0.5, 0.0, 0.57, 0.22, negative
0.46, 0.47, 0.62, 0.3, 0.5, 0.0, 0.38, 0.22, negative
0.59, 0.7, 0.46, 0.19, 0.5, 0.0, 0.54, 0.44, negative
0.19, 0.41, 0.55, 0.13, 0.5, 0.0, 0.52, 0.25, negative
0.27, 0.43, 0.5, 0.13, 0.5, 0.0, 0.54, 0.31, negative
0.42, 0.46, 0.44, 0.17, 0.5, 0.0, 0.51, 0.42, negative
0.49, 0.36, 0.47, 0.28, 0.5, 0.0, 0.56, 0.54, positive
0.42, 0.51, 0.33, 0.16, 0.5, 0.0, 0.54, 0.22, negative
0.34, 0.42, 0.48, 0.19, 0.5, 0.0, 0.46, 0.31, positive
0.6, 0.57, 0.63, 0.22, 0.5, 0.0, 0.5, 0.49, positive
0.53, 0.44, 0.54, 0.52, 0.5, 0.0, 0.49, 0.38, positive
0.48, 0.39, 0.56, 0.23, 0.5, 0.0, 0.6, 0.22, negative
0.56, 0.49, 0.47, 0.13, 0.5, 0.0, 0.52, 0.22, positive
0.47, 0.59, 0.56, 0.09, 0.5, 0.0, 0.5, 0.22, negative
0.54, 0.35, 0.55, 0.19, 0.5, 0.0, 0.3, 0.22, negative
0.5, 0.47, 0.45, 0.14, 0.5, 0.0, 0.53, 0.32, negative
0.55, 0.49, 0.6, 0.18, 0.5, 0.0, 0.51, 0.22, positive
0.66, 0.37, 0.6, 0.25, 0.5, 0.0, 0.69, 0.22, negative
0.36, 0.51, 0.51, 0.17, 0.5, 0.0, 0.52, 0.22, negative
0.68, 0.68, 0.35, 0.16, 0.5, 0.0, 0.62, 0.22, negative
0.44, 0.35, 0.55, 0.14, 0.5, 0.0, 0.52, 0.22, negative
0.73, 0.59, 0.35, 0.15, 0.5, 0.0, 0.54, 0.22, negative
0.6, 0.37, 0.52, 0.15, 0.5, 0.0, 0.55, 0.26, negative
0.64, 0.61, 0.56, 0.15, 0.5, 0.0, 0.54, 0.22, negative
0.48, 0.58, 0.58, 0.12, 0.5, 0.0, 0.49, 0.22, negative
0.48, 0.49, 0.49, 0.26, 0.5, 0.0, 0.39, 0.27, negative
0.57, 0.54, 0.32, 0.15, 0.5, 0.0, 0.52, 0.25, negative
0.4, 0.36, 0.32, 0.16, 0.5, 0.0, 0.51, 0.27, negative
0.5, 0.55, 0.52, 0.16, 0.5, 0.0, 0.51, 0.31, negative
0.65, 0.63, 0.47, 0.22, 0.5, 0.0, 0.52, 0.27, negative
0.41, 0.48, 0.51, 0.2, 0.5, 0.0, 0.51, 0.22, negative
0.25, 0.4, 0.54, 0.16, 0.5, 0.0, 0.43, 0.22, negative
0.63, 0.56, 0.52, 0.21, 0.5, 0.0, 0.5, 0.22, negative
0.56, 0.68, 0.42, 0.36, 0.5, 0.0, 0.49, 0.22, negative
0.57, 0.47, 0.48, 0.17, 0.5, 0.0, 0.52, 0.26, negative
0.46, 0.52, 0.51, 0.13, 0.5, 0.0, 0.47, 0.22, negative
0.5, 0.4, 0.57, 0.17, 0.5, 0.0, 0.59, 0.22, negative
0.78, 0.71, 0.35, 0.25, 0.5, 0.0, 0.49, 0.22, negative
0.64, 0.56, 0.52, 0.17, 0.5, 0.0, 0.54, 0.47, positive
1.0, 0.8, 0.29, 0.36, 0.5, 0.0, 0.52, 0.22, negative
0.69, 0.66, 0.36, 0.09, 0.5, 0.0, 0.56, 0.22, negative
0.4, 0.45, 0.45, 0.15, 0.5, 0.0, 0.53, 0.48, positive
0.49, 0.53, 0.36, 0.15, 0.5, 0.0, 0.52, 0.27, negative
0.39, 0.63, 0.41, 0.27, 0.5, 0.0, 0.49, 0.22, negative
0.45, 0.51, 0.43, 0.22, 0.5, 0.0, 0.57, 0.22, positive
0.77, 0.78, 0.27, 0.37, 0.5, 0.0, 0.49, 0.22, negative
0.88, 0.75, 0.41, 0.36, 0.5, 0.0, 0.43, 0.22, negative
0.49, 0.49, 0.4, 0.2, 0.5, 0.0, 0.48, 0.26, negative
0.57, 0.53, 0.6, 0.28, 0.5, 0.0, 0.52, 0.45, positive
0.53, 0.52, 0.49, 0.27, 0.5, 0.0, 0.51, 0.22, negative
0.5, 0.47, 0.56, 0.31, 0.5, 0.0, 0.56, 0.26, negative
0.71, 0.79, 0.41, 0.38, 0.5, 0.0, 0.54, 0.22, negative
0.45, 0.39, 0.46, 0.29, 0.5, 0.0, 0.42, 0.22, negative
0.32, 0.3, 0.57, 0.38, 0.5, 0.0, 0.5, 0.25, positive
0.26, 0.3, 0.37, 0.15, 0.5, 0.0, 0.53, 0.25, negative
0.28, 0.41, 0.46, 0.18, 0.5, 0.0, 0.47, 0.39, positive
0.45, 0.5, 0.43, 0.16, 0.5, 0.0, 0.52, 0.28, negative
0.24, 0.25, 0.57, 0.28, 0.5, 0.0, 0.51, 0.11, negative
0.46, 0.61, 0.55, 0.29, 0.5, 0.0, 0.49, 0.22, negative
0.54, 0.44, 0.38, 0.22, 0.5, 0.0, 0.54, 0.3, negative
0.22, 0.53, 0.36, 0.22, 0.5, 0.0, 0.54, 0.31, negative
0.25, 0.41, 0.47, 0.14, 0.5, 0.0, 0.56, 0.68, positive
0.43, 0.41, 0.37, 0.18, 0.5, 0.0, 0.54, 0.31, negative
0.4, 0.44, 0.47, 0.25, 0.5, 0.0, 0.54, 0.56, positive
0.46, 0.59, 0.38, 0.12, 0.5, 0.0, 0.5, 0.22, negative
0.8, 0.82, 0.4, 0.31, 0.5, 0.0, 0.57, 0.25, negative
0.29, 0.39, 0.46, 0.36, 0.5, 0.0, 0.51, 0.22, positive
0.4, 0.4, 0.43, 0.19, 0.5, 0.83, 0.48, 0.22, negative
0.57, 0.52, 0.46, 0.2, 0.5, 0.83, 0.52, 0.41, negative
0.43, 0.6, 0.4, 0.12, 0.5, 0.0, 0.49, 0.29, negative
0.56, 0.71, 0.47, 0.21, 0.5, 0.0, 0.52, 0.22, negative
0.65, 0.62, 0.26, 0.33, 0.5, 0.0, 0.55, 0.22, negative
0.77, 0.7, 0.37, 0.12, 0.5, 0.0, 0.49, 0.26, negative
0.47, 0.61, 0.32, 0.27, 0.5, 0.0, 0.5, 0.3, negative
0.59, 0.48, 0.49, 0.49, 0.5, 0.0, 0.36, 0.32, negative
0.58, 0.63, 0.52, 0.7, 0.5, 0.0, 0.46, 0.22, negative
0.3, 0.68, 0.41, 0.17, 0.5, 0.0, 0.51, 0.22, negative
0.55, 0.35, 0.36, 0.29, 0.5, 0.0, 0.51, 0.22, negative
0.67, 0.61, 0.39, 0.24, 0.5, 0.0, 0.51, 0.22, negative
0.51, 0.38, 0.42, 0.21, 0.5, 0.0, 0.46, 0.34, negative
0.32, 0.45, 0.39, 0.14, 0.5, 0.0, 0.45, 0.22, negative
0.54, 0.54, 0.56, 0.18, 0.5, 0.0, 0.46, 0.29, positive
0.71, 0.64, 0.42, 0.28, 0.5, 0.0, 0.43, 0.22, negative
0.58, 0.44, 0.45, 0.32, 0.5, 0.0, 0.52, 0.37, positive
0.52, 0.65, 0.36, 0.26, 0.5, 0.0, 0.44, 0.22, negative
0.64, 0.44, 0.56, 0.15, 0.5, 0.0, 0.56, 0.22, negative
0.48, 0.58, 0.47, 0.17, 0.5, 0.0, 0.53, 0.74, negative
0.42, 0.71, 0.45, 0.15, 0.5, 0.0, 0.48, 0.22, negative
0.38, 0.37, 0.36, 0.14, 0.5, 0.0, 0.54, 0.22, negative
0.4, 0.4, 0.44, 0.37, 0.5, 0.0, 0.53, 0.25, positive
0.8, 0.79, 0.43, 0.25, 0.5, 0.0, 0.52, 0.22, negative
0.63, 0.65, 0.42, 0.18, 0.5, 0.0, 0.54, 0.27, negative
0.47, 0.4, 0.63, 0.19, 0.5, 0.0, 0.52, 0.32, positive
0.83, 0.94, 0.32, 0.21, 0.5, 0.0, 0.51, 0.22, negative
0.33, 0.38, 0.47, 0.14, 0.5, 0.0, 0.51, 0.47, positive
0.38, 0.67, 0.33, 0.17, 0.5, 0.0, 0.51, 0.22, negative
0.39, 0.33, 0.33, 0.23, 0.5, 0.0, 0.47, 0.22, negative
0.2, 0.6, 0.5, 0.29, 0.5, 0.0, 0.51, 0.22, negative
0.29, 0.26, 0.43, 0.17, 0.5, 0.0, 0.55, 0.3, negative
0.92, 0.66, 0.52, 0.23, 0.5, 0.0, 0.53, 0.22, negative
0.49, 0.56, 0.37, 0.2, 0.5, 0.0, 0.53, 0.22, negative
0.86, 0.78, 0.34, 0.15, 0.5, 0.0, 0.53, 0.22, negative
0.38, 0.44, 0.57, 0.14, 0.5, 0.0, 0.53, 0.52, positive
0.72, 0.73, 0.41, 0.28, 0.5, 0.0, 0.44, 0.22, negative
0.8, 0.73, 0.47, 0.19, 0.5, 0.0, 0.49, 0.22, negative
0.63, 0.71, 0.44, 0.53, 0.5, 0.0, 0.52, 0.22, negative
0.6, 0.68, 0.3, 0.27, 0.5, 0.0, 0.55, 0.22, negative
0.4, 0.43, 0.49, 0.17, 0.5, 0.0, 0.51, 0.36, positive
0.82, 0.63, 0.47, 0.18, 0.5, 0.0, 0.5, 0.22, negative
0.77, 0.68, 0.35, 0.19, 0.5, 0.0, 0.53, 0.43, negative
0.51, 0.59, 0.46, 0.13, 0.5, 0.0, 0.48, 0.22, negative
0.52, 0.46, 0.34, 0.2, 0.5, 0.0, 0.51, 0.25, negative
0.47, 0.5, 0.6, 0.63, 0.5, 0.0, 0.38, 0.16, negative
0.34, 0.24, 0.51, 0.15, 0.5, 0.0, 0.54, 0.4, positive
0.35, 0.29, 0.46, 0.14, 0.5, 0.0, 0.54, 0.66, positive
0.58, 0.67, 0.49, 0.16, 0.5, 0.0, 0.47, 0.28, negative
0.85, 0.85, 0.3, 0.31, 0.5, 0.0, 0.55, 0.42, negative
0.57, 0.59, 0.49, 0.86, 0.5, 0.0, 0.47, 0.22, positive
0.38, 0.4, 0.39, 0.19, 0.5, 0.0, 0.46, 0.62, positive
0.77, 0.74, 0.37, 0.29, 0.5, 0.0, 0.45, 0.22, negative
0.47, 0.38, 0.58, 0.19, 0.5, 0.0, 0.57, 0.22, negative
0.5, 0.61, 0.44, 0.2, 0.5, 0.0, 0.49, 0.22, negative
0.41, 0.45, 0.46, 0.23, 0.5, 0.0, 0.5, 0.7, negative
0.46, 0.62, 0.46, 0.54, 0.5, 0.0, 0.51, 0.27, negative
0.74, 0.75, 0.45, 0.44, 0.5, 0.0, 0.52, 0.22, negative
0.52, 0.53, 0.58, 0.69, 0.5, 0.0, 0.5, 0.22, negative
0.41, 0.47, 0.5, 0.14, 0.5, 0.0, 0.53, 0.37, positive
0.25, 0.4, 0.52, 0.15, 0.5, 0.0, 0.56, 0.28, positive
0.58, 0.56, 0.38, 0.39, 0.5, 0.0, 0.54, 0.57, positive
0.32, 0.29, 0.29, 0.08, 0.5, 0.0, 0.52, 0.22, negative
0.39, 0.58, 0.47, 0.18, 0.5, 0.0, 0.48, 0.22, negative
0.63, 0.57, 0.5, 0.48, 0.5, 0.0, 0.51, 0.22, negative
0.59, 0.67, 0.54, 0.19, 0.5, 0.0, 0.48, 0.6, positive
0.71, 0.5, 0.5, 0.18, 0.5, 0.0, 0.46, 0.22, negative
0.61, 0.48, 0.54, 0.25, 0.5, 0.0, 0.5, 0.22, negative
0.38, 0.32, 0.64, 0.41, 0.5, 0.0, 0.44, 0.11, negative
0.38, 0.4, 0.66, 0.35, 0.5, 0.0, 0.43, 0.11, negative
0.81, 0.62, 0.43, 0.17, 0.5, 0.0, 0.53, 0.22, negative
0.47, 0.43, 0.61, 0.4, 0.5, 0.0, 0.48, 0.47, positive
0.67, 0.57, 0.36, 0.19, 0.5, 0.0, 0.56, 0.22, negative
0.43, 0.4, 0.6, 0.16, 0.5, 0.0, 0.53, 0.39, positive
0.3833, 0.443, 0.5178, 0.3146, 0.5, 0.0, 0.4254, 0.22, positive
0.5673, 0.421, 0.5864, 0.1473, 0.5, 0.0, 0.51, 0.2455, positive
0.3663, 0.3645, 0.56, 0.2045, 0.5, 0.0, 0.4927, 0.22, positive
0.4551, 0.4788, 0.5602, 0.561, 0.5, 0.0, 0.4632, 0.2227, positive
0.4793, 0.56, 0.5939, 0.25, 0.5, 0.0, 0.4252, 0.22, positive
0.34, 0.4606, 0.4732, 0.19, 0.5, 0.0, 0.4871, 0.3032, positive
0.4295, 0.4, 0.432, 0.2261, 0.5, 0.0, 0.5141, 0.4984, positive
0.5529, 0.4373, 0.4662, 0.32, 0.5, 0.0, 0.52, 0.3862, positive
0.4007, 0.4863, 0.4044, 0.2524, 0.5, 0.0, 0.4763, 0.22, positive
0.3216, 0.3408, 0.61, 0.1716, 0.5, 0.0, 0.52, 0.3145, positive
0.448, 0.4108, 0.5295, 0.4918, 0.5, 0.0, 0.4903, 0.3118, positive
0.4751, 0.6222, 0.5219, 0.3037, 0.5, 0.0, 0.5107, 0.3696, positive
0.4733, 0.4766, 0.5367, 0.1802, 0.5, 0.0, 0.51, 0.33, positive
0.4882, 0.4752, 0.5361, 0.0987, 0.5, 0.0, 0.4918, 0.25, positive
0.5541, 0.4904, 0.5096, 0.1877, 0.5, 0.0, 0.4245, 0.22, positive
0.4469, 0.4931, 0.5552, 0.2435, 0.5, 0.0, 0.4731, 0.22, positive
0.3347, 0.39, 0.5231, 0.101, 0.5, 0.0, 0.4747, 0.28, positive
0.4, 0.47, 0.4975, 0.135, 0.5, 0.0, 0.515, 0.355, positive
0.26, 0.371, 0.4975, 0.351, 0.5, 0.0, 0.5025, 0.6321, positive
0.4029, 0.4414, 0.4929, 0.1614, 0.5, 0.0, 0.5157, 0.3629, positive
0.3602, 0.58, 0.5128, 0.177, 0.5, 0.0, 0.5134, 0.22, positive
0.6176, 0.5144, 0.5168, 0.26, 0.5, 0.0, 0.5156, 0.2988, positive
0.3291, 0.3482, 0.5591, 0.1895, 0.5, 0.0, 0.5009, 0.2232, positive
0.33, 0.2512, 0.52, 0.1448, 0.5, 0.0, 0.51, 0.8312, positive
0.4555, 0.5312, 0.5089, 0.2488, 0.5, 0.0, 0.5178, 0.3745, positive
0.3739, 0.4739, 0.4978, 0.1239, 0.5, 0.0, 0.4816, 0.3139, positive
0.43, 0.4074, 0.54, 0.2158, 0.5, 0.0, 0.5532, 0.3048, positive
0.475, 0.4474, 0.53, 0.175, 0.5, 0.0, 0.4725, 0.285, positive
0.33, 0.2408, 0.52, 0.1429, 0.5, 0.0, 0.51, 0.8208, positive
0.5755, 0.5873, 0.5503, 0.21, 0.5, 0.0, 0.5424, 0.3227, positive
0.599, 0.5691, 0.5199, 0.1396, 0.5, 0.0, 0.4604, 0.479, positive
0.4435, 0.5207, 0.5188, 0.3654, 0.5, 0.0, 0.4954, 0.2246, positive
0.5228, 0.4523, 0.4523, 0.1295, 0.5, 0.0, 0.48, 0.2214, positive
0.4996, 0.3412, 0.5516, 0.2084, 0.5, 0.0, 0.4908, 0.22, positive
0.3686, 0.2913, 0.5071, 0.1514, 0.5, 0.0, 0.5699, 0.2542, positive
0.6226, 0.5241, 0.47, 0.2541, 0.5, 0.0, 0.53, 0.2922, positive
0.42, 0.28, 0.5005, 0.2253, 0.5, 0.0, 0.5395, 0.3032, positive
0.5529, 0.4851, 0.5971, 0.1751, 0.5, 0.0, 0.5129, 0.22, positive
0.3793, 0.3547, 0.6002, 0.1898, 0.5, 0.0, 0.52, 0.3053, positive
0.3405, 0.3911, 0.5347, 0.2747, 0.5, 0.0, 0.4984, 0.2805, positive
0.4283, 0.3131, 0.5513, 0.2631, 0.5, 0.0, 0.4804, 0.27, positive
0.431, 0.4343, 0.584, 0.4174, 0.5, 0.0, 0.4757, 0.4874, positive
0.5601, 0.518, 0.5901, 0.188, 0.5, 0.0, 0.496, 0.4001, positive
0.4115, 0.317, 0.5238, 0.2353, 0.5, 0.0, 0.5007, 0.533, positive
0.6019, 0.5, 0.5109, 0.1127, 0.5, 0.0, 0.4909, 0.2391, positive
0.3109, 0.3132, 0.5586, 0.3268, 0.5, 0.0, 0.52, 0.3273, positive
0.375, 0.31, 0.5125, 0.165, 0.5, 0.0, 0.5175, 0.8001, positive
0.3287, 0.3063, 0.525, 0.1837, 0.5, 0.0, 0.5312, 0.2937, positive
0.3904, 0.3203, 0.5099, 0.1701, 0.5, 0.0, 0.5201, 0.7795, positive
0.4743, 0.4643, 0.5457, 0.2685, 0.5, 0.0, 0.4386, 0.4686, positive
0.4132, 0.4895, 0.4829, 0.1302, 0.5, 0.0, 0.5234, 0.4668, positive
0.4716, 0.55, 0.5716, 0.1716, 0.5, 0.0, 0.4972, 0.6649, positive
0.2556, 0.3893, 0.5021, 0.2321, 0.5, 0.0, 0.5014, 0.2793, positive
0.5764, 0.3414, 0.5979, 0.1815, 0.5, 0.0, 0.5028, 0.2379, positive
0.3787, 0.3797, 0.54, 0.2411, 0.5, 0.0, 0.5397, 0.2213, positive
0.4686, 0.5666, 0.5973, 0.1634, 0.5, 0.0, 0.4959, 0.3593, positive
0.5894, 0.5318, 0.473, 0.2594, 0.5, 0.0, 0.5324, 0.3124, positive
0.5058, 0.34, 0.5212, 0.1985, 0.5, 0.0, 0.4958, 0.22, positive
0.5445, 0.4922, 0.5522, 0.2678, 0.5, 0.0, 0.5339, 0.2506, positive
0.49, 0.4829, 0.5236, 0.1729, 0.5, 0.0, 0.4993, 0.2571, positive
0.55, 0.4321, 0.5788, 0.2108, 0.5, 0.0, 0.3837, 0.2525, positive
0.4136, 0.4036, 0.5727, 0.2255, 0.5, 0.0, 0.5427, 0.3191, positive
0.5123, 0.6029, 0.5094, 0.2612, 0.5, 0.0, 0.5406, 0.22, positive
0.5754, 0.5823, 0.5261, 0.1523, 0.5, 0.0, 0.3249, 0.4432, positive
0.3819, 0.3804, 0.54, 0.2388, 0.5, 0.0, 0.5396, 0.2219, positive
0.3953, 0.3909, 0.5991, 0.2291, 0.5, 0.0, 0.5153, 0.3157, positive
0.6485, 0.4678, 0.5761, 0.2922, 0.5, 0.0, 0.5622, 0.27, positive
0.4958, 0.4286, 0.4958, 0.1672, 0.5, 0.0, 0.4621, 0.4665, positive
0.497, 0.4971, 0.519, 0.2, 0.5, 0.0, 0.4391, 0.5271, positive
0.3307, 0.2118, 0.53, 0.1502, 0.9909, 0.0, 0.5202, 0.4989, positive
0.7215, 0.5276, 0.5881, 0.2443, 0.5, 0.0, 0.5024, 0.22, positive
0.5585, 0.4758, 0.5337, 0.3858, 0.5, 0.0, 0.5195, 0.2905, positive
0.5957, 0.6164, 0.5407, 0.115, 0.5, 0.0, 0.5093, 0.22, positive
0.33, 0.2449, 0.52, 0.1436, 0.5, 0.0, 0.51, 0.8249, positive
0.4147, 0.574, 0.5238, 0.16, 0.5, 0.0, 0.5391, 0.2678, positive
0.5793, 0.6402, 0.4219, 0.2995, 0.5, 0.0, 0.5402, 0.22, positive
0.5981, 0.5544, 0.47, 0.2111, 0.5, 0.0, 0.5056, 0.367, positive
0.6869, 0.4769, 0.5828, 0.2859, 0.5, 0.0, 0.5531, 0.2559, positive
0.53, 0.3277, 0.5753, 0.3876, 0.5, 0.0, 0.4747, 0.3617, positive
0.5661, 0.5112, 0.4639, 0.127, 0.5, 0.0, 0.517, 0.22, positive
0.5463, 0.5197, 0.5814, 0.18, 0.5, 0.0, 0.5063, 0.22, positive
0.5786, 0.5512, 0.5112, 0.1788, 0.5, 0.0, 0.5137, 0.4349, positive
0.3394, 0.4559, 0.54, 0.2759, 0.5, 0.0, 0.5226, 0.2732, positive
0.3641, 0.58, 0.5, 0.2279, 0.5, 0.0, 0.4779, 0.22, positive
0.4756, 0.47, 0.5372, 0.1815, 0.5, 0.0, 0.5015, 0.3131, positive
0.3189, 0.4982, 0.5418, 0.3005, 0.5, 0.0, 0.5335, 0.3135, positive
0.1875, 0.6151, 0.5651, 0.135, 0.5, 0.0, 0.1501, 0.25, positive
0.3884, 0.4861, 0.5203, 0.2474, 0.5, 0.0, 0.4361, 0.2523, positive
0.5598, 0.6106, 0.5204, 0.1896, 0.5, 0.0, 0.5205, 0.3201, positive
0.3548, 0.4552, 0.5252, 0.1352, 0.5, 0.0, 0.5135, 0.7087, positive
0.3737, 0.3512, 0.5726, 0.2288, 0.5, 0.0, 0.4586, 0.1949, positive
0.5022, 0.34, 0.5366, 0.1988, 0.5, 0.0, 0.4989, 0.2178, positive
0.5634, 0.4968, 0.4904, 0.147, 0.5, 0.0, 0.5336, 0.2302, positive
0.5304, 0.5052, 0.5665, 0.5755, 0.5, 0.0, 0.5114, 0.2297, positive
0.56, 0.4942, 0.4714, 0.1357, 0.5, 0.0, 0.5115, 0.22, positive
0.5929, 0.3057, 0.5957, 0.12, 0.5, 0.0, 0.4786, 0.3043, positive
0.4375, 0.4275, 0.5025, 0.1475, 0.5, 0.0, 0.4625, 0.2575, positive
0.3902, 0.3825, 0.5325, 0.16, 0.5, 0.0, 0.5151, 0.2725, positive
0.6383, 0.4352, 0.569, 0.5959, 0.5, 0.0, 0.2189, 0.3187, positive
0.44, 0.53, 0.52, 0.37, 0.5, 0.0, 0.5, 0.22, positive
0.4399, 0.3949, 0.5499, 0.1449, 0.5, 0.0, 0.4947, 0.22, positive
0.47, 0.5517, 0.5596, 0.1752, 0.5, 0.0, 0.52, 0.6479, positive
0.4568, 0.4068, 0.5736, 0.116, 0.5, 0.0, 0.4928, 0.22, positive
0.4127, 0.5194, 0.4969, 0.121, 0.5, 0.0, 0.52, 0.4569, positive
0.7571, 0.4739, 0.565, 0.47, 0.5, 0.0, 0.5744, 0.22, positive
0.2311, 0.3005, 0.5798, 0.2197, 0.5, 0.0, 0.4802, 0.2695, positive
0.3438, 0.2419, 0.5185, 0.1453, 0.5, 0.0, 0.5343, 0.4038, positive
0.7072, 0.5091, 0.5182, 0.0837, 0.5, 0.0, 0.5345, 0.2227, positive
0.384, 0.3764, 0.5496, 0.1236, 0.5, 0.0, 0.48, 0.22, positive
0.443, 0.4125, 0.5305, 0.4915, 0.5, 0.0, 0.4905, 0.3115, positive
0.348, 0.401, 0.442, 0.246, 0.5, 0.0, 0.528, 0.568, positive
0.3215, 0.3444, 0.5485, 0.3013, 0.5, 0.0, 0.5257, 0.2956, positive
0.489, 0.5342, 0.63, 0.2205, 0.5, 0.0, 0.3795, 0.2347, positive
0.4865, 0.4545, 0.5169, 0.291, 0.5, 0.0, 0.4565, 0.4269, positive
0.4788, 0.4647, 0.5012, 0.3329, 0.5, 0.0, 0.4776, 0.2629, positive
0.5901, 0.5634, 0.5167, 0.1531, 0.5, 0.0, 0.4764, 0.4636, positive
0.43, 0.4102, 0.54, 0.2167, 0.5, 0.0, 0.5569, 0.3104, positive
0.33, 0.4225, 0.5723, 0.2127, 0.5, 0.0, 0.52, 0.4523, positive
0.4637, 0.3863, 0.4875, 0.1458, 0.5, 0.0, 0.49, 0.4596, positive
0.5, 0.4774, 0.5158, 0.1937, 0.5, 0.0, 0.4363, 0.5095, positive
0.3754, 0.38, 0.5391, 0.2418, 0.5, 0.0, 0.5382, 0.2246, positive
0.5553, 0.5847, 0.52, 0.2302, 0.5, 0.0, 0.5601, 0.3253, positive
0.5794, 0.5112, 0.6283, 0.2046, 0.5, 0.0, 0.5012, 0.4217, positive
0.5655, 0.523, 0.529, 0.1555, 0.5, 0.0, 0.4945, 0.372, positive
0.3121, 0.4088, 0.4912, 0.1732, 0.5, 0.0, 0.4879, 0.3268, positive
0.4966, 0.5044, 0.5211, 0.0934, 0.5, 0.0, 0.4834, 0.25, positive
0.4105, 0.5335, 0.5995, 0.1925, 0.5, 0.0, 0.487, 0.3405, positive
0.4435, 0.4177, 0.6212, 0.1459, 0.5, 0.0, 0.5465, 0.3641, positive
0.58, 0.5428, 0.39, 0.38, 0.5, 0.0, 0.5371, 0.5414, positive
0.5181, 0.5395, 0.5228, 0.1509, 0.5, 0.0, 0.4972, 0.3819, positive
0.61, 0.3556, 0.5529, 0.1324, 0.5, 0.0, 0.4529, 0.2638, positive
0.4781, 0.4809, 0.629, 0.1751, 0.5, 0.0, 0.3161, 0.262, positive
0.4641, 0.3766, 0.5017, 0.1517, 0.5, 0.0, 0.4883, 0.4734, positive
0.574, 0.437, 0.561, 0.139, 0.5, 0.0, 0.528, 0.22, positive
0.4585, 0.4085, 0.5836, 0.1007, 0.5, 0.0, 0.4807, 0.2229, positive
0.37, 0.2953, 0.4536, 0.1553, 0.5, 0.0, 0.4829, 0.2253, positive
0.5741, 0.4888, 0.4542, 0.4759, 0.5, 0.0, 0.5294, 0.22, positive
0.2592, 0.3641, 0.47, 0.3237, 0.5, 0.0, 0.5324, 0.7167, positive
0.5617, 0.5183, 0.4817, 0.1658, 0.5, 0.0, 0.4617, 0.2225, positive
0.6207, 0.5093, 0.5208, 0.4184, 0.5, 0.0, 0.5404, 0.27, positive
0.5875, 0.4199, 0.53, 0.1625, 0.5, 0.0, 0.4188, 0.245, positive
0.3737, 0.58, 0.4852, 0.2163, 0.5, 0.0, 0.4885, 0.22, positive
0.43, 0.3994, 0.5994, 0.1412, 0.5, 0.0, 0.4044, 0.4113, positive
0.3874, 0.3384, 0.6758, 0.3037, 0.5, 0.0, 0.5, 0.2905, positive
0.4492, 0.4787, 0.5599, 0.5594, 0.5, 0.0, 0.4686, 0.2192, positive
0.4801, 0.4874, 0.4903, 0.2125, 0.5, 0.0, 0.5399, 0.22, positive
0.4688, 0.4113, 0.4563, 0.2012, 0.5, 0.0, 0.4912, 0.4762, positive
0.3492, 0.58, 0.5367, 0.1684, 0.5, 0.0, 0.51, 0.22, positive
0.2188, 0.3945, 0.5379, 0.2077, 0.5, 0.0, 0.4889, 0.2822, positive
0.51, 0.34, 0.4956, 0.1768, 0.5, 0.0, 0.5132, 0.2156, positive
0.4961, 0.4273, 0.5358, 0.5073, 0.5, 0.0, 0.49, 0.3503, positive
0.3872, 0.4256, 0.4909, 0.1028, 0.5, 0.0, 0.49, 0.6453, positive
0.3733, 0.3133, 0.5289, 0.1611, 0.5, 0.0, 0.5233, 0.4478, positive
0.4401, 0.3951, 0.5501, 0.1451, 0.5, 0.0, 0.4954, 0.22, positive
0.4701, 0.4597, 0.5495, 0.2805, 0.5, 0.0, 0.4409, 0.4597, positive
0.3869, 0.5987, 0.5141, 0.2647, 0.5, 0.0, 0.5006, 0.22, positive
0.4166, 0.2811, 0.4906, 0.2183, 0.5, 0.0, 0.55, 0.3377, positive
0.3459, 0.3136, 0.6095, 0.3617, 0.5, 0.0, 0.5, 0.2988, positive
0.6471, 0.5188, 0.4965, 0.2576, 0.5, 0.0, 0.5124, 0.3029, positive
0.3635, 0.3725, 0.5605, 0.253, 0.5, 0.0, 0.4725, 0.206, positive
0.3449, 0.39, 0.5573, 0.1049, 0.5, 0.0, 0.4775, 0.2352, positive
0.4, 0.3292, 0.5575, 0.13, 0.5, 0.0, 0.4683, 0.22, positive
0.4785, 0.4489, 0.5911, 0.1977, 0.5, 0.0, 0.5789, 0.3411, positive
0.5725, 0.545, 0.4612, 0.1387, 0.5, 0.0, 0.4913, 0.22, positive
0.4514, 0.2214, 0.59, 0.2914, 0.5, 0.0, 0.4643, 0.2671, positive
0.5774, 0.5508, 0.4526, 0.1213, 0.5, 0.0, 0.5113, 0.22, positive
0.3245, 0.4666, 0.4878, 0.1745, 0.5, 0.0, 0.4678, 0.2401, positive
0.49, 0.4715, 0.5296, 0.1589, 0.5, 0.0, 0.4811, 0.2722, positive
0.43, 0.4002, 0.5993, 0.1607, 0.5, 0.0, 0.5305, 0.3893, positive
0.4791, 0.5391, 0.4979, 0.1715, 0.5, 0.0, 0.5312, 0.22, positive
0.3313, 0.3517, 0.5596, 0.193, 0.5, 0.0, 0.4996, 0.22, positive
0.7218, 0.5133, 0.4831, 0.2356, 0.5, 0.0, 0.5246, 0.2467, positive
0.46, 0.5653, 0.5389, 0.2658, 0.5, 0.0, 0.4775, 0.22, positive
0.4702, 0.4999, 0.4704, 0.2199, 0.5, 0.0, 0.5293, 0.4505, positive
0.47, 0.4678, 0.5393, 0.1893, 0.5, 0.0, 0.507, 0.327, positive
0.3611, 0.58, 0.5178, 0.1932, 0.5, 0.0, 0.4878, 0.22, positive
0.5794, 0.3725, 0.5803, 0.1594, 0.5, 0.0, 0.51, 0.2212, positive
0.3957, 0.5152, 0.56, 0.2362, 0.5, 0.0, 0.48, 0.3152, positive
0.5726, 0.4363, 0.5589, 0.1411, 0.5, 0.0, 0.5252, 0.22, positive
0.7209, 0.517, 0.5535, 0.247, 0.5, 0.0, 0.5161, 0.2291, positive
0.5518, 0.5218, 0.5127, 0.7055, 0.5, 0.0, 0.4791, 0.2927, positive
0.3912, 0.4726, 0.5361, 0.1114, 0.5, 0.0, 0.5037, 0.3051, positive
0.5849, 0.6225, 0.5366, 0.1942, 0.5, 0.0, 0.5034, 0.3242, positive
0.397, 0.4989, 0.527, 0.229, 0.5, 0.0, 0.443, 0.256, positive
0.4414, 0.4127, 0.4427, 0.1309, 0.5, 0.0, 0.4905, 0.4227, positive
0.6028, 0.57, 0.5003, 0.1597, 0.5, 0.0, 0.4712, 0.4631, positive
0.5365, 0.569, 0.5225, 0.189, 0.5, 0.0, 0.5865, 0.6695, positive
0.4423, 0.4133, 0.5767, 0.4756, 0.5, 0.0, 0.5234, 0.6257, positive
0.5437, 0.5009, 0.5237, 0.1282, 0.5, 0.0, 0.4946, 0.3827, positive
0.1968, 0.4038, 0.577, 0.1424, 0.5, 0.0, 0.5182, 0.2838, positive
0.3355, 0.3966, 0.5328, 0.26, 0.5, 0.0, 0.52, 0.2672, positive
0.4575, 0.5044, 0.445, 0.2181, 0.5, 0.0, 0.5625, 0.22, positive
0.3246, 0.4575, 0.5393, 0.2568, 0.5, 0.0, 0.5093, 0.4675, positive
0.5835, 0.5671, 0.5341, 0.2359, 0.5, 0.0, 0.5594, 0.3429, positive
0.4708, 0.4142, 0.5467, 0.49, 0.5, 0.0, 0.4858, 0.2933, positive
0.5616, 0.5077, 0.3348, 0.4884, 0.5, 0.0, 0.4854, 0.22, positive
0.439, 0.4292, 0.4595, 0.2823, 0.5, 0.0, 0.452, 0.289, positive
0.5699, 0.5097, 0.5292, 0.1793, 0.5, 0.0, 0.5594, 0.2496, positive
0.6672, 0.5759, 0.576, 0.2081, 0.5, 0.0, 0.4541, 0.22, positive
0.4586, 0.5803, 0.3868, 0.2346, 0.5, 0.0, 0.5239, 0.2618, positive
0.3814, 0.4269, 0.4869, 0.1762, 0.5, 0.0, 0.4945, 0.3445, positive
0.513, 0.3307, 0.5649, 0.2119, 0.5, 0.0, 0.49, 0.2293, positive
0.2779, 0.2601, 0.5511, 0.1805, 0.5, 0.0, 0.4958, 0.5374, positive
0.5833, 0.5198, 0.63, 0.2033, 0.5, 0.0, 0.5, 0.4314, positive
0.3118, 0.4382, 0.5318, 0.23, 0.5, 0.0, 0.5109, 0.3298, positive
0.3265, 0.3676, 0.5353, 0.2724, 0.5, 0.0, 0.52, 0.2806, positive
0.451, 0.5665, 0.5175, 0.2105, 0.5, 0.0, 0.5395, 0.3835, positive
0.5082, 0.3153, 0.561, 0.2265, 0.5, 0.0, 0.479, 0.231, positive
0.4393, 0.2955, 0.51, 0.2339, 0.5, 0.0, 0.5339, 0.27, positive
0.4516, 0.4184, 0.4542, 0.2509, 0.5, 0.0, 0.4675, 0.2493, positive
0.4447, 0.6187, 0.5287, 0.2693, 0.5, 0.0, 0.4934, 0.22, positive
0.3467, 0.248, 0.5167, 0.146, 0.5, 0.0, 0.5387, 0.3973, positive
0.4286, 0.4095, 0.5068, 0.3414, 0.5, 0.0, 0.4918, 0.2786, positive
0.476, 0.5479, 0.5792, 0.1816, 0.5, 0.0, 0.3818, 0.6895, positive
0.4787, 0.4838, 0.5251, 0.1987, 0.5, 0.0, 0.5413, 0.22, positive
0.4338, 0.2992, 0.5467, 0.2643, 0.5, 0.0, 0.4681, 0.2776, positive
0.5289, 0.6105, 0.5196, 0.2094, 0.5, 0.0, 0.5491, 0.3001, positive
0.3875, 0.5145, 0.563, 0.2025, 0.5, 0.0, 0.483, 0.3175, positive
0.5681, 0.5897, 0.52, 0.2144, 0.5, 0.0, 0.5403, 0.3322, positive
0.5371, 0.5519, 0.5262, 0.1752, 0.5, 0.0, 0.3124, 0.4581, positive
0.6579, 0.6506, 0.5303, 0.1706, 0.5, 0.0, 0.4703, 0.6582, positive
0.4532, 0.5589, 0.5121, 0.2116, 0.5, 0.0, 0.5384, 0.3911, positive
0.4287, 0.4449, 0.49, 0.1451, 0.5, 0.0, 0.4616, 0.2765, positive
0.1756, 0.4006, 0.5903, 0.1769, 0.5, 0.0, 0.4734, 0.2853, positive
0.4717, 0.5702, 0.5117, 0.2917, 0.5, 0.0, 0.5059, 0.37, positive
0.5309, 0.4673, 0.5437, 0.2164, 0.5, 0.0, 0.4109, 0.22, positive
0.5811, 0.5555, 0.3834, 0.3973, 0.5, 0.0, 0.54, 0.5734, positive
0.54, 0.5659, 0.5514, 0.18, 0.5, 0.0, 0.4946, 0.2295, positive
0.5719, 0.5263, 0.6056, 0.265, 0.5, 0.0, 0.5163, 0.4444, positive
0.34, 0.48, 0.47, 0.19, 0.5, 0.0, 0.5, 0.3, positive
0.4999, 0.5001, 0.48, 0.3401, 0.5, 0.0, 0.52, 0.2703, positive
0.4811, 0.4656, 0.53, 0.1422, 0.5, 0.0, 0.4933, 0.2611, positive
0.5608, 0.5454, 0.5223, 0.1623, 0.5, 0.0, 0.49, 0.3854, positive
0.4717, 0.4994, 0.4728, 0.2189, 0.5, 0.0, 0.5245, 0.4539, positive
0.5241, 0.3705, 0.6295, 0.4046, 0.5, 0.0, 0.3429, 0.33, positive
0.4075, 0.4002, 0.5275, 0.17, 0.5, 0.0, 0.4775, 0.5627, positive
0.4759, 0.2455, 0.5675, 0.2655, 0.5, 0.0, 0.432, 0.242, positive
0.3048, 0.5013, 0.531, 0.3239, 0.5, 0.0, 0.5248, 0.3061, positive
0.4982, 0.5014, 0.4795, 0.3414, 0.5, 0.0, 0.5195, 0.2741, positive
0.5315, 0.4461, 0.4742, 0.3079, 0.5, 0.0, 0.4897, 0.3882, positive
0.4723, 0.4114, 0.6209, 0.1923, 0.5, 0.0, 0.5337, 0.3246, positive
0.4098, 0.4867, 0.53, 0.2136, 0.5, 0.0, 0.4466, 0.2469, positive
0.5462, 0.5205, 0.5809, 0.18, 0.5, 0.0, 0.5062, 0.22, positive
0.4193, 0.3373, 0.5085, 0.3078, 0.5, 0.0, 0.5464, 0.5664, positive
0.5732, 0.4811, 0.5168, 0.4814, 0.5, 0.0, 0.5455, 0.22, positive
0.5666, 0.4333, 0.5499, 0.1501, 0.5, 0.0, 0.5131, 0.22, positive
0.4804, 0.4548, 0.5604, 0.2592, 0.5, 0.0, 0.4556, 0.4184, positive
0.4181, 0.4754, 0.5554, 0.5509, 0.5, 0.0, 0.4768, 0.2473, positive
0.6192, 0.56, 0.494, 0.1856, 0.5, 0.0, 0.5192, 0.4232, positive
0.483, 0.4585, 0.5726, 0.2526, 0.5, 0.0, 0.4163, 0.22, positive
0.459, 0.5386, 0.4976, 0.2145, 0.5, 0.0, 0.5355, 0.4114, positive
0.4983, 0.5083, 0.5851, 0.4124, 0.7195, 0.0, 0.5676, 0.3888, positive
0.1812, 0.5022, 0.4773, 0.1225, 0.5, 0.0, 0.0247, 0.25, positive
0.3919, 0.4502, 0.4981, 0.1539, 0.5, 0.0, 0.506, 0.3439, positive
0.3867, 0.3813, 0.54, 0.236, 0.5, 0.0, 0.5387, 0.2267, positive
0.716, 0.5097, 0.5194, 0.0812, 0.5, 0.0, 0.5383, 0.2209, positive
0.4776, 0.43, 0.5345, 0.3396, 0.5, 0.0, 0.5102, 0.4398, positive
0.5038, 0.34, 0.5272, 0.191, 0.5, 0.0, 0.5052, 0.2162, positive
0.5941, 0.5037, 0.4222, 0.4815, 0.5, 0.0, 0.54, 0.6122, positive
0.4564, 0.5806, 0.52, 0.2292, 0.5, 0.0, 0.5336, 0.3779, positive
0.2477, 0.2055, 0.5245, 0.1945, 0.5, 0.0, 0.4495, 0.22, positive
0.4894, 0.7091, 0.5396, 0.1306, 0.5, 0.0, 0.5787, 0.22, positive
0.459, 0.2086, 0.4121, 0.2914, 0.5, 0.0, 0.4786, 0.353, positive
0.5718, 0.5436, 0.4623, 0.1405, 0.5, 0.0, 0.4895, 0.22, positive
0.4878, 0.5, 0.4739, 0.3096, 0.5, 0.0, 0.4835, 0.27, positive
0.4006, 0.4469, 0.4262, 0.2744, 0.5, 0.0, 0.45, 0.2506, positive
0.37, 0.34, 0.58, 0.24, 0.5, 0.0, 0.44, 0.18, positive
0.6609, 0.5165, 0.4896, 0.253, 0.5, 0.0, 0.517, 0.2891, positive
0.3551, 0.39, 0.5546, 0.1357, 0.5, 0.0, 0.4903, 0.2508, positive
0.5378, 0.657, 0.5513, 0.163, 0.5, 0.0, 0.5657, 0.3235, positive
0.6041, 0.4219, 0.5398, 0.1541, 0.5, 0.0, 0.5038, 0.22, positive
0.5338, 0.5338, 0.5413, 0.1738, 0.5, 0.0, 0.4787, 0.3398, positive
0.38, 0.3786, 0.5428, 0.2359, 0.5, 0.0, 0.5331, 0.22, positive
0.4005, 0.5295, 0.6075, 0.2125, 0.5, 0.0, 0.48, 0.3295, positive
0.4071, 0.42, 0.5241, 0.1597, 0.5, 0.0, 0.4815, 0.5903, positive
0.3241, 0.3693, 0.5429, 0.2815, 0.5, 0.0, 0.5337, 0.2729, positive
0.5406, 0.5049, 0.5098, 0.1052, 0.5, 0.0, 0.48, 0.25, positive
0.5271, 0.5123, 0.5348, 0.1948, 0.5, 0.0, 0.5397, 0.25, positive
0.4046, 0.5038, 0.5438, 0.2438, 0.5, 0.0, 0.4584, 0.2875, positive
0.668, 0.4592, 0.581, 0.2984, 0.5, 0.0, 0.5722, 0.271, positive
0.3149, 0.3051, 0.5649, 0.3546, 0.5, 0.0, 0.5101, 0.2906, positive
0.3568, 0.4767, 0.6305, 0.3273, 0.5, 0.0, 0.5238, 0.6364, positive
0.4527, 0.5553, 0.52, 0.313, 0.5, 0.0, 0.5127, 0.22, positive
0.2636, 0.1732, 0.5148, 0.16, 0.5, 0.0, 0.53, 0.4932, positive
0.3577, 0.3885, 0.5492, 0.2615, 0.5, 0.0, 0.493, 0.2238, positive
0.3152, 0.4174, 0.4748, 0.1803, 0.5, 0.0, 0.4952, 0.5352, positive
0.4377, 0.4813, 0.5287, 0.18, 0.5, 0.0, 0.4664, 0.2238, positive
0.3685, 0.3476, 0.5754, 0.243, 0.5, 0.0, 0.4476, 0.1861, positive
0.4917, 0.4272, 0.4917, 0.1644, 0.5, 0.0, 0.4642, 0.4631, positive
0.3972, 0.42, 0.5044, 0.1251, 0.5, 0.0, 0.4864, 0.6249, positive
0.4264, 0.4009, 0.4491, 0.3327, 0.5, 0.0, 0.4782, 0.4, positive
0.4642, 0.6131, 0.5231, 0.2665, 0.5, 0.0, 0.5073, 0.22, positive
0.3569, 0.3859, 0.551, 0.2528, 0.5, 0.0, 0.491, 0.22, positive
0.4247, 0.3769, 0.6242, 0.1584, 0.5, 0.0, 0.2538, 0.2984, positive
0.61, 0.3299, 0.5701, 0.1266, 0.5, 0.0, 0.4701, 0.2667, positive
0.3897, 0.4283, 0.4883, 0.1734, 0.5, 0.0, 0.5014, 0.3514, positive
0.33, 0.3719, 0.5381, 0.2762, 0.5, 0.0, 0.5281, 0.27, positive
0.2341, 0.302, 0.5792, 0.2188, 0.5, 0.0, 0.4808, 0.268, positive
0.3351, 0.39, 0.5234, 0.1018, 0.5, 0.0, 0.4751, 0.28, positive
0.4784, 0.4572, 0.5333, 0.2856, 0.5, 0.0, 0.4484, 0.4433, positive
0.3347, 0.3347, 0.5976, 0.18, 0.5, 0.0, 0.52, 0.3147, positive
0.3582, 0.6782, 0.4644, 0.16, 0.5, 0.0, 0.5247, 0.2844, positive
0.4597, 0.5652, 0.5212, 0.2052, 0.5, 0.0, 0.534, 0.3788, positive
0.4538, 0.4392, 0.483, 0.303, 0.5, 0.0, 0.4546, 0.2762, positive
0.5441, 0.5297, 0.5559, 0.1738, 0.5, 0.0, 0.4683, 0.3024, positive
0.4173, 0.2691, 0.5473, 0.2636, 0.5, 0.0, 0.4319, 0.2382, positive
0.5397, 0.505, 0.5101, 0.1049, 0.5, 0.0, 0.48, 0.25, positive
0.2976, 0.5031, 0.5183, 0.3293, 0.5, 0.0, 0.5176, 0.3007, positive
0.5753, 0.4616, 0.4616, 0.3376, 0.5, 0.0, 0.5, 0.4276, positive
0.452, 0.402, 0.564, 0.14, 0.5, 0.0, 0.512, 0.22, positive
0.4437, 0.5163, 0.4174, 0.2263, 0.5, 0.0, 0.5323, 0.22, positive
0.6151, 0.4116, 0.5216, 0.1692, 0.5, 0.0, 0.4816, 0.22, positive
0.5625, 0.4313, 0.5438, 0.1562, 0.5, 0.0, 0.5051, 0.22, positive
0.5418, 0.5415, 0.6221, 0.371, 1.0, 0.0, 0.5845, 0.4079, positive
0.4545, 0.4988, 0.5, 0.2788, 0.5, 0.0, 0.5012, 0.3712, positive
0.3628, 0.2622, 0.4845, 0.1655, 0.5, 0.0, 0.4934, 0.2283, positive
0.6506, 0.6867, 0.5142, 0.6907, 0.5, 0.0, 0.5184, 0.3329, positive
0.325, 0.3425, 0.61, 0.175, 0.5, 0.0, 0.52, 0.3024, positive
0.4626, 0.4426, 0.51, 0.3318, 0.5, 0.0, 0.4655, 0.2637, positive
0.6021, 0.57, 0.5053, 0.1547, 0.5, 0.0, 0.4684, 0.4674, positive
0.3496, 0.4715, 0.5078, 0.2689, 0.5, 0.0, 0.5148, 0.5222, positive
0.4606, 0.4355, 0.6045, 0.1709, 0.5, 0.0, 0.5655, 0.3545, positive
0.3515, 0.4762, 0.4776, 0.1633, 0.5, 0.0, 0.4885, 0.3038, positive
0.4252, 0.4963, 0.5426, 0.2363, 0.5, 0.0, 0.4652, 0.2348, positive
0.3893, 0.4185, 0.427, 0.2178, 0.5, 0.0, 0.497, 0.5922, positive
0.3899, 0.3825, 0.5325, 0.16, 0.5, 0.0, 0.5149, 0.2725, positive
0.58, 0.5578, 0.4518, 0.12, 0.5, 0.0, 0.5089, 0.2211, positive
0.3674, 0.3775, 0.54, 0.2501, 0.5, 0.0, 0.5375, 0.2326, positive
0.3415, 0.3471, 0.5657, 0.2043, 0.5, 0.0, 0.4828, 0.2085, positive
0.4316, 0.6531, 0.4869, 0.16, 0.5, 0.0, 0.4852, 0.3069, positive
0.3844, 0.4754, 0.5695, 0.2002, 0.5, 0.0, 0.5646, 0.3007, positive
0.3419, 0.5894, 0.5702, 0.2013, 0.5, 0.0, 0.4653, 0.22, positive
0.58, 0.5493, 0.3886, 0.3846, 0.5, 0.0, 0.5357, 0.555, positive
0.3676, 0.2732, 0.5376, 0.1334, 0.5, 0.0, 0.5345, 0.3889, positive
0.668, 0.5247, 0.4626, 0.2413, 0.5, 0.0, 0.51, 0.296, positive
0.4724, 0.4121, 0.6203, 0.1924, 0.5, 0.0, 0.5345, 0.3248, positive
0.6546, 0.6258, 0.5273, 0.17, 0.5, 0.0, 0.4888, 0.6088, positive
0.4875, 0.5325, 0.5713, 0.2938, 0.5, 0.0, 0.51, 0.3998, positive
0.4796, 0.539, 0.501, 0.1702, 0.5, 0.0, 0.5306, 0.22, positive
0.3632, 0.2658, 0.4836, 0.1664, 0.5, 0.0, 0.4907, 0.2297, positive
0.3427, 0.4242, 0.5479, 0.2321, 0.5, 0.0, 0.5179, 0.4427, positive
0.46, 0.5202, 0.4798, 0.3405, 0.5, 0.0, 0.5067, 0.3633, positive
0.5864, 0.5264, 0.4808, 0.26, 0.5, 0.0, 0.53, 0.3052, positive
0.5978, 0.5634, 0.63, 0.2178, 0.5, 0.0, 0.5, 0.4823, positive
0.3441, 0.58, 0.5163, 0.2194, 0.5, 0.0, 0.51, 0.22, positive
0.3736, 0.6121, 0.46, 0.194, 0.5, 0.0, 0.5232, 0.2393, positive
0.4963, 0.44, 0.5337, 0.5284, 0.5, 0.0, 0.4921, 0.38, positive
0.39, 0.27, 0.5402, 0.0801, 0.5, 0.0, 0.485, 0.43, positive
0.2387, 0.3043, 0.5783, 0.2174, 0.5, 0.0, 0.4817, 0.2657, positive
0.5346, 0.53, 0.5069, 0.1561, 0.5, 0.0, 0.49, 0.3515, positive
0.3848, 0.3859, 0.5376, 0.2724, 0.5, 0.0, 0.4611, 0.22, positive
0.3449, 0.2875, 0.4753, 0.1425, 0.5, 0.0, 0.5324, 0.7109, positive
0.5943, 0.6268, 0.5788, 0.2029, 0.5, 0.0, 0.4886, 0.5525, positive
0.6572, 0.6947, 0.5162, 0.6768, 0.5, 0.0, 0.5223, 0.3421, positive
0.5501, 0.5272, 0.5972, 0.2857, 0.5, 0.0, 0.5172, 0.4216, positive
0.4318, 0.4182, 0.4373, 0.1946, 0.5, 0.0, 0.5173, 0.48, positive
0.3635, 0.3723, 0.5606, 0.2529, 0.5, 0.0, 0.4723, 0.2058, positive
0.4815, 0.4943, 0.5457, 0.15, 0.5, 0.0, 0.5772, 0.22, positive
0.3742, 0.3864, 0.5364, 0.16, 0.5, 0.0, 0.5071, 0.2764, positive
0.5799, 0.3097, 0.6004, 0.1213, 0.5, 0.0, 0.4703, 0.3292, positive
0.2682, 0.3785, 0.4679, 0.18, 0.5, 0.0, 0.4503, 0.3663, positive
0.3719, 0.4829, 0.5595, 0.2053, 0.5, 0.0, 0.5571, 0.3158, positive
0.472, 0.4451, 0.529, 0.18, 0.5, 0.0, 0.4741, 0.2859, positive
0.37, 0.34, 0.58, 0.24, 0.5, 0.0, 0.44, 0.18, positive
0.4777, 0.4772, 0.4446, 0.4379, 0.5, 0.0, 0.5377, 0.22, positive
0.3716, 0.58, 0.4936, 0.2184, 0.5, 0.0, 0.478, 0.22, positive
0.3712, 0.2963, 0.4981, 0.1956, 0.5, 0.0, 0.55, 0.3075, positive
0.4486, 0.5072, 0.5171, 0.3586, 0.5, 0.0, 0.4886, 0.2314, positive
0.4404, 0.4817, 0.5283, 0.18, 0.5, 0.0, 0.4687, 0.2252, positive
0.3469, 0.3938, 0.5921, 0.2148, 0.5, 0.0, 0.4752, 0.3648, positive
0.5508, 0.4668, 0.5308, 0.1968, 0.5, 0.0, 0.408, 0.22, positive
0.4448, 0.4952, 0.5595, 0.2448, 0.5, 0.0, 0.48, 0.22, positive
0.6877, 0.4895, 0.5151, 0.2646, 0.5, 0.0, 0.5464, 0.2582, positive
0.2402, 0.4098, 0.4709, 0.1598, 0.5, 0.0, 0.5109, 0.3782, positive
0.4511, 0.4678, 0.541, 0.4233, 0.5, 0.0, 0.5455, 0.3778, positive
0.4019, 0.28, 0.5038, 0.1439, 0.5, 0.0, 0.414, 0.22, positive
0.4124, 0.5321, 0.4103, 0.1509, 0.5, 0.0, 0.5412, 0.2509, positive
0.474, 0.464, 0.546, 0.2692, 0.5, 0.0, 0.4387, 0.4681, positive
0.4937, 0.4882, 0.531, 0.1873, 0.5, 0.0, 0.5082, 0.2555, positive
0.4548, 0.4152, 0.4526, 0.2429, 0.5, 0.0, 0.4723, 0.2381, positive
0.5232, 0.5503, 0.4283, 0.1137, 0.5, 0.0, 0.5717, 0.3132, positive
0.3766, 0.2867, 0.4533, 0.1401, 0.5, 0.0, 0.4635, 0.22, positive
0.4635, 0.4907, 0.5493, 0.1751, 0.5, 0.0, 0.5628, 0.22, positive
0.5111, 0.459, 0.57, 0.5345, 0.5, 0.0, 0.4967, 0.2422, positive
0.5229, 0.5057, 0.5714, 0.2029, 0.5, 0.0, 0.4829, 0.2843, positive
0.4796, 0.4328, 0.504, 0.7144, 0.5, 0.0, 0.49, 0.56, positive
0.3492, 0.2446, 0.5307, 0.1385, 0.5, 0.0, 0.5262, 0.4092, positive
0.315, 0.3043, 0.5106, 0.1481, 0.5, 0.0, 0.5194, 0.8263, positive
0.5659, 0.6603, 0.56, 0.1662, 0.5, 0.0, 0.5409, 0.33, positive
0.3315, 0.3457, 0.61, 0.1815, 0.5, 0.0, 0.52, 0.2798, positive
0.4295, 0.3897, 0.5597, 0.1152, 0.5, 0.0, 0.48, 0.22, positive
0.3697, 0.3876, 0.5376, 0.16, 0.5, 0.0, 0.5048, 0.2776, positive
0.3589, 0.3957, 0.5489, 0.26, 0.5, 0.0, 0.4934, 0.2246, positive
0.4073, 0.3844, 0.4328, 0.19, 0.5, 0.0, 0.4873, 0.6512, positive
0.4687, 0.3344, 0.5829, 0.17, 0.5, 0.0, 0.5811, 0.2413, positive
0.4816, 0.4574, 0.53, 0.1684, 0.5, 0.0, 0.4758, 0.2784, positive
0.4485, 0.4338, 0.6369, 0.1946, 0.5, 0.0, 0.3785, 0.3223, positive
0.4211, 0.3889, 0.4952, 0.1467, 0.5, 0.0, 0.5108, 0.6759, positive
0.4253, 0.3807, 0.5634, 0.2053, 0.5, 0.0, 0.5253, 0.2793, positive
0.4616, 0.4895, 0.5484, 0.181, 0.5, 0.0, 0.5595, 0.22, positive
0.4301, 0.2564, 0.49, 0.2267, 0.5, 0.0, 0.5197, 0.3299, positive
0.4173, 0.3181, 0.5054, 0.1473, 0.5, 0.0, 0.5233, 0.22, positive
0.5425, 0.4494, 0.6168, 0.13, 0.5, 0.0, 0.5213, 0.2575, positive
0.5297, 0.2511, 0.5905, 0.271, 0.5, 0.0, 0.4492, 0.2607, positive
0.5532, 0.4861, 0.5139, 0.1903, 0.5, 0.0, 0.4193, 0.22, positive
0.4957, 0.48, 0.5157, 0.2233, 0.5, 0.0, 0.5319, 0.22, positive
0.3475, 0.58, 0.5298, 0.1855, 0.5, 0.0, 0.51, 0.22, positive
0.4427, 0.4227, 0.51, 0.3368, 0.5, 0.0, 0.4804, 0.2736, positive
0.5376, 0.6556, 0.5504, 0.1644, 0.5, 0.0, 0.5652, 0.3228, positive
0.3134, 0.2372, 0.5219, 0.16, 0.5, 0.0, 0.53, 0.4683, positive
0.2583, 0.3636, 0.4336, 0.3177, 0.5, 0.0, 0.5047, 0.2464, positive
0.3218, 0.4318, 0.4859, 0.1171, 0.5, 0.0, 0.4841, 0.5065, positive
0.324, 0.44, 0.5335, 0.2405, 0.5, 0.0, 0.5135, 0.2991, positive
0.4935, 0.4828, 0.5214, 0.2, 0.5, 0.0, 0.55, 0.2221, positive
0.4068, 0.4917, 0.5334, 0.2317, 0.5, 0.0, 0.4468, 0.2532, positive
0.401, 0.3379, 0.5203, 0.1759, 0.5, 0.0, 0.4728, 0.5121, positive
0.5225, 0.4588, 0.5363, 0.365, 0.5, 0.0, 0.5038, 0.295, positive
0.4527, 0.4788, 0.5285, 0.4139, 0.5, 0.0, 0.5392, 0.3746, positive
0.4712, 0.3194, 0.5088, 0.2468, 0.5, 0.0, 0.5382, 0.2712, positive
0.3618, 0.2509, 0.4936, 0.1582, 0.5, 0.0, 0.5227, 0.2272, positive
0.408, 0.5193, 0.56, 0.2567, 0.5, 0.0, 0.48, 0.3193, positive
0.5878, 0.3752, 0.5671, 0.1548, 0.5, 0.0, 0.4893, 0.2304, positive
0.5598, 0.5355, 0.5143, 0.1228, 0.5, 0.0, 0.4772, 0.4398, positive
0.3774, 0.4927, 0.5016, 0.1411, 0.5, 0.0, 0.4947, 0.5984, positive
0.3644, 0.4772, 0.6504, 0.3588, 0.5, 0.0, 0.5516, 0.6102, positive
0.3595, 0.4257, 0.5782, 0.1298, 0.5, 0.0, 0.528, 0.5261, positive
0.424, 0.3801, 0.586, 0.204, 0.5, 0.0, 0.516, 0.2819, positive
0.1816, 0.5095, 0.4829, 0.1233, 0.5, 0.0, 0.0327, 0.25, positive
0.1915, 0.4554, 0.4633, 0.1299, 0.5, 0.0, 0.069, 0.2631, positive
0.3374, 0.4637, 0.556, 0.3048, 0.5, 0.0, 0.5111, 0.563, positive
0.3667, 0.3, 0.5067, 0.1634, 0.5, 0.0, 0.57, 0.2734, positive
0.3795, 0.3052, 0.5443, 0.1409, 0.5, 0.0, 0.53, 0.4114, positive
0.4108, 0.39, 0.5785, 0.2228, 0.5, 0.0, 0.5236, 0.2956, positive
0.5439, 0.4061, 0.6089, 0.2188, 0.5, 0.0, 0.3589, 0.2726, positive
0.3982, 0.4739, 0.5039, 0.1361, 0.5, 0.0, 0.5182, 0.3504, positive
0.4008, 0.431, 0.5245, 0.1627, 0.5, 0.0, 0.4818, 0.5837, positive
0.3868, 0.4476, 0.49, 0.148, 0.5, 0.0, 0.4924, 0.338, positive
0.3751, 0.6725, 0.4148, 0.1788, 0.5, 0.0, 0.5262, 0.2725, positive
0.4801, 0.357, 0.6146, 0.1716, 0.5, 0.0, 0.2464, 0.2746, positive
0.4938, 0.247, 0.5749, 0.267, 0.5, 0.0, 0.4379, 0.2479, positive
0.4501, 0.4301, 0.5725, 0.2301, 0.5, 0.0, 0.4849, 0.2424, positive
0.3048, 0.4901, 0.475, 0.3351, 0.5, 0.0, 0.4552, 0.2502, positive
0.25, 0.3439, 0.4846, 0.1916, 0.5, 0.0, 0.4386, 0.3184, positive
0.23, 0.29, 0.575, 0.218, 0.5, 0.0, 0.476, 0.265, positive
0.4408, 0.4785, 0.5654, 0.1838, 0.5, 0.0, 0.5677, 0.2392, positive
0.4537, 0.4391, 0.4828, 0.3028, 0.5, 0.0, 0.4546, 0.2763, positive
0.5581, 0.6156, 0.5237, 0.1863, 0.5, 0.0, 0.5247, 0.3209, positive
0.4138, 0.4362, 0.5725, 0.425, 0.5, 0.0, 0.4738, 0.495, positive
0.3888, 0.4177, 0.4783, 0.1105, 0.5, 0.0, 0.4865, 0.6465, positive
0.5764, 0.4806, 0.5136, 0.476, 0.5, 0.0, 0.5476, 0.22, positive
0.2651, 0.41, 0.4637, 0.1726, 0.5, 0.0, 0.4849, 0.3863, positive
0.4268, 0.4, 0.5567, 0.51, 0.5, 0.0, 0.4068, 0.1968, positive
0.4442, 0.4184, 0.4484, 0.1328, 0.5, 0.0, 0.4914, 0.4284, positive
0.3382, 0.4324, 0.5397, 0.2362, 0.5, 0.0, 0.52, 0.4218, positive
0.5266, 0.321, 0.5804, 0.2138, 0.5, 0.0, 0.49, 0.239, positive
0.4953, 0.45, 0.5273, 0.272, 0.5, 0.0, 0.47, 0.3907, positive
0.45, 0.4153, 0.5321, 0.4836, 0.5, 0.0, 0.4964, 0.3174, positive
0.2204, 0.3469, 0.5202, 0.1694, 0.5, 0.0, 0.4263, 0.3215, positive
0.417, 0.3715, 0.5809, 0.1939, 0.5, 0.0, 0.52, 0.287, positive
0.4494, 0.44, 0.5025, 0.1594, 0.5, 0.0, 0.4631, 0.2762, positive
0.4399, 0.32, 0.5476, 0.2625, 0.5, 0.0, 0.4874, 0.27, positive
0.4072, 0.2954, 0.5726, 0.1954, 0.5, 0.0, 0.4251, 0.2098, positive
0.4183, 0.282, 0.5703, 0.182, 0.5, 0.0, 0.4207, 0.2187, positive
0.4357, 0.4214, 0.4815, 0.3058, 0.5, 0.0, 0.4672, 0.2857, positive
0.3248, 0.34, 0.61, 0.1724, 0.5, 0.0, 0.52, 0.32, positive
0.4138, 0.3088, 0.5012, 0.15, 0.5, 0.0, 0.5362, 0.2249, positive
0.52, 0.4668, 0.5532, 0.2603, 0.5, 0.0, 0.5268, 0.22, positive
0.5036, 0.3346, 0.5518, 0.2011, 0.5, 0.0, 0.5007, 0.22, positive
0.25, 0.3911, 0.5022, 0.2211, 0.5, 0.0, 0.5066, 0.28, positive
0.5185, 0.3654, 0.4815, 0.1346, 0.5, 0.0, 0.5469, 0.2185, positive
0.5064, 0.4436, 0.5415, 0.2113, 0.5, 0.0, 0.2915, 0.2276, positive
0.4299, 0.4719, 0.5741, 0.186, 0.5, 0.0, 0.5721, 0.2501, positive
0.4578, 0.47, 0.5319, 0.1799, 0.5, 0.0, 0.5141, 0.3381, positive
0.2735, 0.383, 0.508, 0.3435, 0.5, 0.0, 0.4875, 0.5615, positive
0.4877, 0.5015, 0.5154, 0.1777, 0.5, 0.0, 0.5146, 0.2431, positive
0.4906, 0.3478, 0.5939, 0.1839, 0.5, 0.0, 0.6294, 0.2694, positive
0.3812, 0.4548, 0.4832, 0.2824, 0.5, 0.0, 0.5088, 0.3928, positive
0.4149, 0.4236, 0.5879, 0.2379, 0.5, 0.0, 0.4928, 0.2392, positive
0.2286, 0.3759, 0.4739, 0.1616, 0.5, 0.0, 0.2915, 0.3055, positive
0.4837, 0.4517, 0.5, 0.1591, 0.5, 0.0, 0.4817, 0.4754, positive
0.3527, 0.4576, 0.4925, 0.0901, 0.5, 0.0, 0.4901, 0.4824, positive
0.1584, 0.4065, 0.6181, 0.1369, 0.5, 0.0, 0.488, 0.2865, positive
0.51, 0.6937, 0.54, 0.1264, 0.5, 0.0, 0.5673, 0.22, positive
0.611, 0.6099, 0.5382, 0.1073, 0.5, 0.0, 0.5127, 0.22, positive
0.4667, 0.6583, 0.5058, 0.2158, 0.5, 0.0, 0.465, 0.22, positive
0.534, 0.53, 0.51, 0.158, 0.5, 0.0, 0.49, 0.354, positive
0.3839, 0.3239, 0.5254, 0.1646, 0.5, 0.0, 0.5023, 0.4723, positive
0.4732, 0.4505, 0.5116, 0.3321, 0.5, 0.0, 0.4626, 0.2621, positive
0.4161, 0.2354, 0.5323, 0.2569, 0.5, 0.0, 0.4177, 0.2338, positive
0.6379, 0.5041, 0.5083, 0.1034, 0.5, 0.0, 0.5048, 0.2376, positive
0.4449, 0.5151, 0.4199, 0.2251, 0.5, 0.0, 0.5396, 0.22, positive
0.5022, 0.6272, 0.5061, 0.2678, 0.5, 0.0, 0.4973, 0.22, positive
0.4007, 0.4005, 0.4404, 0.3684, 0.5, 0.0, 0.5286, 0.2507, positive
0.5538, 0.4836, 0.5962, 0.1736, 0.5, 0.0, 0.5138, 0.22, positive
0.4146, 0.4234, 0.5452, 0.3107, 0.5, 0.0, 0.4293, 0.22, positive
0.453, 0.4287, 0.5526, 0.2026, 0.5, 0.0, 0.487, 0.2674, positive
0.4188, 0.3991, 0.6209, 0.1161, 0.5, 0.0, 0.4961, 0.2479, positive
0.3708, 0.3061, 0.5354, 0.1553, 0.5, 0.0, 0.5261, 0.44, positive
0.4946, 0.4671, 0.5754, 0.3983, 0.5, 0.0, 0.5454, 0.2788, positive
0.6139, 0.4146, 0.5276, 0.1639, 0.5, 0.0, 0.4892, 0.22, positive
0.3164, 0.2049, 0.5619, 0.1254, 0.5, 0.0, 0.5012, 0.4697, positive
