@relation yeast1
@attribute Mcg real [0.11, 1.0]
@attribute Gvh real [0.13, 1.0]
@attribute Alm real [0.21, 1.0]
@attribute Mit real [0.0, 1.0]
@attribute Erl real [0.5, 1.0]
@attribute Pox real [0.0, 0.83]
@attribute Vac real [0.0, 0.73]
@attribute Nuc real [0.0, 1.0]
@attribute Class {positive,negative}
@inputs Mcg, Gvh, Alm, Mit, Erl, Pox, Vac, Nuc
@outputs Class
@data
0.43, 0.67, 0.48, 0.27, 0.5, 0.0, 0.53, 0.22, negative
0.64, 0.62, 0.49, 0.15, 0.5, 0.0, 0.53, 0.22, negative
0.58, 0.44, 0.57, 0.13, 0.5, 0.0, 0.54, 0.22, positive
0.42, 0.44, 0.48, 0.54, 0.5, 0.0, 0.48, 0.22, negative
0.51, 0.4, 0.56, 0.17, 0.5, 0.5, 0.49, 0.22, negative
0.5, 0.54, 0.48, 0.65, 0.5, 0.0, 0.53, 0.22, negative
0.55, 0.5, 0.66, 0.36, 0.5, 0.0, 0.49, 0.22, negative
0.4, 0.39, 0.6, 0.15, 0.5, 0.0, 0.58, 0.3, negative
0.43, 0.39, 0.54, 0.21, 0.5, 0.0, 0.53, 0.27, positive
0.42, 0.37, 0.59, 0.2, 0.5, 0.0, 0.52, 0.29, positive
0.6, 0.4, 0.52, 0.46, 0.5, 0.0, 0.53, 0.22, negative
0.66, 0.55, 0.45, 0.19, 0.5, 0.0, 0.46, 0.22, negative
0.46, 0.44, 0.52, 0.11, 0.5, 0.0, 0.5, 0.22, negative
0.47, 0.39, 0.5, 0.11, 0.5, 0.0, 0.49, 0.4, negative
0.58, 0.47, 0.54, 0.11, 0.5, 0.0, 0.51, 0.26, positive
0.5, 0.34, 0.55, 0.21, 0.5, 0.0, 0.49, 0.22, positive
0.61, 0.6, 0.55, 0.21, 0.5, 0.0, 0.5, 0.25, positive
0.45, 0.4, 0.5, 0.16, 0.5, 0.0, 0.5, 0.22, negative
0.43, 0.44, 0.48, 0.22, 0.5, 0.0, 0.51, 0.22, negative
0.73, 0.63, 0.42, 0.3, 0.5, 0.0, 0.49, 0.22, negative
0.43, 0.53, 0.52, 0.13, 0.5, 0.0, 0.55, 0.22, negative
0.51, 0.51, 0.52, 0.51, 0.5, 0.0, 0.54, 0.22, negative
0.57, 0.47, 0.6, 0.18, 0.5, 0.0, 0.51, 0.22, negative
0.63, 0.67, 0.57, 0.24, 0.5, 0.0, 0.49, 0.22, negative
0.53, 0.54, 0.43, 0.1, 0.5, 0.0, 0.57, 0.32, positive
0.38, 0.61, 0.61, 0.12, 0.5, 0.0, 0.53, 0.47, negative
0.33, 0.55, 0.51, 0.43, 0.5, 0.0, 0.51, 0.22, positive
0.78, 0.74, 0.42, 0.26, 0.5, 0.0, 0.43, 0.22, negative
0.74, 0.67, 0.47, 0.34, 0.5, 0.0, 0.42, 0.22, negative
0.72, 0.61, 0.45, 0.3, 0.5, 0.0, 0.54, 0.25, negative
0.59, 0.53, 0.43, 0.44, 0.5, 0.0, 0.5, 0.22, negative
0.79, 0.57, 0.41, 0.28, 0.5, 0.0, 0.59, 0.22, negative
0.41, 0.54, 0.39, 0.2, 0.5, 0.0, 0.51, 0.22, negative
0.53, 0.31, 0.58, 0.39, 0.5, 0.0, 0.47, 0.37, positive
0.74, 0.75, 0.58, 0.47, 0.5, 0.0, 0.4, 0.35, negative
0.74, 0.57, 0.51, 0.28, 0.5, 0.0, 0.58, 0.22, negative
0.42, 0.24, 0.34, 0.16, 0.5, 0.0, 0.5, 0.22, negative
0.48, 0.39, 0.51, 0.21, 0.5, 0.0, 0.52, 0.28, negative
0.45, 0.46, 0.55, 0.43, 0.5, 0.0, 0.55, 0.38, positive
0.56, 0.48, 0.58, 0.27, 0.5, 0.0, 0.51, 0.22, negative
0.64, 0.59, 0.56, 0.23, 0.5, 0.0, 0.46, 0.22, negative
0.64, 0.56, 0.56, 0.22, 0.5, 0.0, 0.45, 0.22, negative
0.66, 0.62, 0.49, 0.1, 0.5, 0.0, 0.49, 0.22, negative
0.38, 0.49, 0.53, 0.19, 0.5, 0.0, 0.5, 0.22, negative
0.43, 0.35, 0.52, 0.52, 0.5, 0.0, 0.54, 0.22, negative
0.37, 0.32, 0.47, 0.18, 0.5, 0.0, 0.45, 0.25, positive
0.48, 0.43, 0.51, 0.32, 0.5, 0.0, 0.52, 0.43, positive
0.41, 0.46, 0.59, 0.19, 0.5, 0.0, 0.58, 0.27, positive
0.54, 0.48, 0.44, 0.08, 0.5, 0.0, 0.52, 0.27, negative
0.6, 0.47, 0.45, 0.22, 0.5, 0.0, 0.51, 0.29, negative
0.48, 0.54, 0.55, 0.12, 0.5, 0.0, 0.51, 0.22, negative
0.47, 0.39, 0.59, 0.15, 0.5, 0.0, 0.57, 0.22, negative
0.81, 0.85, 0.47, 0.37, 0.5, 0.0, 0.56, 0.22, negative
0.48, 0.42, 0.52, 0.24, 0.5, 0.0, 0.56, 0.22, negative
0.58, 0.51, 0.49, 0.27, 0.5, 0.0, 0.57, 0.29, negative
0.6, 0.5, 0.44, 0.61, 0.5, 0.0, 0.47, 0.22, negative
0.45, 0.55, 0.54, 0.66, 0.5, 0.0, 0.47, 0.22, negative
0.46, 0.49, 0.58, 0.23, 0.5, 0.0, 0.44, 0.22, negative
0.63, 0.53, 0.54, 0.4, 0.5, 0.0, 0.5, 0.22, negative
0.48, 0.45, 0.55, 0.5, 0.5, 0.0, 0.53, 0.22, negative
0.5, 0.58, 0.46, 0.46, 0.5, 0.0, 0.46, 0.22, negative
0.51, 0.54, 0.6, 0.57, 0.5, 0.0, 0.58, 0.22, negative
0.67, 0.62, 0.4, 0.43, 0.5, 0.83, 0.5, 0.22, negative
0.28, 0.58, 0.21, 0.13, 0.5, 0.0, 0.51, 0.22, negative
0.39, 0.44, 0.35, 0.16, 0.5, 0.0, 0.55, 0.22, negative
0.8, 0.63, 0.45, 0.29, 0.5, 0.0, 0.51, 0.22, negative
0.42, 0.47, 0.52, 0.41, 0.5, 0.0, 0.53, 0.32, negative
0.36, 0.46, 0.62, 0.46, 0.5, 0.0, 0.51, 0.33, negative
0.46, 0.38, 0.47, 0.22, 0.5, 0.0, 0.52, 0.27, negative
0.4, 0.45, 0.56, 0.2, 0.5, 0.0, 0.45, 0.22, negative
0.49, 0.61, 0.49, 0.25, 0.5, 0.0, 0.5, 0.28, negative
0.69, 0.7, 0.52, 0.36, 0.5, 0.0, 0.46, 0.22, negative
0.78, 0.75, 0.4, 0.28, 0.5, 0.0, 0.53, 0.22, negative
0.64, 0.57, 0.57, 0.27, 0.5, 0.0, 0.37, 0.22, negative
0.36, 0.43, 0.39, 0.12, 0.5, 0.0, 0.49, 0.22, negative
0.47, 0.52, 0.5, 0.4, 0.5, 0.0, 0.41, 0.22, negative
0.48, 0.23, 0.57, 0.27, 0.5, 0.0, 0.48, 0.47, positive
0.47, 0.39, 0.55, 0.24, 0.5, 0.0, 0.47, 0.22, negative
0.3, 0.56, 0.55, 0.18, 0.5, 0.0, 0.5, 0.22, negative
0.65, 0.65, 0.52, 0.16, 0.5, 0.0, 0.6, 0.22, negative
0.27, 0.6, 0.48, 0.23, 0.5, 0.0, 0.55, 0.22, negative
0.45, 0.41, 0.5, 0.46, 0.5, 0.5, 0.5, 0.27, negative
0.44, 0.52, 0.41, 0.23, 0.5, 0.0, 0.51, 0.22, positive
0.3, 0.32, 0.57, 0.19, 0.5, 0.0, 0.48, 0.55, positive
0.4, 0.44, 0.49, 0.47, 0.5, 0.0, 0.49, 0.27, positive
0.45, 0.51, 0.5, 0.16, 0.5, 0.0, 0.52, 1.0, positive
0.45, 0.45, 0.5, 0.6, 0.5, 0.0, 0.49, 0.22, negative
0.59, 0.67, 0.56, 0.41, 0.5, 0.0, 0.47, 0.22, negative
0.47, 0.47, 0.57, 0.48, 0.5, 0.0, 0.48, 0.22, negative
0.35, 0.52, 0.48, 0.22, 0.5, 0.0, 0.26, 0.22, negative
0.47, 0.41, 0.66, 0.26, 0.5, 0.0, 0.53, 0.22, negative
0.64, 0.62, 0.29, 0.28, 0.5, 0.0, 0.51, 0.22, negative
0.55, 0.53, 0.55, 0.46, 0.5, 0.0, 0.52, 0.22, negative
0.67, 0.62, 0.54, 0.43, 0.5, 0.0, 0.53, 0.22, negative
0.58, 0.62, 0.54, 0.17, 0.5, 0.0, 0.48, 0.22, negative
0.4, 0.38, 0.53, 0.16, 0.5, 0.0, 0.52, 0.27, positive
0.46, 0.71, 0.48, 0.53, 0.5, 0.0, 0.53, 0.22, negative
0.53, 0.51, 0.55, 0.05, 0.5, 0.0, 0.45, 0.25, positive
0.41, 0.4, 0.59, 0.47, 0.5, 0.0, 0.48, 0.43, negative
0.5, 0.64, 0.57, 0.15, 0.5, 0.0, 0.47, 0.22, negative
0.4, 0.62, 0.52, 0.31, 0.5, 0.0, 0.49, 0.31, negative
0.6, 0.5, 0.57, 0.25, 0.5, 0.0, 0.41, 0.26, negative
0.62, 0.51, 0.52, 0.42, 0.5, 0.0, 0.54, 0.27, positive
0.35, 0.58, 0.54, 0.16, 0.5, 0.0, 0.51, 0.22, positive
0.34, 0.54, 0.5, 0.21, 0.5, 0.0, 0.54, 0.31, negative
0.48, 0.54, 0.5, 0.17, 0.5, 0.0, 0.53, 0.22, positive
0.29, 0.32, 0.58, 0.15, 0.5, 0.0, 0.5, 0.3, negative
0.39, 0.47, 0.56, 0.16, 0.5, 0.0, 0.47, 0.22, negative
0.58, 0.48, 0.51, 0.47, 0.5, 0.0, 0.55, 0.22, positive
0.64, 0.6, 0.57, 0.19, 0.5, 0.0, 0.43, 0.22, positive
0.37, 0.46, 0.4, 0.27, 0.5, 0.0, 0.45, 0.22, positive
0.43, 0.57, 0.53, 0.16, 0.5, 0.0, 0.54, 0.22, negative
0.28, 0.37, 0.61, 0.09, 0.5, 0.0, 0.52, 0.55, positive
0.59, 0.48, 0.5, 0.14, 0.5, 0.0, 0.45, 0.25, negative
0.39, 0.55, 0.48, 0.31, 0.5, 0.0, 0.54, 0.29, negative
0.26, 0.36, 0.47, 0.34, 0.5, 0.0, 0.53, 0.72, positive
0.58, 0.5, 0.5, 0.12, 0.5, 0.0, 0.48, 0.25, positive
0.44, 0.39, 0.53, 0.14, 0.5, 0.0, 0.54, 0.44, negative
0.45, 0.43, 0.51, 0.24, 0.5, 0.0, 0.54, 0.33, negative
0.36, 0.68, 0.46, 0.16, 0.5, 0.0, 0.53, 0.28, positive
0.42, 0.31, 0.5, 0.15, 0.5, 0.0, 0.53, 0.22, positive
0.42, 0.43, 0.56, 0.1, 0.5, 0.0, 0.49, 0.22, negative
0.49, 0.47, 0.53, 0.16, 0.5, 0.0, 0.48, 0.27, positive
0.71, 0.59, 0.48, 0.43, 0.5, 0.0, 0.59, 0.22, negative
0.4, 0.42, 0.71, 0.21, 0.5, 0.0, 0.54, 0.32, negative
0.4, 0.42, 0.71, 0.21, 0.5, 0.0, 0.54, 0.32, negative
0.42, 0.51, 0.5, 0.12, 0.5, 0.0, 0.52, 0.46, positive
0.35, 0.45, 0.43, 0.11, 0.5, 0.0, 0.56, 0.22, negative
0.42, 0.42, 0.42, 0.2, 0.5, 0.0, 0.49, 0.22, negative
0.26, 0.5, 0.33, 0.28, 0.5, 0.0, 0.51, 0.22, negative
0.39, 0.42, 0.38, 0.4, 0.5, 0.0, 0.49, 0.47, negative
0.26, 0.44, 0.3, 0.11, 0.5, 0.0, 0.51, 0.47, negative
0.48, 0.61, 0.44, 0.2, 0.5, 0.0, 0.47, 0.22, negative
0.66, 0.45, 0.5, 0.23, 0.5, 0.0, 0.49, 0.22, negative
0.44, 0.38, 0.48, 0.32, 0.5, 0.83, 0.53, 0.22, negative
0.31, 0.31, 0.56, 0.33, 0.5, 0.0, 0.52, 0.33, positive
0.39, 0.4, 0.53, 0.67, 0.5, 0.0, 0.47, 0.22, negative
0.24, 0.34, 0.69, 0.18, 0.5, 0.0, 0.52, 0.22, negative
0.49, 0.43, 0.51, 0.13, 0.5, 0.0, 0.47, 0.22, negative
0.54, 0.38, 0.52, 0.18, 0.5, 0.0, 0.48, 0.22, negative
0.43, 0.57, 0.53, 0.53, 0.5, 0.0, 0.53, 0.25, negative
0.32, 0.57, 0.5, 0.15, 0.5, 0.0, 0.53, 0.22, negative
0.59, 0.5, 0.52, 0.28, 0.5, 0.0, 0.55, 0.25, negative
0.37, 0.42, 0.51, 0.11, 0.5, 0.0, 0.57, 0.22, negative
0.75, 0.7, 0.38, 0.27, 0.5, 0.0, 0.49, 0.22, negative
0.61, 0.72, 0.31, 0.33, 0.5, 0.0, 0.56, 0.22, negative
0.44, 0.42, 0.6, 0.21, 0.5, 0.0, 0.57, 0.22, negative
0.52, 0.51, 0.51, 0.54, 0.5, 0.0, 0.55, 0.27, negative
0.52, 0.56, 0.54, 0.53, 0.5, 0.0, 0.45, 0.22, negative
0.58, 0.58, 0.58, 0.49, 0.5, 0.0, 0.49, 0.26, negative
0.72, 0.62, 0.34, 0.29, 0.5, 0.0, 0.56, 0.28, negative
0.46, 0.43, 0.38, 0.33, 0.5, 0.0, 0.48, 0.28, negative
0.57, 0.57, 0.44, 0.37, 0.5, 0.0, 0.52, 0.25, negative
0.49, 0.46, 0.45, 0.45, 0.5, 0.0, 0.52, 0.22, negative
0.42, 0.58, 0.41, 0.65, 0.5, 0.0, 0.46, 0.26, negative
0.59, 0.61, 0.34, 0.22, 0.5, 0.0, 0.51, 0.22, negative
0.52, 0.77, 0.38, 0.34, 0.5, 0.0, 0.51, 0.22, negative
0.5, 0.52, 0.6, 0.51, 0.5, 0.0, 0.48, 0.22, negative
0.5, 0.41, 0.44, 0.5, 0.5, 0.0, 0.42, 0.22, negative
0.5, 0.4, 0.56, 0.7, 0.5, 0.0, 0.5, 0.22, negative
0.37, 0.58, 0.44, 0.51, 0.5, 0.0, 0.44, 0.22, negative
0.55, 0.45, 0.45, 0.54, 0.5, 0.0, 0.5, 0.22, negative
0.67, 0.68, 0.46, 0.29, 0.5, 0.0, 0.46, 0.22, negative
0.35, 0.66, 0.49, 0.21, 0.5, 0.0, 0.54, 0.25, negative
0.78, 0.74, 0.58, 0.25, 1.0, 0.0, 0.53, 0.22, negative
0.47, 0.54, 0.37, 0.14, 0.5, 0.0, 0.5, 0.22, negative
0.56, 0.41, 0.58, 0.21, 0.5, 0.0, 0.42, 0.22, negative
0.58, 0.56, 0.45, 0.12, 0.5, 0.0, 0.51, 0.22, positive
0.53, 0.38, 0.66, 0.25, 0.5, 0.0, 0.43, 0.22, positive
0.34, 0.36, 0.54, 0.11, 0.5, 0.0, 0.36, 0.21, positive
0.69, 0.61, 0.38, 0.27, 0.5, 0.0, 0.52, 0.22, negative
0.37, 0.53, 0.6, 0.19, 0.5, 0.5, 0.42, 0.22, negative
0.41, 0.45, 0.53, 0.17, 0.5, 0.0, 0.51, 0.25, positive
0.36, 0.37, 0.33, 0.14, 0.5, 0.0, 0.57, 0.31, negative
0.82, 0.75, 0.54, 0.23, 0.5, 0.0, 0.46, 0.22, negative
0.41, 0.51, 0.58, 0.15, 0.5, 0.0, 0.45, 0.27, negative
0.38, 0.51, 0.75, 0.17, 0.5, 0.0, 0.55, 0.22, negative
0.38, 0.51, 0.75, 0.17, 0.5, 0.0, 0.55, 0.22, negative
0.53, 0.44, 0.51, 0.33, 0.5, 0.0, 0.52, 0.22, negative
0.46, 0.54, 0.71, 0.15, 0.5, 0.0, 0.59, 0.22, negative
0.53, 0.53, 0.6, 0.13, 0.5, 0.0, 0.49, 0.22, negative
0.42, 0.57, 0.72, 0.22, 0.5, 0.0, 0.57, 0.22, negative
0.45, 0.27, 0.57, 0.36, 0.5, 0.0, 0.52, 0.18, negative
0.2, 0.26, 0.52, 0.14, 0.5, 0.0, 0.53, 0.44, negative
0.51, 0.53, 0.55, 0.14, 0.5, 0.0, 0.51, 0.22, negative
0.44, 0.68, 0.45, 0.51, 0.5, 0.0, 0.52, 0.41, negative
0.27, 0.39, 0.66, 0.11, 0.5, 0.0, 0.44, 0.22, negative
0.55, 0.42, 0.34, 0.3, 0.5, 0.0, 0.52, 0.22, negative
0.34, 0.42, 0.3, 0.23, 0.5, 0.0, 0.53, 0.22, negative
0.44, 0.53, 0.52, 0.23, 0.5, 0.83, 0.51, 0.22, negative
0.59, 0.58, 0.56, 0.21, 0.5, 0.0, 0.54, 0.33, positive
0.56, 0.43, 0.54, 0.16, 0.5, 0.0, 0.5, 0.22, positive
0.36, 0.68, 0.38, 0.08, 0.5, 0.0, 0.53, 0.25, negative
0.27, 0.36, 0.6, 0.33, 0.5, 0.0, 0.37, 0.31, positive
0.35, 0.4, 0.59, 0.22, 0.5, 0.0, 0.47, 0.37, positive
0.42, 0.32, 0.5, 0.21, 0.5, 0.0, 0.51, 0.22, positive
0.23, 0.2, 0.53, 0.2, 0.5, 0.0, 0.44, 0.22, positive
0.55, 0.54, 0.56, 0.22, 0.5, 0.0, 0.5, 0.37, positive
0.36, 0.24, 0.49, 0.16, 0.5, 0.0, 0.51, 0.22, positive
0.38, 0.48, 0.59, 0.22, 0.5, 0.0, 0.46, 0.22, negative
0.8, 0.46, 0.5, 0.15, 0.5, 0.0, 0.53, 0.22, negative
0.6, 0.56, 0.47, 0.2, 0.5, 0.0, 0.5, 0.38, positive
0.41, 0.24, 0.54, 0.26, 0.5, 0.0, 0.41, 0.22, positive
0.47, 0.65, 0.54, 0.62, 0.5, 0.0, 0.53, 0.36, negative
0.53, 0.61, 0.52, 0.21, 0.5, 0.0, 0.55, 0.3, positive
0.54, 0.42, 0.41, 0.16, 0.5, 0.0, 0.52, 0.22, negative
0.46, 0.35, 0.53, 0.16, 0.5, 0.0, 0.51, 0.29, negative
0.51, 0.55, 0.35, 0.16, 0.5, 0.0, 0.51, 0.47, negative
0.56, 0.52, 0.55, 0.19, 0.5, 0.0, 0.54, 0.22, negative
0.61, 0.3, 0.59, 0.12, 0.5, 0.0, 0.49, 0.27, positive
0.37, 0.53, 0.46, 0.23, 0.5, 0.0, 0.47, 0.22, positive
0.83, 0.58, 0.33, 0.04, 0.5, 0.0, 0.53, 0.22, negative
0.39, 0.45, 0.53, 0.18, 0.5, 0.0, 0.54, 0.22, negative
0.52, 0.54, 0.5, 0.21, 0.5, 0.0, 0.48, 0.3, negative
0.35, 0.39, 0.57, 0.11, 0.5, 0.0, 0.48, 0.22, positive
0.36, 0.49, 0.3, 0.22, 0.5, 0.0, 0.52, 0.31, negative
0.78, 0.7, 0.32, 0.23, 0.5, 0.0, 0.53, 0.22, negative
0.45, 0.56, 0.54, 0.32, 0.5, 0.0, 0.57, 0.22, negative
0.45, 0.56, 0.53, 0.32, 0.5, 0.0, 0.57, 0.22, negative
0.29, 0.43, 0.4, 0.15, 0.5, 0.0, 0.53, 0.22, negative
0.58, 0.6, 0.43, 0.12, 0.5, 0.0, 0.55, 0.22, negative
0.54, 0.65, 0.49, 0.34, 0.5, 0.0, 0.52, 0.22, negative
0.57, 0.59, 0.44, 0.16, 0.5, 0.0, 0.52, 0.22, negative
0.92, 0.61, 0.4, 0.22, 0.5, 0.0, 0.54, 0.22, negative
0.55, 0.56, 0.45, 0.14, 0.5, 0.0, 0.54, 0.22, negative
0.63, 0.61, 0.41, 0.22, 0.5, 0.0, 0.51, 0.22, negative
0.58, 0.53, 0.38, 0.18, 0.5, 0.0, 0.52, 0.22, negative
0.36, 0.46, 0.43, 0.19, 0.5, 0.0, 0.48, 0.22, negative
0.32, 0.47, 0.55, 0.12, 0.5, 0.0, 0.52, 0.22, negative
0.34, 0.38, 0.45, 0.19, 0.5, 0.0, 0.51, 0.22, negative
0.62, 0.58, 0.46, 0.13, 0.5, 0.0, 0.53, 0.22, negative
0.53, 0.68, 0.42, 0.19, 0.5, 0.0, 0.53, 0.22, negative
0.73, 0.55, 0.41, 0.16, 0.5, 0.0, 0.46, 0.22, negative
0.55, 0.46, 0.46, 0.31, 0.5, 0.0, 0.58, 0.48, positive
0.77, 0.8, 0.51, 0.4, 1.0, 0.0, 0.54, 0.22, negative
0.77, 0.87, 0.47, 0.37, 0.5, 0.0, 0.48, 0.22, negative
0.35, 0.46, 0.49, 0.15, 1.0, 0.0, 0.55, 0.35, negative
0.43, 0.51, 0.48, 0.14, 0.5, 0.0, 0.5, 0.22, negative
0.57, 0.61, 0.45, 0.26, 0.5, 0.0, 0.5, 0.22, negative
0.63, 0.62, 0.42, 0.12, 0.5, 0.0, 0.52, 0.25, negative
0.25, 0.4, 0.51, 0.18, 0.5, 0.0, 0.5, 0.27, negative
0.58, 0.6, 0.51, 0.24, 0.5, 0.0, 0.53, 0.22, negative
0.71, 0.59, 0.53, 0.15, 0.5, 0.0, 0.49, 0.33, negative
0.46, 0.35, 0.33, 0.17, 0.5, 0.0, 0.55, 0.22, negative
0.54, 0.55, 0.42, 0.22, 0.5, 0.0, 0.48, 0.22, negative
0.39, 0.44, 0.28, 0.12, 0.5, 0.0, 0.46, 0.27, negative
0.33, 0.44, 0.49, 0.08, 0.5, 0.0, 0.48, 0.49, positive
0.81, 0.82, 0.41, 0.36, 0.5, 0.0, 0.39, 0.22, negative
0.69, 0.6, 0.51, 0.13, 0.5, 0.83, 0.52, 0.22, negative
0.35, 0.36, 0.57, 0.17, 0.5, 0.0, 0.52, 0.22, negative
0.74, 0.72, 0.47, 0.25, 0.5, 0.0, 0.57, 0.22, negative
0.54, 0.57, 0.52, 0.19, 0.5, 0.0, 0.59, 0.67, positive
0.42, 0.52, 0.4, 0.17, 0.5, 0.0, 0.5, 0.26, negative
0.91, 0.77, 0.34, 0.47, 0.5, 0.0, 0.52, 0.31, negative
0.81, 0.9, 0.39, 0.41, 0.5, 0.0, 0.53, 0.22, negative
0.45, 0.4, 0.56, 0.14, 0.5, 0.0, 0.54, 0.22, negative
0.47, 0.47, 0.58, 0.16, 0.5, 0.0, 0.49, 0.28, negative
0.41, 0.39, 0.51, 0.52, 0.5, 0.0, 0.49, 0.22, negative
0.37, 0.34, 0.32, 0.22, 0.5, 0.0, 0.56, 0.22, negative
0.69, 0.6, 0.5, 0.31, 0.5, 0.0, 0.55, 0.22, negative
0.84, 0.66, 0.36, 0.78, 0.5, 0.0, 0.49, 0.5, negative
0.51, 0.58, 0.54, 0.29, 0.5, 0.0, 0.53, 0.22, negative
0.37, 0.43, 0.62, 0.27, 0.5, 0.0, 0.48, 0.22, positive
0.62, 0.58, 0.52, 0.15, 0.5, 0.0, 0.52, 0.29, negative
0.44, 0.51, 0.37, 0.15, 0.5, 0.0, 0.51, 0.22, negative
0.44, 0.44, 0.49, 0.15, 0.5, 0.0, 0.46, 0.27, positive
0.6, 0.6, 0.49, 0.3, 0.5, 0.0, 0.53, 0.22, positive
0.49, 0.46, 0.34, 0.21, 0.5, 0.0, 0.55, 0.22, negative
0.35, 0.68, 0.57, 0.4, 0.5, 0.0, 0.53, 0.36, positive
0.7, 0.69, 0.43, 0.33, 0.5, 0.0, 0.58, 0.22, negative
0.42, 0.39, 0.47, 0.13, 0.5, 0.0, 0.5, 0.27, negative
0.32, 0.38, 0.52, 0.2, 0.5, 0.0, 0.52, 0.28, negative
0.59, 0.65, 0.52, 0.3, 0.5, 0.0, 0.46, 0.31, negative
0.41, 0.52, 0.41, 0.11, 0.5, 0.0, 0.54, 0.35, negative
0.45, 0.56, 0.49, 0.17, 0.5, 0.0, 0.52, 0.22, negative
0.56, 0.54, 0.59, 0.14, 0.5, 0.0, 0.52, 0.27, positive
0.27, 0.51, 0.47, 0.35, 0.5, 0.0, 0.49, 0.28, positive
0.54, 0.56, 0.57, 0.18, 0.5, 0.0, 0.45, 0.25, positive
0.17, 0.38, 0.45, 0.09, 0.5, 0.0, 0.54, 0.27, positive
0.43, 0.51, 0.54, 0.15, 0.5, 0.0, 0.45, 0.26, positive
0.38, 0.47, 0.53, 0.12, 0.5, 0.0, 0.48, 0.22, negative
0.59, 0.43, 0.52, 0.19, 0.5, 0.0, 0.55, 0.27, negative
0.49, 0.31, 0.34, 0.13, 0.5, 0.0, 0.52, 0.22, negative
0.52, 0.51, 0.51, 0.12, 0.5, 0.0, 0.51, 0.4, negative
0.49, 0.43, 0.48, 0.15, 0.5, 0.0, 0.55, 0.25, negative
0.49, 0.47, 0.52, 0.16, 0.5, 0.0, 0.53, 0.28, negative
0.48, 0.39, 0.49, 0.18, 0.5, 0.0, 0.51, 0.22, negative
0.44, 0.34, 0.55, 0.18, 0.5, 0.0, 0.52, 0.22, negative
0.43, 0.54, 0.58, 0.16, 0.5, 0.0, 0.5, 0.36, positive
0.49, 0.42, 0.54, 0.17, 0.5, 0.0, 0.5, 0.36, negative
0.34, 0.66, 0.51, 0.16, 0.5, 0.0, 0.47, 0.33, positive
0.2, 0.34, 0.33, 0.1, 0.5, 0.0, 0.48, 0.31, negative
0.69, 0.48, 0.38, 0.15, 0.5, 0.0, 0.55, 0.22, negative
0.3, 0.5, 0.47, 0.11, 0.5, 0.0, 0.46, 0.22, negative
0.44, 0.51, 0.48, 0.38, 0.5, 0.0, 0.52, 0.22, negative
0.31, 0.45, 0.5, 0.17, 0.5, 0.0, 0.49, 0.22, negative
0.4, 0.34, 0.52, 0.17, 0.5, 0.0, 0.47, 0.51, positive
0.4, 0.48, 0.5, 0.17, 0.5, 0.0, 0.54, 0.5, negative
0.58, 0.48, 0.56, 0.1, 0.5, 0.0, 0.46, 0.25, positive
0.58, 0.48, 0.56, 0.12, 0.5, 0.0, 0.46, 0.25, positive
0.58, 0.45, 0.48, 0.24, 0.5, 0.0, 0.52, 0.37, negative
0.58, 0.41, 0.51, 0.26, 0.5, 0.0, 0.51, 0.37, negative
0.41, 0.6, 0.53, 0.29, 0.5, 0.0, 0.47, 0.43, positive
0.69, 0.5, 0.49, 0.42, 0.5, 0.0, 0.49, 0.22, negative
0.38, 0.49, 0.61, 0.13, 0.5, 0.0, 0.54, 0.22, negative
0.47, 0.49, 0.63, 0.17, 0.5, 0.0, 0.31, 0.26, positive
0.28, 0.51, 0.55, 0.11, 0.5, 0.0, 0.46, 0.22, positive
0.56, 0.57, 0.63, 0.39, 1.0, 0.0, 0.59, 0.4, positive
0.21, 0.38, 0.49, 0.16, 0.5, 0.0, 0.51, 0.45, negative
0.46, 0.57, 0.57, 0.15, 0.5, 0.0, 0.52, 0.26, positive
0.43, 0.42, 0.54, 0.22, 0.5, 0.0, 0.57, 0.33, positive
0.57, 0.59, 0.5, 0.58, 0.5, 0.0, 0.53, 0.22, negative
0.48, 0.34, 0.47, 0.14, 0.5, 0.0, 0.47, 0.26, negative
0.47, 0.45, 0.53, 0.62, 0.5, 0.0, 0.46, 0.22, negative
0.53, 0.43, 0.47, 0.15, 0.5, 0.0, 0.58, 0.22, negative
0.46, 0.45, 0.56, 0.16, 0.5, 0.0, 0.56, 0.22, negative
0.44, 0.42, 0.62, 0.14, 0.5, 0.0, 0.55, 0.37, positive
0.37, 0.34, 0.58, 0.24, 0.5, 0.0, 0.44, 0.18, positive
0.39, 0.39, 0.55, 0.52, 0.5, 0.0, 0.37, 0.16, positive
0.48, 0.46, 0.38, 0.29, 0.5, 0.0, 0.53, 0.22, negative
0.61, 0.57, 0.45, 0.21, 0.5, 0.0, 0.5, 0.42, positive
0.56, 0.44, 0.56, 0.19, 0.5, 0.0, 0.54, 0.22, negative
0.51, 0.63, 0.3, 0.35, 0.5, 0.0, 0.53, 0.27, negative
0.53, 0.68, 0.34, 0.42, 0.5, 0.0, 0.54, 0.27, negative
0.37, 0.22, 0.64, 0.35, 0.5, 0.0, 0.47, 0.22, positive
0.51, 0.48, 0.58, 0.22, 0.5, 0.0, 0.5, 0.28, positive
0.49, 0.37, 0.59, 0.17, 0.5, 0.0, 0.51, 0.22, positive
0.51, 0.48, 0.58, 0.22, 0.5, 0.0, 0.5, 0.28, positive
0.29, 0.68, 0.47, 0.26, 0.5, 0.0, 0.47, 0.37, positive
0.33, 0.28, 0.31, 0.24, 0.5, 0.0, 0.53, 0.22, negative
0.43, 0.39, 0.51, 0.28, 0.5, 0.0, 0.4, 0.22, positive
0.61, 0.54, 0.49, 0.16, 0.5, 0.0, 0.54, 0.42, negative
0.55, 0.53, 0.56, 0.29, 0.5, 0.0, 0.48, 0.22, negative
0.44, 0.41, 0.58, 0.2, 0.5, 0.0, 0.57, 0.25, negative
0.37, 0.62, 0.34, 0.25, 0.5, 0.0, 0.51, 0.22, negative
0.45, 0.56, 0.51, 0.64, 0.5, 0.0, 0.54, 0.22, negative
0.38, 0.46, 0.52, 0.75, 0.5, 0.0, 0.5, 0.26, negative
0.61, 0.54, 0.49, 0.19, 0.5, 0.0, 0.54, 0.47, negative
0.44, 0.53, 0.52, 0.37, 0.5, 0.0, 0.5, 0.22, positive
0.34, 0.34, 0.61, 0.18, 0.5, 0.0, 0.52, 0.32, positive
0.51, 0.68, 0.49, 0.59, 0.5, 0.0, 0.54, 0.27, negative
0.3, 0.5, 0.34, 0.26, 0.5, 0.0, 0.51, 0.22, negative
0.34, 0.4, 0.3, 0.23, 0.5, 0.0, 0.51, 0.22, negative
0.43, 0.44, 0.3, 0.18, 0.5, 0.0, 0.51, 0.22, negative
0.45, 0.57, 0.3, 0.17, 0.5, 0.0, 0.51, 0.22, negative
0.45, 0.57, 0.3, 0.17, 0.5, 0.0, 0.51, 0.22, negative
0.42, 0.44, 0.33, 0.17, 0.5, 0.0, 0.54, 0.27, negative
0.52, 0.5, 0.53, 0.1, 0.5, 0.0, 0.48, 0.22, negative
0.45, 0.54, 0.54, 0.62, 0.5, 0.0, 0.53, 0.22, negative
0.51, 0.43, 0.63, 0.18, 0.5, 0.0, 0.52, 0.22, negative
0.51, 0.52, 0.48, 0.5, 0.5, 0.0, 0.51, 0.22, negative
0.55, 0.49, 0.5, 0.46, 0.5, 0.0, 0.52, 0.25, negative
0.5, 0.46, 0.52, 0.16, 0.5, 0.0, 0.52, 0.26, negative
0.5, 0.53, 0.45, 0.44, 0.5, 0.0, 0.49, 0.22, negative
0.45, 0.59, 0.53, 0.74, 0.5, 0.0, 0.47, 0.25, negative
0.57, 0.61, 0.55, 0.67, 0.5, 0.0, 0.48, 0.22, negative
0.54, 0.45, 0.62, 0.13, 0.5, 0.0, 0.52, 0.26, positive
0.67, 0.51, 0.53, 0.28, 0.5, 0.0, 0.51, 0.22, negative
0.35, 0.49, 0.47, 0.22, 0.5, 0.0, 0.5, 0.28, negative
0.47, 0.63, 0.66, 0.45, 0.5, 0.0, 0.37, 0.11, negative
0.51, 0.34, 0.43, 0.18, 0.5, 0.0, 0.48, 0.25, negative
0.56, 0.45, 0.59, 0.14, 0.5, 0.0, 0.51, 0.26, positive
0.45, 0.38, 0.59, 0.18, 0.5, 0.0, 0.44, 0.45, positive
0.43, 0.51, 0.6, 0.25, 0.5, 0.0, 0.55, 0.22, negative
0.4, 0.45, 0.42, 0.17, 0.5, 0.0, 0.54, 0.26, negative
0.58, 0.55, 0.52, 0.22, 0.5, 0.0, 0.44, 0.22, negative
0.59, 0.57, 0.46, 0.14, 0.5, 0.0, 0.52, 0.22, negative
0.49, 0.41, 0.32, 0.21, 0.5, 0.0, 0.5, 0.32, negative
0.35, 0.53, 0.35, 0.33, 0.5, 0.0, 0.5, 0.32, negative
0.42, 0.32, 0.61, 0.13, 0.5, 0.0, 0.14, 0.27, positive
0.5, 0.46, 0.42, 0.32, 0.5, 0.0, 0.56, 0.55, negative
0.68, 0.5, 0.43, 0.27, 0.5, 0.0, 0.61, 0.22, negative
0.5, 0.45, 0.49, 0.3, 0.5, 0.0, 0.47, 0.4, positive
0.46, 0.41, 0.5, 0.44, 0.5, 0.0, 0.53, 0.22, negative
0.32, 0.36, 0.34, 0.19, 0.5, 0.0, 0.55, 0.26, negative
0.4, 0.51, 0.42, 0.13, 0.5, 0.0, 0.45, 0.25, negative
0.7, 0.73, 0.37, 0.37, 0.5, 0.0, 0.48, 0.31, negative
0.65, 0.61, 0.39, 0.3, 0.5, 0.0, 0.57, 0.28, negative
0.47, 0.43, 0.35, 0.32, 0.5, 0.0, 0.54, 0.22, negative
0.23, 0.34, 0.41, 0.28, 0.5, 0.0, 0.5, 0.27, positive
0.85, 0.56, 0.33, 0.38, 1.0, 0.0, 0.55, 0.25, negative
0.34, 0.31, 0.6, 0.37, 0.5, 0.0, 0.5, 0.3, positive
0.59, 0.53, 0.47, 0.26, 0.5, 0.0, 0.53, 0.31, positive
0.67, 0.63, 0.34, 0.41, 0.5, 0.0, 0.6, 0.33, negative
0.7, 0.73, 0.38, 0.36, 0.5, 0.0, 0.54, 0.22, negative
0.53, 0.5, 0.54, 0.56, 0.5, 0.0, 0.49, 0.41, negative
0.84, 0.63, 0.38, 0.23, 0.5, 0.0, 0.53, 0.22, negative
0.48, 0.43, 0.45, 0.17, 0.5, 0.0, 0.48, 0.37, negative
0.36, 0.35, 0.47, 0.22, 0.5, 0.0, 0.44, 0.31, negative
0.57, 0.49, 0.48, 0.16, 0.5, 0.0, 0.51, 0.22, positive
0.43, 0.52, 0.53, 0.52, 1.0, 0.0, 0.49, 0.22, negative
0.38, 0.49, 0.54, 1.0, 0.5, 0.0, 0.5, 0.27, negative
0.43, 0.32, 0.56, 0.27, 0.5, 0.0, 0.47, 0.27, positive
0.27, 0.56, 0.56, 0.18, 0.5, 0.0, 0.52, 0.22, negative
0.86, 0.92, 0.5, 0.37, 1.0, 0.0, 0.53, 0.32, negative
0.37, 0.55, 0.29, 0.32, 0.5, 0.0, 0.51, 0.22, negative
0.87, 0.83, 0.57, 0.36, 0.5, 0.0, 0.36, 0.22, negative
0.43, 0.45, 0.54, 0.14, 0.5, 0.0, 0.5, 0.31, negative
0.52, 0.48, 0.54, 0.28, 0.5, 0.0, 0.54, 0.22, positive
0.77, 0.6, 0.42, 0.33, 0.5, 0.0, 0.57, 0.22, negative
0.76, 0.74, 0.56, 0.34, 0.5, 0.0, 0.51, 0.3, negative
0.58, 0.76, 0.4, 0.37, 0.5, 0.0, 0.54, 0.3, negative
0.94, 0.6, 0.33, 0.49, 0.5, 0.0, 0.54, 0.22, negative
0.52, 0.48, 0.58, 0.55, 0.5, 0.0, 0.48, 0.22, negative
0.42, 0.32, 0.48, 0.16, 0.5, 0.0, 0.55, 0.22, negative
0.43, 0.38, 0.51, 0.24, 0.5, 0.0, 0.46, 0.33, positive
0.48, 0.57, 0.52, 0.61, 0.5, 0.0, 0.51, 0.22, negative
0.83, 0.53, 0.52, 0.2, 0.5, 0.0, 0.48, 0.25, negative
0.36, 0.34, 0.46, 0.19, 0.5, 0.0, 0.52, 0.22, negative
0.51, 0.43, 0.47, 0.19, 0.5, 0.0, 0.52, 0.37, negative
0.54, 0.54, 0.49, 0.14, 0.5, 0.0, 0.56, 0.22, negative
0.44, 0.41, 0.44, 0.13, 0.5, 0.0, 0.49, 0.42, positive
0.52, 0.62, 0.54, 0.19, 0.5, 0.0, 0.5, 0.22, negative
0.46, 0.4, 0.38, 0.18, 0.5, 0.0, 0.49, 0.22, negative
0.48, 0.48, 0.5, 0.47, 0.5, 0.0, 0.55, 0.22, negative
0.46, 0.14, 0.36, 0.21, 0.5, 0.0, 0.5, 0.25, negative
0.44, 0.53, 0.43, 0.17, 0.5, 0.0, 0.54, 0.75, positive
0.46, 0.47, 0.46, 0.16, 0.5, 0.0, 0.51, 0.22, negative
0.52, 0.49, 0.57, 0.57, 0.5, 0.0, 0.51, 0.22, positive
0.46, 0.32, 0.58, 0.17, 0.5, 0.0, 0.61, 0.25, positive
0.78, 0.48, 0.47, 0.3, 0.5, 0.0, 0.53, 0.47, negative
0.49, 0.62, 0.65, 0.18, 0.5, 0.0, 0.46, 0.43, positive
0.39, 0.37, 0.33, 0.23, 0.5, 0.0, 0.53, 0.26, negative
0.39, 0.37, 0.56, 0.15, 0.5, 0.0, 0.5, 0.27, negative
0.33, 0.37, 0.54, 0.28, 0.5, 0.0, 0.53, 0.27, positive
0.33, 0.38, 0.53, 0.26, 0.5, 0.0, 0.52, 0.27, positive
0.48, 0.51, 0.57, 0.24, 0.5, 0.0, 0.5, 0.22, negative
0.47, 0.54, 0.54, 0.48, 0.5, 0.0, 0.53, 0.26, negative
0.72, 0.58, 0.42, 0.28, 0.5, 0.0, 0.48, 0.22, negative
0.41, 0.41, 0.51, 0.19, 0.5, 0.0, 0.57, 0.22, negative
0.81, 0.65, 0.52, 0.41, 0.5, 0.0, 0.57, 0.26, negative
0.5, 0.49, 0.52, 0.2, 0.5, 0.0, 0.43, 0.52, positive
0.18, 0.48, 0.46, 0.12, 0.5, 0.0, 0.0, 0.25, positive
0.53, 0.51, 0.51, 0.11, 0.5, 0.0, 0.49, 0.41, positive
0.58, 0.49, 0.5, 0.41, 0.5, 0.0, 0.57, 0.22, negative
0.62, 0.6, 0.47, 0.16, 0.5, 0.0, 0.53, 0.22, negative
0.68, 0.58, 0.51, 0.19, 0.5, 0.83, 0.54, 0.22, negative
0.4, 0.52, 0.53, 0.52, 0.5, 0.0, 0.51, 0.22, negative
0.51, 0.47, 0.41, 0.44, 0.5, 0.0, 0.5, 0.22, negative
0.72, 0.56, 0.4, 0.26, 0.5, 0.0, 0.51, 0.26, negative
0.49, 0.44, 0.45, 0.22, 0.5, 0.0, 0.51, 0.22, negative
0.32, 0.47, 0.55, 0.25, 0.5, 0.0, 0.49, 0.22, negative
0.46, 0.57, 0.52, 0.28, 0.5, 0.0, 0.52, 0.22, positive
0.49, 0.48, 0.46, 0.63, 0.5, 0.0, 0.52, 0.22, negative
0.7, 0.53, 0.42, 0.22, 0.5, 0.0, 0.51, 0.28, positive
0.68, 0.68, 0.49, 0.15, 0.5, 0.0, 0.53, 0.22, negative
0.47, 0.6, 0.35, 0.21, 0.5, 0.0, 0.52, 0.22, negative
0.55, 0.49, 0.45, 0.18, 0.5, 0.0, 0.49, 0.22, positive
0.4, 0.53, 0.61, 0.21, 0.5, 0.0, 0.48, 0.33, positive
0.57, 0.44, 0.42, 0.2, 0.5, 0.0, 0.54, 0.22, negative
0.4, 0.47, 0.48, 0.18, 0.5, 0.0, 0.46, 0.22, negative
0.34, 0.54, 0.54, 0.13, 0.5, 0.0, 0.52, 0.22, negative
0.43, 0.83, 0.55, 0.2, 0.5, 0.0, 0.47, 0.4, positive
0.29, 0.46, 0.54, 0.27, 0.5, 0.0, 0.49, 0.22, negative
0.8, 0.81, 0.55, 0.35, 0.5, 0.0, 0.42, 0.22, negative
0.79, 0.74, 0.49, 0.33, 0.5, 0.0, 0.48, 0.22, negative
0.45, 0.48, 0.63, 0.67, 0.5, 0.0, 0.48, 0.22, negative
0.66, 0.52, 0.52, 0.44, 0.5, 0.0, 0.56, 0.27, negative
0.5, 0.49, 0.59, 0.47, 0.5, 0.0, 0.49, 0.36, negative
0.37, 0.31, 0.53, 0.16, 0.5, 0.0, 0.53, 0.44, positive
0.43, 0.39, 0.59, 0.13, 0.5, 0.0, 0.41, 0.43, positive
0.48, 0.47, 0.54, 0.55, 0.5, 0.0, 0.51, 0.65, negative
0.6, 0.59, 0.45, 0.23, 0.5, 0.0, 0.55, 0.22, negative
0.66, 0.54, 0.49, 0.16, 0.5, 0.0, 0.54, 0.36, positive
0.46, 0.55, 0.61, 0.13, 0.5, 0.0, 0.47, 0.22, negative
0.66, 0.66, 0.32, 0.54, 0.5, 0.0, 0.51, 0.22, negative
0.74, 0.56, 0.35, 0.36, 0.5, 0.0, 0.51, 0.25, negative
0.89, 0.52, 0.41, 0.26, 0.5, 0.0, 0.52, 0.31, negative
0.67, 0.51, 0.54, 0.21, 0.5, 0.0, 0.43, 0.3, negative
0.58, 0.46, 0.46, 0.34, 0.5, 0.0, 0.5, 0.43, positive
0.4, 0.68, 0.5, 0.82, 0.5, 0.0, 0.44, 0.36, negative
0.59, 0.57, 0.43, 0.26, 0.5, 0.0, 0.51, 0.22, negative
0.39, 0.3, 0.56, 0.12, 0.5, 0.0, 0.53, 0.38, positive
0.6, 0.62, 0.54, 0.4, 0.5, 0.0, 0.5, 0.22, negative
0.36, 0.4, 0.53, 0.48, 0.5, 0.0, 0.48, 0.22, negative
0.51, 0.42, 0.56, 0.38, 0.5, 0.0, 0.46, 0.22, negative
0.41, 0.54, 0.58, 0.2, 0.5, 0.0, 0.52, 0.22, negative
0.57, 0.4, 0.62, 0.3, 0.5, 0.0, 0.48, 0.11, negative
0.42, 0.53, 0.53, 0.64, 0.5, 0.0, 0.47, 0.22, negative
0.6, 0.51, 0.6, 0.38, 0.5, 0.83, 0.52, 0.24, negative
0.6, 0.57, 0.64, 0.52, 0.5, 0.0, 0.47, 0.28, negative
0.53, 0.42, 0.58, 0.29, 0.5, 0.0, 0.5, 0.22, negative
0.41, 0.52, 0.53, 0.41, 0.5, 0.0, 0.39, 0.33, negative
0.45, 0.43, 0.63, 0.4, 0.5, 0.0, 0.59, 0.11, negative
0.44, 0.44, 0.67, 0.35, 0.5, 0.0, 0.48, 0.26, negative
0.58, 0.52, 0.61, 0.33, 0.5, 0.0, 0.38, 0.11, negative
0.57, 0.61, 0.55, 0.27, 0.5, 0.0, 0.44, 0.21, negative
0.57, 0.58, 0.58, 0.35, 0.5, 0.0, 0.49, 0.22, negative
0.64, 0.64, 0.56, 0.21, 0.5, 0.0, 0.5, 0.22, negative
0.56, 0.5, 0.61, 0.49, 0.5, 0.0, 0.46, 0.28, negative
0.6, 0.46, 0.59, 0.16, 0.5, 0.0, 0.49, 0.22, negative
0.36, 0.38, 0.56, 0.44, 0.5, 0.0, 0.48, 0.22, negative
0.53, 0.52, 0.61, 0.35, 0.5, 0.0, 0.5, 0.22, negative
0.62, 0.59, 0.54, 0.47, 0.5, 0.0, 0.46, 0.22, negative
0.55, 0.5, 0.6, 0.31, 0.5, 0.0, 0.46, 0.27, negative
0.58, 0.53, 0.57, 0.46, 0.5, 0.0, 0.51, 0.27, negative
0.65, 0.53, 0.55, 0.52, 0.5, 0.0, 0.47, 0.27, negative
0.38, 0.54, 0.54, 0.41, 0.5, 0.0, 0.51, 0.22, negative
0.58, 0.53, 0.5, 0.53, 0.5, 0.0, 0.47, 0.31, negative
0.61, 0.46, 0.51, 0.37, 0.5, 0.0, 0.51, 0.22, negative
0.55, 0.59, 0.47, 0.64, 0.5, 0.0, 0.54, 0.33, negative
0.76, 0.76, 0.35, 0.27, 0.5, 0.0, 0.44, 0.22, negative
0.43, 0.32, 0.5, 0.29, 0.5, 0.0, 0.5, 0.22, negative
0.49, 0.44, 0.45, 0.55, 0.5, 0.0, 0.48, 0.22, negative
0.32, 0.45, 0.44, 0.2, 0.5, 0.0, 0.55, 0.33, positive
0.51, 0.6, 0.51, 0.26, 0.5, 0.0, 0.54, 0.22, positive
0.49, 0.46, 0.42, 0.46, 0.5, 0.0, 0.55, 0.22, positive
0.5, 0.56, 0.49, 0.61, 0.5, 0.0, 0.5, 0.22, negative
0.51, 0.48, 0.51, 0.43, 0.5, 0.0, 0.49, 0.22, negative
0.52, 0.38, 0.62, 0.12, 0.5, 0.0, 0.41, 0.28, positive
0.53, 0.4, 0.57, 0.12, 0.5, 0.0, 0.53, 0.32, positive
0.51, 0.56, 0.62, 0.24, 0.5, 0.0, 0.52, 0.51, positive
0.46, 0.44, 0.53, 0.31, 0.5, 0.0, 0.48, 0.22, negative
0.58, 0.57, 0.54, 0.69, 0.5, 0.0, 0.54, 0.22, negative
0.61, 0.59, 0.47, 0.49, 0.5, 0.0, 0.54, 0.22, negative
0.55, 0.53, 0.54, 0.4, 0.5, 0.0, 0.48, 0.22, negative
0.41, 0.47, 0.58, 0.62, 0.5, 0.0, 0.5, 0.22, negative
0.44, 0.53, 0.53, 0.37, 0.5, 0.0, 0.51, 0.22, negative
0.57, 0.4, 0.48, 0.24, 0.5, 0.0, 0.55, 0.22, negative
0.46, 0.46, 0.56, 0.12, 0.5, 0.0, 0.55, 0.22, negative
0.39, 0.35, 0.49, 0.17, 0.5, 0.0, 0.49, 0.22, positive
0.58, 0.38, 0.4, 0.21, 0.5, 0.0, 0.5, 0.22, negative
0.43, 0.4, 0.5, 0.18, 0.5, 0.0, 0.5, 0.28, negative
0.58, 0.56, 0.52, 0.25, 0.5, 0.0, 0.57, 0.35, positive
0.51, 0.65, 0.53, 0.19, 0.5, 0.0, 0.49, 0.22, negative
0.81, 0.79, 0.32, 0.37, 0.5, 0.0, 0.41, 0.22, negative
0.44, 0.41, 0.29, 0.21, 0.5, 0.0, 0.49, 0.22, negative
0.49, 0.6, 0.55, 0.17, 0.5, 0.0, 0.44, 0.22, negative
0.56, 0.63, 0.52, 0.2, 0.5, 0.0, 0.34, 0.26, positive
0.51, 0.46, 0.54, 0.41, 0.5, 0.0, 0.53, 0.22, negative
0.6, 0.51, 0.52, 0.45, 0.5, 0.0, 0.5, 0.27, negative
0.37, 0.41, 0.45, 0.14, 0.5, 0.0, 0.47, 0.22, negative
0.37, 0.51, 0.57, 0.4, 0.5, 0.0, 0.48, 0.27, negative
0.36, 0.39, 0.55, 0.26, 0.5, 0.0, 0.49, 0.22, positive
0.5, 0.36, 0.53, 0.41, 0.5, 0.0, 0.55, 0.36, negative
0.59, 0.58, 0.39, 0.52, 0.5, 0.0, 0.5, 0.31, negative
0.78, 0.63, 0.53, 0.13, 0.5, 0.0, 0.54, 0.22, negative
0.47, 0.59, 0.37, 0.31, 0.5, 0.0, 0.51, 0.36, positive
0.48, 0.62, 0.52, 0.3, 0.5, 0.0, 0.51, 0.37, positive
0.53, 0.61, 0.51, 0.49, 0.5, 0.0, 0.54, 0.27, negative
0.48, 0.54, 0.53, 0.6, 0.5, 0.0, 0.53, 0.31, positive
0.33, 0.46, 0.53, 0.29, 0.5, 0.0, 0.5, 0.55, positive
0.36, 0.44, 0.51, 0.17, 0.5, 0.0, 0.6, 0.19, positive
0.39, 0.34, 0.68, 0.3, 0.5, 0.0, 0.5, 0.29, positive
0.11, 0.41, 0.67, 0.13, 0.5, 0.0, 0.45, 0.29, positive
0.4, 0.53, 0.44, 0.18, 0.5, 0.0, 0.54, 0.31, positive
0.47, 0.5, 0.55, 0.19, 0.5, 0.0, 0.62, 0.22, negative
0.35, 0.5, 0.44, 0.27, 0.5, 0.0, 0.51, 0.22, negative
0.36, 0.3, 0.5, 0.19, 0.5, 0.0, 0.55, 0.3, positive
0.49, 0.44, 0.51, 0.18, 0.5, 0.0, 0.52, 0.27, negative
0.35, 0.44, 0.54, 0.26, 0.5, 0.0, 0.52, 0.26, positive
0.33, 0.48, 0.55, 0.16, 0.5, 0.0, 0.53, 0.75, positive
0.45, 0.21, 0.49, 0.24, 0.5, 0.0, 0.46, 0.31, positive
0.44, 0.34, 0.61, 0.13, 0.5, 0.0, 0.49, 0.26, positive
0.3, 0.55, 0.58, 0.16, 0.5, 0.0, 0.61, 0.28, positive
0.47, 0.47, 0.5, 0.15, 0.5, 0.0, 0.5, 0.48, positive
0.51, 0.34, 0.49, 0.16, 0.5, 0.0, 0.53, 0.21, positive
0.64, 0.76, 0.51, 0.18, 0.5, 0.0, 0.46, 0.22, positive
0.88, 0.59, 0.54, 0.39, 0.5, 0.0, 0.41, 0.3, positive
0.7, 0.51, 0.47, 0.24, 0.5, 0.0, 0.53, 0.25, positive
0.25, 0.36, 0.58, 0.3, 0.5, 0.0, 0.58, 0.31, positive
0.69, 0.62, 0.49, 0.0, 1.0, 0.0, 0.47, 0.22, positive
0.43, 0.38, 0.38, 0.12, 0.5, 0.0, 0.5, 0.22, negative
0.78, 0.65, 0.4, 0.16, 0.5, 0.0, 0.63, 0.22, negative
0.52, 0.64, 0.34, 0.16, 0.5, 0.0, 0.57, 0.22, negative
0.75, 0.66, 0.64, 0.39, 0.5, 0.0, 0.46, 0.32, negative
0.41, 0.49, 0.58, 0.22, 0.5, 0.0, 0.52, 0.22, negative
0.58, 0.51, 0.56, 0.16, 0.5, 0.0, 0.34, 0.22, positive
0.48, 0.49, 0.45, 0.23, 0.5, 0.0, 0.51, 0.22, negative
0.76, 0.67, 0.37, 0.22, 0.5, 0.0, 0.54, 0.22, negative
0.49, 0.27, 0.57, 0.18, 0.5, 0.83, 0.54, 0.22, negative
0.69, 0.39, 0.52, 0.12, 0.5, 0.0, 0.38, 0.35, negative
0.64, 0.52, 0.5, 0.26, 0.5, 0.0, 0.51, 0.31, positive
0.56, 0.48, 0.5, 0.3, 0.5, 0.0, 0.51, 0.22, negative
0.47, 0.43, 0.59, 0.27, 0.5, 0.0, 0.55, 0.22, negative
0.68, 0.59, 0.44, 0.49, 0.5, 0.0, 0.4, 0.26, negative
0.5, 0.51, 0.57, 0.27, 0.5, 0.0, 0.48, 0.22, negative
0.45, 0.46, 0.61, 0.2, 0.5, 0.0, 0.62, 0.22, negative
0.53, 0.51, 0.36, 0.13, 0.5, 0.0, 0.52, 0.22, negative
0.6, 0.54, 0.54, 0.53, 0.5, 0.0, 0.52, 0.27, negative
0.49, 0.52, 0.53, 0.7, 0.5, 0.0, 0.51, 0.22, negative
0.49, 0.45, 0.53, 0.16, 0.5, 0.0, 0.49, 0.31, negative
0.51, 0.46, 0.57, 0.25, 0.5, 0.0, 0.53, 0.22, negative
0.52, 0.46, 0.51, 0.18, 0.5, 0.0, 0.5, 0.22, negative
0.55, 0.59, 0.52, 0.1, 0.5, 0.0, 0.53, 0.22, negative
0.39, 0.58, 0.5, 0.1, 0.5, 0.0, 0.51, 0.25, negative
0.7, 0.84, 0.49, 0.28, 1.0, 0.0, 0.58, 0.22, negative
0.33, 0.38, 0.45, 0.19, 0.5, 0.0, 0.54, 0.37, positive
0.61, 0.46, 0.44, 0.47, 0.5, 0.0, 0.5, 0.37, positive
0.41, 0.48, 0.38, 0.13, 0.5, 0.0, 0.51, 0.35, negative
0.37, 0.42, 0.6, 0.13, 0.5, 0.0, 0.51, 0.22, positive
0.45, 0.58, 0.59, 0.44, 0.5, 0.0, 0.56, 0.22, negative
0.74, 0.89, 0.32, 0.24, 0.5, 0.0, 0.54, 0.32, negative
0.28, 0.46, 0.26, 0.18, 0.5, 0.0, 0.39, 0.22, negative
0.51, 0.46, 0.49, 0.21, 0.5, 0.0, 0.55, 0.22, negative
0.8, 0.82, 0.57, 0.26, 0.5, 0.0, 0.57, 0.27, negative
0.46, 0.49, 0.45, 0.28, 0.5, 0.0, 0.55, 0.22, negative
0.67, 0.46, 0.58, 0.3, 0.5, 0.0, 0.57, 0.27, positive
0.5, 0.32, 0.49, 0.49, 0.5, 0.0, 0.48, 0.32, negative
0.45, 0.53, 0.47, 0.43, 0.5, 0.0, 0.5, 0.27, negative
0.75, 0.6, 0.43, 0.35, 0.5, 0.0, 0.45, 0.27, negative
0.56, 0.68, 0.52, 0.39, 0.5, 0.0, 0.36, 0.22, negative
0.59, 0.45, 0.58, 0.21, 0.5, 0.0, 0.49, 0.22, negative
0.48, 0.52, 0.49, 0.35, 0.5, 0.5, 0.51, 0.22, negative
0.59, 0.58, 0.47, 0.61, 0.5, 0.0, 0.44, 0.3, negative
0.5, 0.57, 0.62, 0.25, 0.5, 0.0, 0.51, 0.22, negative
0.57, 0.49, 0.5, 0.2, 0.5, 0.0, 0.51, 0.28, negative
0.62, 0.43, 0.49, 0.29, 0.5, 0.0, 0.5, 0.27, negative
0.45, 0.41, 0.49, 0.14, 1.0, 0.0, 0.53, 0.3, negative
0.47, 0.49, 0.6, 0.15, 0.5, 0.0, 0.38, 0.22, negative
0.41, 0.48, 0.54, 0.24, 0.5, 0.0, 0.37, 0.51, positive
0.46, 0.46, 0.53, 0.23, 0.5, 0.0, 0.51, 0.22, negative
0.48, 0.42, 0.48, 0.19, 0.5, 0.0, 0.58, 0.22, negative
0.43, 0.45, 0.53, 0.19, 0.5, 0.0, 0.56, 0.22, negative
0.28, 0.36, 0.55, 0.15, 0.5, 0.0, 0.57, 0.22, negative
0.48, 0.46, 0.58, 0.26, 0.5, 0.0, 0.44, 0.22, positive
0.74, 0.72, 0.5, 0.28, 0.5, 0.0, 0.5, 0.27, negative
0.74, 0.72, 0.5, 0.28, 0.5, 0.0, 0.49, 0.27, negative
0.44, 0.42, 0.57, 0.22, 0.5, 0.0, 0.5, 0.25, positive
0.74, 0.74, 0.51, 0.27, 0.5, 0.0, 0.5, 0.22, negative
0.39, 0.81, 0.35, 0.28, 0.5, 0.0, 0.51, 0.45, negative
0.53, 0.54, 0.43, 0.18, 0.5, 0.0, 0.53, 0.31, positive
0.38, 0.45, 0.37, 0.19, 0.5, 0.0, 0.52, 0.3, negative
0.4, 0.37, 0.54, 0.13, 0.5, 0.0, 0.48, 0.22, positive
0.31, 0.3, 0.34, 0.19, 0.5, 0.0, 0.55, 0.3, negative
0.59, 0.61, 0.51, 0.62, 0.5, 0.0, 0.51, 0.38, negative
0.45, 0.4, 0.43, 0.22, 0.5, 0.0, 0.51, 0.48, positive
0.77, 0.78, 0.51, 0.28, 0.5, 0.0, 0.33, 0.22, negative
0.74, 0.71, 0.52, 0.3, 0.5, 0.0, 0.27, 0.22, negative
0.77, 0.73, 0.51, 0.27, 0.5, 0.0, 0.34, 0.22, negative
0.47, 0.61, 0.5, 0.23, 0.5, 0.0, 0.49, 0.22, negative
0.78, 0.69, 0.44, 0.26, 0.5, 0.0, 0.54, 0.22, negative
0.49, 0.6, 0.3, 0.34, 0.5, 0.0, 0.5, 0.43, negative
0.55, 0.51, 0.54, 0.2, 0.5, 0.0, 0.56, 0.22, negative
0.95, 0.71, 0.27, 0.39, 0.5, 0.0, 0.31, 0.22, negative
0.44, 0.43, 0.34, 0.21, 0.5, 0.0, 0.55, 0.4, negative
0.39, 0.49, 0.3, 0.19, 0.5, 0.0, 0.52, 0.31, negative
0.38, 0.48, 0.51, 0.13, 0.5, 0.0, 0.5, 0.32, positive
0.37, 0.51, 0.39, 0.18, 0.5, 0.0, 0.51, 0.27, negative
0.27, 0.49, 0.36, 0.26, 0.5, 0.0, 0.49, 0.26, negative
0.49, 0.48, 0.52, 0.2, 0.5, 0.0, 0.55, 0.22, positive
0.37, 0.48, 0.5, 0.26, 0.5, 0.0, 0.52, 0.39, positive
0.56, 0.5, 0.56, 0.26, 0.5, 0.0, 0.53, 0.27, positive
0.41, 0.53, 0.41, 0.15, 0.5, 0.0, 0.54, 0.25, positive
0.46, 0.37, 0.48, 0.36, 0.5, 0.0, 0.48, 0.22, negative
0.66, 0.55, 0.34, 0.2, 0.5, 0.0, 0.62, 0.22, negative
0.45, 0.47, 0.53, 0.15, 0.5, 0.0, 0.52, 0.27, negative
0.42, 0.28, 0.51, 0.23, 0.5, 0.0, 0.53, 0.27, positive
0.51, 0.48, 0.46, 0.29, 0.5, 0.0, 0.54, 0.22, negative
0.75, 0.69, 0.48, 0.13, 0.5, 0.0, 0.57, 0.4, negative
0.69, 0.7, 0.5, 0.3, 0.5, 0.0, 0.54, 0.22, negative
0.63, 0.55, 0.53, 0.51, 0.5, 0.0, 0.55, 0.22, negative
0.55, 0.63, 0.54, 0.16, 0.5, 0.0, 0.45, 0.27, negative
0.46, 0.62, 0.54, 0.25, 0.5, 0.0, 0.46, 0.22, negative
0.53, 0.59, 0.48, 0.14, 0.5, 0.0, 0.51, 0.22, negative
0.42, 0.53, 0.57, 0.17, 0.5, 0.0, 0.49, 0.22, negative
0.52, 0.46, 0.56, 0.2, 0.5, 0.0, 0.5, 0.22, negative
0.53, 0.43, 0.57, 0.24, 0.5, 0.0, 0.39, 0.28, negative
0.33, 0.35, 0.56, 0.19, 0.5, 0.0, 0.5, 0.22, positive
0.45, 0.48, 0.56, 0.56, 0.5, 0.0, 0.47, 0.22, positive
0.77, 0.57, 0.45, 0.17, 0.5, 0.0, 0.53, 0.22, negative
0.56, 0.59, 0.54, 0.18, 0.5, 0.0, 0.48, 0.46, positive
0.33, 0.39, 0.52, 0.09, 0.5, 0.0, 0.47, 0.28, positive
0.48, 0.41, 0.54, 0.39, 0.5, 0.0, 0.51, 0.22, positive
0.3, 0.3, 0.46, 0.32, 0.5, 0.0, 0.45, 0.22, positive
0.38, 0.26, 0.6, 0.1, 0.5, 0.0, 0.48, 0.44, positive
0.68, 0.39, 0.5, 0.15, 0.5, 0.0, 0.48, 0.37, positive
0.32, 0.48, 0.49, 0.17, 0.5, 0.0, 0.47, 0.22, positive
0.34, 0.35, 0.58, 0.2, 0.5, 0.0, 0.46, 0.32, positive
0.33, 0.21, 0.53, 0.15, 1.0, 0.0, 0.52, 0.5, positive
0.49, 0.45, 0.57, 0.24, 0.5, 0.0, 0.47, 0.38, positive
0.4, 0.28, 0.48, 0.06, 0.5, 0.0, 0.49, 0.42, positive
0.51, 0.39, 0.56, 0.25, 0.5, 0.0, 0.51, 0.33, positive
0.45, 0.45, 0.52, 0.17, 0.5, 0.0, 0.54, 0.22, negative
0.28, 0.51, 0.55, 0.19, 0.5, 0.0, 0.57, 0.22, negative
0.51, 0.51, 0.56, 0.28, 0.5, 0.0, 0.54, 0.27, negative
0.48, 0.56, 0.49, 0.32, 0.5, 0.0, 0.5, 0.22, negative
0.51, 0.46, 0.4, 0.65, 0.5, 0.0, 0.49, 0.22, negative
0.37, 0.44, 0.51, 0.56, 0.5, 0.0, 0.5, 0.38, positive
0.53, 0.45, 0.53, 0.18, 0.5, 0.0, 0.42, 0.22, negative
0.45, 0.27, 0.5, 0.33, 0.5, 0.0, 0.53, 0.26, negative
0.36, 0.33, 0.38, 0.15, 0.5, 0.0, 0.55, 0.36, negative
0.35, 0.47, 0.53, 0.19, 0.5, 0.0, 0.48, 0.22, negative
0.48, 0.48, 0.56, 0.18, 0.5, 0.0, 0.58, 0.22, negative
0.6, 0.59, 0.47, 0.47, 0.5, 0.0, 0.53, 0.22, negative
0.45, 0.53, 0.51, 0.42, 0.5, 0.0, 0.52, 0.22, negative
0.29, 0.4, 0.41, 0.48, 0.5, 0.0, 0.53, 0.3, positive
0.58, 0.53, 0.33, 0.26, 0.5, 0.0, 0.51, 0.22, negative
0.46, 0.43, 0.5, 0.24, 0.5, 0.0, 0.48, 0.31, negative
0.43, 0.46, 0.5, 0.21, 0.5, 0.0, 0.49, 0.34, negative
0.61, 0.55, 0.51, 0.26, 0.5, 0.0, 0.52, 0.22, negative
0.5, 0.62, 0.52, 0.3, 0.5, 0.0, 0.56, 0.22, negative
0.49, 0.45, 0.54, 0.4, 0.5, 0.0, 0.55, 0.22, negative
0.64, 0.53, 0.59, 0.14, 0.5, 0.0, 0.53, 0.22, negative
0.57, 0.6, 0.54, 0.17, 0.5, 0.0, 0.52, 0.22, negative
0.38, 0.31, 0.59, 0.19, 0.5, 0.0, 0.46, 0.22, negative
0.68, 0.53, 0.44, 0.31, 0.5, 0.0, 0.51, 0.22, negative
0.24, 0.41, 0.47, 0.16, 0.5, 0.0, 0.51, 0.38, positive
0.33, 0.28, 0.5, 0.4, 0.5, 0.0, 0.46, 0.61, positive
0.51, 0.55, 0.56, 0.18, 0.5, 0.0, 0.5, 0.38, positive
0.39, 0.44, 0.54, 0.24, 0.5, 0.0, 0.51, 0.49, positive
0.43, 0.48, 0.53, 0.18, 0.5, 0.0, 0.46, 0.22, positive
0.47, 0.43, 0.48, 0.16, 0.5, 0.0, 0.46, 0.27, positive
0.52, 0.5, 0.51, 0.2, 0.5, 0.0, 0.51, 0.22, positive
0.33, 0.28, 0.52, 0.15, 0.5, 0.0, 0.51, 0.86, positive
0.36, 0.48, 0.5, 0.13, 0.5, 0.0, 0.49, 0.6, positive
0.45, 0.54, 0.49, 0.29, 0.5, 0.0, 0.49, 0.25, positive
0.55, 0.59, 0.53, 0.15, 0.5, 0.0, 0.49, 0.22, positive
0.31, 0.39, 0.55, 0.28, 0.5, 0.0, 0.46, 0.31, positive
0.43, 0.41, 0.51, 0.34, 0.5, 0.0, 0.49, 0.28, positive
0.64, 0.5, 0.53, 0.1, 0.5, 0.0, 0.51, 0.22, positive
0.41, 0.52, 0.56, 0.26, 0.5, 0.0, 0.48, 0.32, positive
0.48, 0.47, 0.59, 0.41, 0.5, 0.0, 0.56, 0.27, positive
0.49, 0.49, 0.51, 0.29, 0.5, 0.0, 0.52, 0.71, positive
0.41, 0.52, 0.51, 0.22, 0.5, 0.0, 0.52, 0.44, positive
0.51, 0.61, 0.5, 0.23, 0.5, 0.0, 0.52, 0.61, positive
0.59, 0.47, 0.51, 0.53, 0.5, 0.0, 0.53, 0.26, negative
0.4, 0.6, 0.5, 0.16, 0.5, 0.0, 0.51, 0.22, negative
0.54, 0.53, 0.53, 0.17, 0.5, 0.0, 0.51, 0.39, positive
0.61, 0.46, 0.54, 0.11, 0.5, 0.0, 0.47, 0.22, negative
0.66, 0.55, 0.54, 0.18, 0.5, 0.0, 0.43, 0.22, negative
0.41, 0.41, 0.43, 0.61, 0.5, 0.0, 0.53, 0.22, negative
0.58, 0.31, 0.6, 0.12, 0.5, 0.0, 0.47, 0.33, positive
0.49, 0.67, 0.5, 0.28, 0.5, 0.0, 0.43, 0.22, positive
0.44, 0.33, 0.55, 0.16, 0.5, 0.0, 0.49, 0.22, positive
0.44, 0.45, 0.53, 0.19, 0.5, 0.0, 0.41, 0.28, positive
0.57, 0.55, 0.52, 0.16, 0.5, 0.0, 0.49, 0.39, positive
0.45, 0.66, 0.39, 0.11, 0.5, 0.0, 0.54, 0.22, negative
0.32, 0.49, 0.53, 0.28, 0.5, 0.0, 0.5, 0.5, positive
0.35, 0.42, 0.56, 0.28, 0.5, 0.0, 0.47, 0.22, positive
0.57, 0.51, 0.58, 0.22, 0.5, 0.0, 0.51, 0.22, positive
0.47, 0.47, 0.54, 0.19, 0.5, 0.0, 0.51, 0.33, positive
0.34, 0.58, 0.5, 0.26, 0.5, 0.0, 0.51, 0.22, positive
0.55, 0.45, 0.58, 0.25, 0.5, 0.0, 0.49, 0.22, positive
0.4, 0.66, 0.34, 0.21, 0.5, 0.0, 0.52, 0.26, positive
0.42, 0.21, 0.59, 0.3, 0.5, 0.0, 0.47, 0.27, positive
0.6, 0.48, 0.46, 0.32, 0.5, 0.0, 0.4, 0.33, negative
0.35, 0.4, 0.44, 0.25, 0.5, 0.0, 0.53, 0.57, positive
0.55, 0.38, 0.64, 0.42, 0.5, 0.0, 0.47, 0.22, negative
0.45, 0.43, 0.5, 0.25, 0.5, 0.0, 0.47, 0.22, negative
0.47, 0.53, 0.48, 0.51, 0.5, 0.0, 0.54, 0.22, negative
0.45, 0.49, 0.57, 0.25, 0.5, 0.0, 0.48, 0.22, positive
0.56, 0.51, 0.32, 0.49, 0.5, 0.0, 0.48, 0.22, positive
0.37, 0.58, 0.5, 0.22, 0.5, 0.0, 0.47, 0.22, positive
0.47, 0.45, 0.51, 0.33, 0.5, 0.0, 0.46, 0.26, positive
0.5, 0.36, 0.64, 0.37, 0.5, 0.0, 0.37, 0.33, positive
0.43, 0.44, 0.64, 0.19, 0.5, 0.0, 0.38, 0.33, positive
0.38, 0.4, 0.59, 0.25, 0.5, 0.0, 0.44, 0.22, negative
0.39, 0.39, 0.59, 0.25, 0.5, 0.0, 0.45, 0.22, negative
0.54, 0.55, 0.56, 0.14, 0.5, 0.0, 0.5, 0.25, negative
0.45, 0.5, 0.57, 0.29, 0.5, 0.0, 0.44, 0.11, negative
0.45, 0.5, 0.57, 0.29, 0.5, 0.0, 0.44, 0.11, negative
0.61, 0.38, 0.57, 0.36, 0.5, 0.0, 0.44, 0.21, negative
0.43, 0.33, 0.54, 0.37, 0.5, 0.0, 0.38, 0.16, negative
0.43, 0.33, 0.54, 0.37, 0.5, 0.0, 0.38, 0.16, negative
0.51, 0.39, 0.58, 0.19, 0.5, 0.0, 0.47, 0.22, negative
0.72, 0.51, 0.52, 0.08, 0.5, 0.0, 0.54, 0.22, positive
0.56, 0.49, 0.54, 0.15, 0.5, 0.0, 0.5, 0.35, positive
0.57, 0.37, 0.43, 0.27, 0.5, 0.0, 0.53, 0.28, positive
0.57, 0.49, 0.61, 0.26, 0.5, 0.0, 0.52, 0.22, positive
0.48, 0.45, 0.63, 0.19, 0.5, 0.0, 0.58, 0.22, positive
0.34, 0.48, 0.47, 0.19, 0.5, 0.0, 0.5, 0.3, positive
0.54, 0.57, 0.55, 0.18, 0.5, 0.0, 0.5, 0.22, positive
0.38, 0.44, 0.55, 0.44, 0.5, 0.0, 0.47, 0.51, positive
0.4, 0.3, 0.57, 0.13, 0.5, 0.0, 0.46, 0.22, positive
0.27, 0.31, 0.55, 0.13, 0.5, 0.0, 0.5, 0.22, positive
0.52, 0.46, 0.56, 0.25, 0.5, 0.0, 0.52, 0.22, positive
0.34, 0.47, 0.48, 0.32, 0.5, 0.0, 0.42, 0.22, positive
0.5, 0.56, 0.63, 0.25, 0.5, 0.0, 0.42, 0.22, positive
0.46, 0.53, 0.47, 0.37, 0.5, 0.0, 0.51, 0.36, positive
0.31, 0.6, 0.65, 0.18, 0.5, 0.0, 0.46, 0.22, positive
0.57, 0.42, 0.63, 0.22, 0.5, 0.0, 0.68, 0.32, positive
0.37, 0.45, 0.53, 0.14, 0.5, 0.0, 0.49, 0.22, positive
0.38, 0.38, 0.54, 0.24, 0.5, 0.0, 0.54, 0.22, positive
0.29, 0.4, 0.5, 0.16, 0.5, 0.0, 0.51, 0.34, positive
0.37, 0.3, 0.51, 0.15, 0.5, 0.0, 0.58, 0.26, positive
0.35, 0.33, 0.48, 0.42, 0.5, 0.0, 0.47, 0.43, negative
0.46, 0.35, 0.69, 0.18, 0.5, 0.0, 0.3, 0.25, negative
0.46, 0.35, 0.69, 0.18, 0.5, 0.0, 0.3, 0.25, negative
0.57, 0.43, 0.52, 0.3, 0.5, 0.0, 0.37, 0.11, negative
0.57, 0.43, 0.52, 0.3, 0.5, 0.0, 0.37, 0.11, negative
0.59, 0.51, 0.48, 0.12, 0.5, 0.0, 0.54, 0.31, negative
0.59, 0.51, 0.48, 0.12, 0.5, 0.0, 0.54, 0.31, negative
0.61, 0.53, 0.59, 0.17, 0.5, 0.0, 0.44, 0.28, negative
0.61, 0.48, 0.56, 0.19, 0.5, 0.0, 0.53, 0.31, negative
0.61, 0.48, 0.56, 0.19, 0.5, 0.0, 0.53, 0.31, negative
0.44, 0.56, 0.52, 0.18, 0.5, 0.0, 0.5, 0.11, negative
0.36, 0.56, 0.52, 0.18, 0.5, 0.0, 0.45, 0.16, negative
0.37, 0.44, 0.64, 0.48, 0.5, 0.0, 0.36, 0.27, negative
0.72, 0.37, 0.63, 0.38, 0.5, 0.0, 0.4, 0.14, negative
0.44, 0.36, 0.64, 0.45, 0.5, 0.0, 0.53, 0.11, negative
0.58, 0.45, 0.55, 0.27, 0.5, 0.0, 0.48, 0.11, negative
0.63, 0.64, 0.45, 0.26, 0.5, 0.0, 0.43, 0.22, negative
0.58, 0.44, 0.5, 0.26, 0.5, 0.0, 0.52, 0.22, negative
0.38, 0.43, 0.53, 0.22, 0.5, 0.0, 0.48, 0.11, negative
0.4, 0.45, 0.61, 0.29, 0.5, 0.0, 0.44, 0.22, negative
0.4, 0.45, 0.61, 0.29, 0.5, 0.0, 0.44, 0.22, negative
0.34, 0.34, 0.65, 0.4, 0.5, 0.0, 0.32, 0.16, negative
0.34, 0.34, 0.65, 0.4, 0.5, 0.0, 0.32, 0.16, negative
0.43, 0.22, 0.79, 0.79, 0.5, 0.0, 0.22, 0.0, negative
0.35, 0.21, 1.0, 0.8, 0.5, 0.0, 0.13, 0.01, negative
0.56, 0.35, 0.47, 0.35, 0.5, 0.0, 0.52, 0.22, negative
0.54, 0.44, 0.55, 0.48, 0.5, 0.0, 0.47, 0.22, negative
0.35, 0.39, 0.56, 0.2, 0.5, 0.0, 0.49, 0.41, negative
0.48, 0.46, 0.58, 0.16, 0.5, 0.0, 0.45, 0.22, negative
0.48, 0.55, 0.48, 0.1, 0.5, 0.0, 0.55, 0.22, negative
0.66, 0.6, 0.52, 0.19, 0.5, 0.0, 0.69, 0.22, negative
0.73, 0.6, 0.47, 0.2, 0.5, 0.0, 0.72, 0.22, negative
0.78, 0.82, 0.56, 0.21, 0.5, 0.0, 0.69, 0.22, negative
0.42, 0.49, 0.49, 0.36, 0.5, 0.0, 0.57, 0.26, negative
0.44, 0.62, 0.53, 0.27, 0.5, 0.0, 0.49, 0.22, positive
0.56, 0.61, 0.52, 0.19, 0.5, 0.0, 0.52, 0.32, positive
0.47, 0.56, 0.46, 0.5, 0.5, 0.0, 0.51, 0.22, negative
0.46, 0.33, 0.45, 0.22, 0.5, 0.0, 0.41, 0.37, negative
0.52, 0.43, 0.61, 0.22, 0.5, 0.0, 0.45, 0.22, negative
0.52, 0.43, 0.61, 0.22, 0.5, 0.0, 0.45, 0.22, negative
0.32, 0.44, 0.54, 0.21, 0.5, 0.0, 0.4, 0.19, negative
0.32, 0.44, 0.54, 0.21, 0.5, 0.0, 0.4, 0.19, negative
0.48, 0.41, 0.52, 0.33, 0.5, 0.0, 0.51, 0.26, negative
0.46, 0.39, 0.54, 0.22, 0.5, 0.0, 0.48, 0.25, negative
0.46, 0.54, 0.59, 0.41, 0.5, 0.0, 0.53, 0.21, negative
0.46, 0.54, 0.59, 0.41, 0.5, 0.0, 0.53, 0.21, negative
0.39, 0.65, 0.57, 0.19, 0.5, 0.0, 0.43, 0.25, negative
0.38, 0.5, 0.52, 0.44, 0.5, 0.0, 0.54, 0.11, negative
0.38, 0.5, 0.52, 0.44, 0.5, 0.0, 0.54, 0.11, negative
0.51, 0.52, 0.58, 0.17, 0.5, 0.0, 0.47, 0.28, negative
0.57, 0.48, 0.54, 0.22, 0.5, 0.0, 0.5, 0.11, negative
0.5, 0.5, 0.62, 0.23, 0.5, 0.0, 0.35, 0.11, negative
0.41, 0.49, 0.65, 0.28, 0.5, 0.0, 0.59, 0.57, negative
0.53, 0.57, 0.6, 0.36, 0.5, 0.0, 0.5, 0.22, negative
0.53, 0.57, 0.6, 0.36, 0.5, 0.0, 0.5, 0.22, negative
0.37, 0.3, 0.62, 0.43, 0.5, 0.0, 0.44, 0.39, negative
0.37, 0.3, 0.62, 0.43, 0.5, 0.0, 0.44, 0.39, negative
0.6, 0.57, 0.52, 0.14, 0.5, 0.0, 0.46, 0.48, positive
0.42, 0.38, 0.52, 0.29, 0.5, 0.0, 0.42, 0.22, positive
0.41, 0.46, 0.58, 0.08, 0.5, 0.0, 0.51, 0.28, positive
0.49, 0.4, 0.58, 0.23, 0.5, 0.0, 0.47, 0.27, negative
0.37, 0.37, 0.51, 0.38, 0.5, 0.0, 0.44, 0.22, negative
0.51, 0.4, 0.5, 0.28, 0.5, 0.0, 0.48, 0.27, negative
0.34, 0.25, 0.55, 0.28, 0.5, 0.0, 0.51, 0.49, negative
0.59, 0.54, 0.53, 0.14, 0.5, 0.0, 0.48, 0.22, negative
0.39, 1.0, 0.38, 0.41, 0.5, 0.0, 0.5, 0.27, negative
0.39, 0.46, 0.33, 0.18, 0.5, 0.0, 0.53, 0.22, negative
0.52, 0.54, 0.47, 0.49, 0.5, 0.0, 0.54, 0.22, negative
0.56, 0.65, 0.49, 0.56, 0.5, 0.0, 0.49, 0.22, negative
0.53, 0.51, 0.55, 0.57, 0.5, 0.0, 0.46, 0.22, negative
0.54, 0.64, 0.4, 0.56, 0.5, 0.0, 0.51, 0.22, negative
0.47, 0.58, 0.47, 0.52, 0.5, 0.0, 0.54, 0.22, negative
0.46, 0.42, 0.51, 0.16, 0.5, 0.0, 0.56, 0.22, negative
0.6, 0.51, 0.49, 0.18, 0.5, 0.0, 0.53, 0.38, negative
0.85, 0.66, 0.49, 0.18, 0.5, 0.0, 0.51, 0.22, negative
0.55, 0.52, 0.44, 0.2, 0.5, 0.0, 0.56, 0.22, negative
0.49, 0.38, 0.56, 0.09, 0.5, 0.0, 0.46, 0.22, negative
0.38, 0.4, 0.53, 0.12, 0.5, 0.0, 0.55, 0.22, negative
0.55, 0.55, 0.52, 0.13, 0.5, 0.0, 0.53, 0.25, negative
0.46, 0.44, 0.58, 0.17, 0.5, 0.0, 0.55, 0.22, negative
0.34, 0.46, 0.52, 0.19, 0.5, 0.0, 0.53, 0.26, negative
0.58, 0.56, 0.46, 0.14, 0.5, 0.0, 0.51, 0.22, negative
0.54, 0.51, 0.56, 0.15, 0.5, 0.0, 0.54, 0.31, negative
0.51, 0.51, 0.32, 0.27, 0.5, 0.0, 0.54, 0.22, negative
0.46, 0.38, 0.51, 0.2, 0.5, 0.0, 0.51, 0.22, negative
0.55, 0.72, 0.35, 0.26, 0.5, 0.0, 0.49, 0.22, negative
0.54, 0.44, 0.35, 0.19, 0.5, 0.0, 0.51, 0.27, negative
0.65, 0.66, 0.37, 0.12, 0.5, 0.0, 0.52, 0.27, negative
0.41, 0.4, 0.56, 0.17, 0.5, 0.0, 0.56, 0.22, negative
0.39, 0.71, 0.38, 0.14, 0.5, 0.0, 0.5, 0.22, negative
0.37, 0.42, 0.46, 0.15, 0.5, 0.0, 0.51, 0.31, negative
0.59, 0.55, 0.57, 0.18, 0.5, 0.0, 0.51, 0.22, negative
0.39, 0.3, 0.63, 0.2, 0.5, 0.0, 0.43, 0.47, negative
0.47, 0.52, 0.54, 0.25, 0.5, 0.0, 0.54, 0.29, negative
0.77, 0.82, 0.4, 0.36, 0.5, 0.0, 0.38, 0.22, negative
0.52, 0.55, 0.39, 0.09, 1.0, 0.0, 0.55, 0.25, negative
0.42, 0.28, 0.33, 0.23, 0.5, 0.0, 0.39, 0.26, negative
0.47, 0.37, 0.46, 0.28, 0.5, 0.0, 0.52, 0.99, positive
0.48, 0.5, 0.47, 0.29, 0.5, 0.0, 0.46, 0.27, positive
0.3, 0.33, 0.55, 0.12, 0.5, 0.0, 0.53, 0.38, negative
0.54, 0.59, 0.57, 0.34, 0.5, 0.0, 0.49, 0.22, positive
0.56, 0.59, 0.45, 0.15, 0.5, 0.0, 0.54, 0.22, negative
0.47, 0.56, 0.53, 0.44, 0.5, 0.0, 0.53, 0.22, negative
0.53, 0.49, 0.47, 0.21, 0.5, 0.0, 0.53, 0.22, negative
0.7, 0.57, 0.34, 0.19, 0.5, 0.0, 0.53, 0.27, negative
0.42, 0.43, 0.67, 0.7, 0.5, 0.0, 0.42, 0.25, negative
0.47, 0.44, 0.53, 0.18, 0.5, 0.0, 0.47, 0.29, positive
0.45, 0.65, 0.51, 0.17, 0.5, 0.0, 0.49, 0.22, positive
0.42, 0.42, 0.55, 0.31, 0.5, 0.0, 0.43, 0.22, positive
0.45, 0.41, 0.53, 0.49, 0.5, 0.0, 0.49, 0.31, positive
0.42, 0.28, 0.49, 0.22, 0.5, 0.0, 0.55, 0.34, positive
0.33, 0.42, 0.55, 0.23, 0.5, 0.0, 0.52, 0.43, positive
0.37, 0.47, 0.49, 0.12, 0.5, 0.0, 0.47, 0.31, positive
0.32, 0.6, 0.48, 0.13, 0.5, 0.0, 0.53, 0.22, positive
0.38, 0.42, 0.31, 0.35, 0.5, 0.0, 0.52, 0.22, negative
0.47, 0.55, 0.57, 0.17, 0.5, 0.0, 0.52, 0.66, positive
0.37, 0.55, 0.52, 0.13, 0.5, 0.0, 0.42, 0.8, negative
0.46, 0.48, 0.38, 0.22, 0.5, 0.0, 0.39, 0.45, negative
0.52, 0.65, 0.36, 0.37, 0.5, 0.0, 0.52, 0.34, negative
0.64, 0.31, 0.53, 0.15, 0.5, 0.0, 0.53, 0.31, negative
0.4, 0.43, 0.36, 0.33, 0.5, 0.0, 0.51, 0.22, negative
0.47, 0.56, 0.51, 0.2, 0.5, 0.0, 0.52, 0.59, positive
0.4, 0.75, 0.44, 0.12, 0.5, 0.0, 0.49, 0.22, positive
0.48, 0.55, 0.58, 0.18, 0.5, 0.0, 0.38, 0.69, positive
0.57, 0.51, 0.34, 0.13, 0.5, 0.0, 0.53, 0.27, negative
0.23, 0.37, 0.32, 0.13, 0.5, 0.0, 0.53, 0.22, negative
0.54, 0.5, 0.51, 0.26, 0.5, 0.0, 0.52, 0.22, negative
0.6, 0.64, 0.56, 0.36, 0.5, 0.0, 0.46, 0.27, negative
0.27, 0.41, 0.24, 0.2, 0.5, 0.0, 0.49, 0.22, negative
0.25, 0.35, 0.22, 0.18, 0.5, 0.0, 0.46, 0.22, negative
0.39, 0.45, 0.51, 0.29, 0.5, 0.0, 0.54, 0.22, negative
0.33, 0.47, 0.55, 0.24, 0.5, 0.0, 0.45, 0.67, positive
0.37, 0.4, 0.38, 0.18, 0.5, 0.0, 0.51, 0.22, negative
0.43, 0.47, 0.47, 0.18, 0.5, 0.0, 0.47, 0.22, negative
0.66, 0.43, 0.57, 0.6, 0.5, 0.0, 0.19, 0.33, positive
0.55, 0.4, 0.62, 0.22, 0.5, 0.0, 0.37, 0.28, positive
0.33, 0.46, 0.6, 0.18, 0.5, 0.0, 0.51, 0.26, positive
0.51, 0.5, 0.54, 0.11, 0.5, 0.0, 0.6, 0.22, positive
0.54, 0.6, 0.57, 0.17, 0.5, 0.0, 0.44, 0.22, positive
0.45, 0.57, 0.38, 0.28, 0.5, 0.0, 0.53, 0.31, negative
0.55, 0.57, 0.51, 0.07, 0.5, 0.0, 0.55, 0.22, negative
0.54, 0.47, 0.58, 0.4, 0.5, 0.0, 0.46, 0.27, negative
0.36, 0.32, 0.55, 0.27, 0.5, 0.0, 0.47, 0.43, positive
0.46, 0.41, 0.45, 0.23, 0.5, 0.0, 0.48, 0.22, positive
0.52, 0.47, 0.58, 0.18, 0.5, 0.0, 0.34, 0.11, negative
0.5, 0.45, 0.51, 0.19, 0.5, 0.0, 0.53, 0.25, negative
0.57, 0.55, 0.51, 0.18, 0.5, 0.0, 0.51, 0.43, positive
0.44, 0.43, 0.46, 0.28, 0.5, 0.0, 0.45, 0.29, positive
0.46, 0.5, 0.5, 0.28, 0.5, 0.0, 0.5, 0.37, positive
0.66, 0.65, 0.54, 0.4, 0.5, 0.0, 0.51, 0.22, negative
0.38, 0.58, 0.46, 0.21, 0.5, 0.0, 0.52, 0.22, positive
0.32, 0.68, 0.51, 0.16, 0.5, 0.83, 0.55, 0.22, negative
0.27, 0.46, 0.52, 0.17, 0.5, 0.0, 0.49, 0.44, positive
0.52, 0.45, 0.45, 0.13, 0.5, 0.0, 0.48, 0.22, positive
0.37, 0.29, 0.45, 0.15, 0.5, 0.0, 0.49, 0.22, positive
0.37, 0.48, 0.67, 0.37, 0.5, 0.0, 0.56, 0.62, positive
0.44, 0.59, 0.54, 0.18, 0.5, 0.0, 0.49, 0.22, positive
0.48, 0.65, 0.36, 0.24, 0.5, 0.0, 0.54, 0.31, positive
0.59, 0.49, 0.45, 0.22, 0.5, 0.0, 0.45, 0.31, positive
0.73, 0.52, 0.59, 0.25, 0.5, 0.0, 0.51, 0.22, positive
0.5, 0.43, 0.5, 0.17, 0.5, 0.0, 0.46, 0.47, positive
0.49, 0.6, 0.54, 0.35, 0.5, 0.0, 0.53, 0.46, positive
0.52, 0.31, 0.56, 0.16, 0.5, 0.0, 0.55, 0.22, positive
0.49, 0.48, 0.51, 0.21, 0.5, 0.0, 0.53, 0.22, positive
0.49, 0.6, 0.42, 0.18, 0.5, 0.0, 0.58, 0.28, positive
0.6, 0.62, 0.54, 0.11, 0.5, 0.0, 0.51, 0.22, positive
0.55, 0.47, 0.53, 0.2, 0.5, 0.0, 0.4, 0.22, positive
0.47, 0.32, 0.51, 0.24, 0.5, 0.0, 0.54, 0.27, positive
0.53, 0.25, 0.59, 0.27, 0.5, 0.0, 0.45, 0.26, positive
0.31, 0.5, 0.54, 0.32, 0.5, 0.0, 0.53, 0.31, positive
0.25, 0.33, 0.48, 0.18, 0.5, 0.0, 0.42, 0.33, positive
0.55, 0.46, 0.47, 0.15, 0.5, 0.0, 0.47, 0.22, negative
0.61, 0.5, 0.61, 0.21, 0.5, 0.0, 0.55, 0.54, negative
0.5, 0.52, 0.51, 0.22, 0.5, 0.0, 0.46, 0.37, negative
0.62, 0.33, 0.49, 0.24, 0.5, 0.0, 0.51, 0.42, negative
0.56, 0.52, 0.46, 0.17, 0.5, 0.0, 0.49, 0.73, negative
0.52, 0.56, 0.55, 0.16, 0.5, 0.0, 0.53, 0.39, negative
0.53, 0.48, 0.51, 0.18, 0.5, 0.0, 0.52, 0.27, negative
0.51, 0.48, 0.51, 0.19, 0.5, 0.0, 0.51, 0.27, negative
0.51, 0.48, 0.51, 0.26, 0.5, 0.0, 0.51, 0.27, negative
0.53, 0.48, 0.51, 0.18, 0.5, 0.0, 0.51, 0.27, negative
0.6, 0.46, 0.51, 0.1, 0.5, 0.0, 0.48, 0.31, negative
0.6, 0.46, 0.51, 0.1, 0.5, 0.0, 0.48, 0.31, negative
0.44, 0.39, 0.63, 0.11, 0.5, 0.0, 0.49, 0.26, positive
0.51, 0.5, 0.49, 0.45, 0.5, 0.0, 0.48, 0.22, negative
0.45, 0.45, 0.51, 0.3, 0.5, 0.0, 0.48, 0.44, negative
0.38, 0.42, 0.47, 0.12, 0.5, 0.0, 0.47, 0.53, positive
0.41, 0.42, 0.23, 0.16, 0.5, 0.0, 0.4, 0.22, negative
0.25, 0.42, 0.21, 0.14, 0.5, 0.0, 0.41, 0.22, negative
0.7, 0.58, 0.53, 0.39, 0.5, 0.0, 0.59, 0.22, negative
0.46, 0.41, 0.43, 0.18, 0.5, 0.0, 0.54, 0.22, negative
0.38, 0.51, 0.56, 0.21, 0.5, 0.0, 0.48, 0.31, positive
0.32, 0.36, 0.28, 0.38, 0.5, 0.0, 0.5, 0.4, negative
0.36, 0.37, 0.63, 0.25, 0.5, 0.0, 0.3, 0.22, negative
0.49, 0.55, 0.41, 0.19, 0.5, 0.0, 0.48, 0.31, negative
0.3, 0.45, 0.55, 0.19, 0.5, 0.0, 0.53, 0.4, negative
0.88, 0.72, 0.32, 0.3, 0.5, 0.0, 0.52, 0.33, negative
0.46, 0.61, 0.38, 0.35, 0.5, 0.0, 0.49, 0.22, negative
0.28, 0.18, 0.72, 0.26, 0.5, 0.0, 0.49, 0.25, negative
0.66, 0.65, 0.53, 0.17, 0.5, 0.0, 0.47, 0.66, positive
0.36, 0.5, 0.39, 0.23, 0.5, 0.0, 0.5, 0.22, negative
0.48, 0.54, 0.56, 0.29, 0.5, 0.0, 0.51, 0.43, positive
0.33, 0.37, 0.49, 0.22, 0.5, 0.0, 0.55, 0.22, negative
0.58, 0.43, 0.32, 0.11, 0.5, 0.0, 0.49, 0.22, negative
0.74, 0.82, 0.46, 0.24, 0.5, 0.0, 0.5, 0.31, negative
0.75, 0.76, 0.58, 0.22, 0.5, 0.0, 0.49, 0.22, negative
0.58, 0.37, 0.58, 0.16, 0.5, 0.0, 0.51, 0.22, positive
0.39, 0.39, 0.65, 0.16, 0.5, 0.0, 0.45, 0.22, negative
0.51, 0.59, 0.55, 0.21, 0.5, 0.0, 0.52, 0.22, negative
0.41, 0.35, 0.6, 0.22, 0.5, 0.0, 0.56, 0.79, negative
0.43, 0.28, 0.41, 0.32, 0.5, 0.0, 0.52, 0.22, negative
0.41, 0.49, 0.55, 0.13, 0.5, 0.0, 0.55, 0.22, negative
0.23, 0.29, 0.46, 0.0, 0.5, 0.0, 0.43, 0.31, negative
0.38, 0.34, 0.55, 0.44, 0.5, 0.0, 0.48, 0.26, negative
0.61, 0.54, 0.54, 0.38, 0.5, 0.0, 0.54, 0.29, negative
0.48, 0.17, 0.37, 0.33, 0.5, 0.0, 0.44, 0.36, positive
0.47, 0.47, 0.5, 0.19, 0.5, 0.0, 0.51, 0.26, positive
0.55, 0.38, 0.52, 0.16, 0.5, 0.0, 0.49, 0.64, positive
0.78, 0.73, 0.27, 0.28, 0.5, 0.0, 0.56, 0.22, negative
0.31, 0.51, 0.38, 0.18, 0.5, 0.0, 0.46, 0.31, negative
0.63, 0.64, 0.49, 0.2, 0.5, 0.0, 0.52, 0.25, negative
0.31, 0.4, 0.31, 0.17, 0.5, 0.0, 0.52, 0.22, negative
0.44, 0.65, 0.49, 0.16, 0.5, 0.0, 0.48, 0.31, positive
0.48, 0.44, 0.46, 0.37, 0.5, 0.0, 0.46, 0.36, negative
0.62, 0.42, 0.47, 0.16, 0.5, 0.0, 0.52, 0.22, negative
0.5, 0.45, 0.52, 0.18, 0.5, 0.0, 0.52, 0.22, negative
0.59, 0.51, 0.47, 0.21, 0.5, 0.0, 0.47, 0.22, negative
0.57, 0.35, 0.5, 0.43, 0.5, 0.0, 0.53, 0.22, negative
0.61, 0.52, 0.5, 0.44, 0.5, 0.0, 0.53, 0.22, negative
0.49, 0.51, 0.52, 0.13, 0.5, 0.0, 0.51, 0.33, positive
0.45, 0.4, 0.56, 0.15, 0.5, 0.0, 0.52, 0.22, positive
0.63, 0.43, 0.48, 0.11, 0.5, 0.0, 0.51, 0.22, negative
0.52, 0.45, 0.53, 0.34, 0.5, 0.0, 0.52, 0.44, negative
0.54, 0.48, 0.55, 0.33, 0.5, 0.0, 0.55, 0.4, negative
0.63, 0.58, 0.57, 0.1, 0.5, 0.0, 0.52, 0.33, positive
0.54, 0.67, 0.56, 0.15, 0.5, 0.0, 0.57, 0.33, positive
0.41, 0.59, 0.65, 0.14, 0.5, 0.0, 0.49, 0.33, positive
0.47, 0.38, 0.5, 0.15, 0.5, 0.0, 0.49, 0.47, positive
0.33, 0.17, 0.52, 0.13, 0.5, 0.0, 0.51, 0.75, positive
0.54, 0.55, 0.55, 0.4, 0.5, 0.0, 0.53, 0.22, negative
0.38, 0.42, 0.5, 0.19, 0.5, 0.0, 0.44, 0.22, negative
0.33, 0.36, 0.62, 0.26, 0.5, 0.0, 0.55, 0.22, negative
0.38, 0.42, 0.5, 0.19, 0.5, 0.0, 0.44, 0.22, negative
0.32, 0.32, 0.52, 0.18, 0.5, 0.0, 0.48, 0.34, negative
0.28, 0.27, 0.5, 0.14, 0.5, 0.0, 0.5, 0.28, negative
0.41, 0.46, 0.57, 0.25, 0.5, 0.0, 0.57, 0.38, negative
0.44, 0.54, 0.51, 0.16, 0.5, 0.0, 0.58, 0.22, negative
0.44, 0.55, 0.51, 0.16, 0.5, 0.0, 0.6, 0.22, negative
0.4, 0.56, 0.53, 0.15, 0.5, 0.0, 0.49, 0.22, negative
0.79, 0.79, 0.42, 0.26, 0.5, 0.0, 0.6, 0.22, negative
0.8, 0.83, 0.43, 0.24, 0.5, 0.0, 0.54, 0.22, negative
0.58, 0.55, 0.51, 0.13, 0.5, 0.0, 0.52, 0.22, negative
0.55, 0.69, 0.51, 0.12, 0.5, 0.0, 0.51, 0.22, negative
0.47, 0.46, 0.53, 0.12, 0.5, 0.0, 0.51, 0.25, positive
0.57, 0.29, 0.63, 0.22, 0.5, 0.0, 0.49, 0.27, positive
0.52, 0.49, 0.59, 0.21, 0.5, 0.0, 0.47, 0.22, positive
0.41, 0.42, 0.53, 0.17, 0.5, 0.0, 0.48, 0.58, positive
0.53, 0.51, 0.54, 0.21, 0.5, 0.0, 0.45, 0.22, positive
0.49, 0.5, 0.42, 0.43, 0.5, 0.0, 0.5, 0.36, negative
0.25, 0.26, 0.53, 0.17, 0.5, 0.0, 0.45, 0.22, negative
0.49, 0.46, 0.54, 0.18, 0.5, 0.0, 0.35, 0.22, negative
0.42, 0.37, 0.54, 0.17, 0.5, 0.0, 0.51, 0.22, negative
0.42, 0.45, 0.75, 0.21, 0.5, 0.0, 0.48, 0.22, negative
0.39, 0.45, 0.75, 0.17, 0.5, 0.0, 0.51, 0.22, negative
0.63, 0.54, 0.53, 0.27, 0.5, 0.0, 0.49, 0.22, negative
0.54, 0.43, 0.48, 0.27, 0.5, 0.0, 0.44, 0.41, negative
0.55, 0.39, 0.39, 0.47, 0.5, 0.0, 0.5, 0.83, negative
0.59, 0.48, 0.41, 0.53, 0.5, 0.0, 0.48, 0.56, negative
0.49, 0.38, 0.49, 0.15, 0.5, 0.0, 0.53, 0.25, positive
0.53, 0.45, 0.52, 0.29, 0.5, 0.0, 0.55, 0.38, negative
0.62, 0.6, 0.54, 0.22, 0.5, 0.0, 0.54, 0.27, negative
0.33, 0.46, 0.53, 0.12, 0.5, 0.0, 0.5, 0.27, negative
0.45, 0.76, 0.51, 0.25, 0.5, 0.0, 0.59, 0.22, negative
0.59, 0.64, 0.44, 0.26, 0.5, 0.0, 0.5, 0.22, negative
0.79, 0.56, 0.53, 0.19, 0.5, 0.0, 0.47, 0.35, negative
0.5, 0.5, 0.48, 0.34, 0.5, 0.0, 0.52, 0.27, positive
0.79, 0.62, 0.35, 0.35, 0.5, 0.0, 0.6, 0.28, negative
0.52, 0.5, 0.6, 0.2, 0.5, 0.0, 0.52, 0.22, negative
0.59, 0.46, 0.57, 0.17, 0.5, 0.0, 0.52, 0.22, negative
0.53, 0.42, 0.53, 0.19, 0.5, 0.0, 0.47, 0.22, negative
0.61, 0.73, 0.5, 0.58, 0.5, 0.0, 0.5, 0.22, negative
0.5, 0.43, 0.56, 0.17, 0.5, 0.0, 0.35, 0.22, positive
0.36, 0.52, 0.61, 0.33, 0.5, 0.0, 0.52, 0.37, positive
0.66, 0.54, 0.53, 0.17, 0.5, 0.0, 0.54, 0.22, negative
0.52, 0.51, 0.48, 0.12, 0.5, 0.0, 0.54, 0.31, negative
0.56, 0.46, 0.51, 0.25, 0.5, 0.0, 0.54, 0.22, negative
0.47, 0.46, 0.49, 0.27, 0.5, 0.0, 0.59, 0.22, negative
0.5, 0.46, 0.49, 0.27, 0.5, 0.0, 0.6, 0.22, negative
0.5, 0.44, 0.57, 0.28, 0.5, 0.0, 0.57, 0.22, negative
0.59, 0.7, 0.46, 0.19, 0.5, 0.0, 0.54, 0.44, negative
0.19, 0.41, 0.55, 0.13, 0.5, 0.0, 0.52, 0.25, negative
0.27, 0.43, 0.5, 0.13, 0.5, 0.0, 0.54, 0.31, negative
0.42, 0.46, 0.44, 0.17, 0.5, 0.0, 0.51, 0.42, negative
0.49, 0.36, 0.47, 0.28, 0.5, 0.0, 0.56, 0.54, positive
0.42, 0.51, 0.33, 0.16, 0.5, 0.0, 0.54, 0.22, negative
0.34, 0.42, 0.48, 0.19, 0.5, 0.0, 0.46, 0.31, positive
0.6, 0.57, 0.63, 0.22, 0.5, 0.0, 0.5, 0.49, positive
0.53, 0.44, 0.54, 0.52, 0.5, 0.0, 0.49, 0.38, positive
0.48, 0.39, 0.56, 0.23, 0.5, 0.0, 0.6, 0.22, negative
0.56, 0.49, 0.47, 0.13, 0.5, 0.0, 0.52, 0.22, positive
0.47, 0.59, 0.56, 0.09, 0.5, 0.0, 0.5, 0.22, negative
0.4, 0.28, 0.58, 0.44, 0.5, 0.0, 0.41, 0.22, negative
0.54, 0.35, 0.55, 0.19, 0.5, 0.0, 0.3, 0.22, negative
0.5, 0.47, 0.45, 0.14, 0.5, 0.0, 0.53, 0.32, negative
0.55, 0.49, 0.6, 0.18, 0.5, 0.0, 0.51, 0.22, positive
0.55, 0.44, 0.5, 0.09, 0.5, 0.0, 0.55, 0.22, negative
0.66, 0.37, 0.6, 0.25, 0.5, 0.0, 0.69, 0.22, negative
0.51, 0.49, 0.48, 0.55, 0.5, 0.0, 0.52, 0.58, negative
0.36, 0.51, 0.51, 0.17, 0.5, 0.0, 0.52, 0.22, negative
0.68, 0.68, 0.35, 0.16, 0.5, 0.0, 0.62, 0.22, negative
0.44, 0.35, 0.55, 0.14, 0.5, 0.0, 0.52, 0.22, negative
0.6, 0.37, 0.52, 0.15, 0.5, 0.0, 0.55, 0.26, negative
0.64, 0.61, 0.56, 0.15, 0.5, 0.0, 0.54, 0.22, negative
0.65, 0.58, 0.53, 0.21, 0.5, 0.0, 0.51, 0.22, negative
0.48, 0.49, 0.49, 0.26, 0.5, 0.0, 0.39, 0.27, negative
0.57, 0.54, 0.32, 0.15, 0.5, 0.0, 0.52, 0.25, negative
0.4, 0.36, 0.32, 0.16, 0.5, 0.0, 0.51, 0.27, negative
0.65, 0.63, 0.47, 0.22, 0.5, 0.0, 0.52, 0.27, negative
0.41, 0.48, 0.51, 0.2, 0.5, 0.0, 0.51, 0.22, negative
0.25, 0.4, 0.54, 0.16, 0.5, 0.0, 0.43, 0.22, negative
0.63, 0.56, 0.52, 0.21, 0.5, 0.0, 0.5, 0.22, negative
0.57, 0.47, 0.48, 0.17, 0.5, 0.0, 0.52, 0.26, negative
0.46, 0.52, 0.51, 0.13, 0.5, 0.0, 0.47, 0.22, negative
0.78, 0.71, 0.35, 0.25, 0.5, 0.0, 0.49, 0.22, negative
0.64, 0.56, 0.52, 0.17, 0.5, 0.0, 0.54, 0.47, positive
1.0, 0.8, 0.29, 0.36, 0.5, 0.0, 0.52, 0.22, negative
0.51, 0.39, 0.56, 0.55, 0.5, 0.0, 0.46, 0.64, negative
0.69, 0.66, 0.36, 0.09, 0.5, 0.0, 0.56, 0.22, negative
0.4, 0.45, 0.45, 0.15, 0.5, 0.0, 0.53, 0.48, positive
0.49, 0.53, 0.36, 0.15, 0.5, 0.0, 0.52, 0.27, negative
0.39, 0.63, 0.41, 0.27, 0.5, 0.0, 0.49, 0.22, negative
0.45, 0.51, 0.43, 0.22, 0.5, 0.0, 0.57, 0.22, positive
0.77, 0.78, 0.27, 0.37, 0.5, 0.0, 0.49, 0.22, negative
0.88, 0.75, 0.41, 0.36, 0.5, 0.0, 0.43, 0.22, negative
0.57, 0.53, 0.6, 0.28, 0.5, 0.0, 0.52, 0.45, positive
0.53, 0.52, 0.49, 0.27, 0.5, 0.0, 0.51, 0.22, negative
0.71, 0.79, 0.41, 0.38, 0.5, 0.0, 0.54, 0.22, negative
0.33, 0.49, 0.46, 0.22, 0.5, 0.0, 0.53, 0.33, negative
0.47, 0.41, 0.46, 0.18, 0.5, 0.0, 0.53, 0.22, negative
0.59, 0.56, 0.5, 0.48, 0.5, 0.0, 0.46, 0.22, negative
0.45, 0.5, 0.43, 0.16, 0.5, 0.0, 0.52, 0.28, negative
0.24, 0.25, 0.57, 0.28, 0.5, 0.0, 0.51, 0.11, negative
0.46, 0.61, 0.55, 0.29, 0.5, 0.0, 0.49, 0.22, negative
0.22, 0.53, 0.36, 0.22, 0.5, 0.0, 0.54, 0.31, negative
0.25, 0.41, 0.47, 0.14, 0.5, 0.0, 0.56, 0.68, positive
0.43, 0.41, 0.37, 0.18, 0.5, 0.0, 0.54, 0.31, negative
0.46, 0.59, 0.38, 0.12, 0.5, 0.0, 0.5, 0.22, negative
0.8, 0.82, 0.4, 0.31, 0.5, 0.0, 0.57, 0.25, negative
0.57, 0.52, 0.46, 0.2, 0.5, 0.83, 0.52, 0.41, negative
0.43, 0.6, 0.4, 0.12, 0.5, 0.0, 0.49, 0.29, negative
0.56, 0.71, 0.47, 0.21, 0.5, 0.0, 0.52, 0.22, negative
0.77, 0.7, 0.37, 0.12, 0.5, 0.0, 0.49, 0.26, negative
0.47, 0.61, 0.32, 0.27, 0.5, 0.0, 0.5, 0.3, negative
0.71, 0.51, 0.49, 0.23, 0.5, 0.0, 0.3, 0.32, negative
0.59, 0.48, 0.49, 0.49, 0.5, 0.0, 0.36, 0.32, negative
0.74, 0.73, 0.32, 0.2, 0.5, 0.0, 0.55, 0.22, negative
0.55, 0.35, 0.36, 0.29, 0.5, 0.0, 0.51, 0.22, negative
0.35, 0.32, 0.31, 0.16, 0.5, 0.0, 0.56, 0.22, negative
0.67, 0.61, 0.39, 0.24, 0.5, 0.0, 0.51, 0.22, negative
0.69, 0.57, 0.39, 0.19, 0.5, 0.0, 0.48, 0.39, negative
0.47, 0.41, 0.53, 0.27, 0.5, 0.0, 0.47, 0.25, negative
0.39, 0.56, 0.34, 0.18, 0.5, 0.0, 0.49, 0.22, negative
0.51, 0.38, 0.42, 0.21, 0.5, 0.0, 0.46, 0.34, negative
0.75, 0.73, 0.35, 0.33, 0.5, 0.0, 0.49, 0.28, negative
0.28, 0.48, 0.36, 0.16, 0.5, 0.0, 0.53, 0.22, negative
0.64, 0.44, 0.56, 0.15, 0.5, 0.0, 0.56, 0.22, negative
0.42, 0.71, 0.45, 0.15, 0.5, 0.0, 0.48, 0.22, negative
0.38, 0.37, 0.36, 0.14, 0.5, 0.0, 0.54, 0.22, negative
0.38, 0.56, 0.38, 0.16, 0.5, 0.0, 0.53, 0.22, negative
0.63, 0.65, 0.42, 0.18, 0.5, 0.0, 0.54, 0.27, negative
0.47, 0.4, 0.63, 0.19, 0.5, 0.0, 0.52, 0.32, positive
0.61, 0.76, 0.3, 0.16, 0.5, 0.0, 0.45, 0.41, negative
0.33, 0.38, 0.47, 0.14, 0.5, 0.0, 0.51, 0.47, positive
0.38, 0.67, 0.33, 0.17, 0.5, 0.0, 0.51, 0.22, negative
0.39, 0.33, 0.33, 0.23, 0.5, 0.0, 0.47, 0.22, negative
0.5, 0.63, 0.45, 0.13, 0.5, 0.0, 0.45, 0.32, negative
0.29, 0.26, 0.43, 0.17, 0.5, 0.0, 0.55, 0.3, negative
0.51, 0.46, 0.41, 0.36, 0.5, 0.0, 0.49, 0.22, negative
0.92, 0.66, 0.52, 0.23, 0.5, 0.0, 0.53, 0.22, negative
0.38, 0.44, 0.57, 0.14, 0.5, 0.0, 0.53, 0.52, positive
0.72, 0.73, 0.41, 0.28, 0.5, 0.0, 0.44, 0.22, negative
0.49, 0.55, 0.35, 0.23, 0.5, 0.0, 0.57, 0.22, negative
0.63, 0.71, 0.44, 0.53, 0.5, 0.0, 0.52, 0.22, negative
0.6, 0.68, 0.3, 0.27, 0.5, 0.0, 0.55, 0.22, negative
0.4, 0.43, 0.49, 0.17, 0.5, 0.0, 0.51, 0.36, positive
0.77, 0.68, 0.35, 0.19, 0.5, 0.0, 0.53, 0.43, negative
0.51, 0.59, 0.46, 0.13, 0.5, 0.0, 0.48, 0.22, negative
0.52, 0.46, 0.34, 0.2, 0.5, 0.0, 0.51, 0.25, negative
0.47, 0.5, 0.6, 0.63, 0.5, 0.0, 0.38, 0.16, negative
0.34, 0.24, 0.51, 0.15, 0.5, 0.0, 0.54, 0.4, positive
0.85, 0.85, 0.3, 0.31, 0.5, 0.0, 0.55, 0.42, negative
0.36, 0.48, 0.61, 0.26, 0.5, 0.0, 0.5, 0.16, positive
0.41, 0.25, 0.59, 0.44, 0.5, 0.0, 0.6, 0.69, positive
0.3, 0.37, 0.4, 0.45, 0.5, 0.0, 0.48, 0.41, negative
0.38, 0.4, 0.39, 0.19, 0.5, 0.0, 0.46, 0.62, positive
0.46, 0.62, 0.46, 0.54, 0.5, 0.0, 0.51, 0.27, negative
0.74, 0.75, 0.45, 0.44, 0.5, 0.0, 0.52, 0.22, negative
0.52, 0.53, 0.58, 0.69, 0.5, 0.0, 0.5, 0.22, negative
0.41, 0.47, 0.5, 0.14, 0.5, 0.0, 0.53, 0.37, positive
0.38, 0.48, 0.57, 0.3, 0.5, 0.0, 0.41, 0.11, negative
0.39, 0.58, 0.47, 0.18, 0.5, 0.0, 0.48, 0.22, negative
0.38, 0.47, 0.47, 0.18, 0.5, 0.0, 0.44, 0.26, negative
0.63, 0.57, 0.5, 0.48, 0.5, 0.0, 0.51, 0.22, negative
0.51, 0.45, 0.62, 0.25, 0.5, 0.0, 0.59, 0.22, negative
0.6, 0.61, 0.54, 0.11, 0.5, 0.0, 0.46, 0.22, negative
0.48, 0.61, 0.57, 0.17, 0.5, 0.0, 0.45, 0.22, negative
0.71, 0.5, 0.5, 0.18, 0.5, 0.0, 0.46, 0.22, negative
0.47, 0.43, 0.61, 0.4, 0.5, 0.0, 0.48, 0.47, positive
0.67, 0.57, 0.36, 0.19, 0.5, 0.0, 0.56, 0.22, negative
0.43, 0.4, 0.6, 0.16, 0.5, 0.0, 0.53, 0.39, positive
0.65, 0.54, 0.54, 0.13, 0.5, 0.0, 0.53, 0.22, negative
0.5715, 0.4915, 0.483, 0.154, 0.5, 0.0, 0.5055, 0.2245, positive
0.3437, 0.421, 0.5368, 0.26, 0.5, 0.0, 0.52, 0.2632, positive
0.5915, 0.6149, 0.5383, 0.1168, 0.5, 0.0, 0.5066, 0.22, positive
0.4677, 0.3867, 0.5733, 0.1589, 0.5, 0.0, 0.5156, 0.22, positive
0.4349, 0.6519, 0.4881, 0.16, 0.5, 0.0, 0.4832, 0.3081, positive
0.5365, 0.503, 0.4922, 0.3643, 0.5, 0.0, 0.5261, 0.27, positive
0.4228, 0.3171, 0.5586, 0.1471, 0.5, 0.0, 0.4771, 0.22, positive
0.53, 0.54, 0.43, 0.1078, 0.5, 0.0, 0.5661, 0.319, positive
0.4615, 0.4331, 0.5531, 0.4592, 0.5, 0.0, 0.5169, 0.2946, positive
0.5498, 0.4493, 0.5808, 0.25, 0.5, 0.0, 0.4894, 0.22, positive
0.6484, 0.5186, 0.4958, 0.2572, 0.5, 0.0, 0.5128, 0.3016, positive
0.2115, 0.3541, 0.4655, 0.1366, 0.5, 0.0, 0.4778, 0.3011, positive
0.52, 0.4625, 0.5575, 0.2537, 0.5, 0.0, 0.5225, 0.22, positive
0.653, 0.5311, 0.5196, 0.0741, 0.6296, 0.0, 0.4996, 0.22, positive
0.5382, 0.487, 0.5518, 0.5397, 0.5, 0.0, 0.5221, 0.22, positive
0.6249, 0.5611, 0.4619, 0.1951, 0.5, 0.0, 0.5119, 0.4021, positive
0.4024, 0.442, 0.418, 0.2556, 0.5, 0.0, 0.4608, 0.22, positive
0.4553, 0.32, 0.5071, 0.2312, 0.5, 0.0, 0.5312, 0.2553, positive
0.3538, 0.58, 0.5324, 0.1714, 0.5, 0.0, 0.5024, 0.22, positive
0.3776, 0.45, 0.53, 0.1457, 0.5, 0.0, 0.4938, 0.2257, positive
0.37, 0.5366, 0.4653, 0.2287, 0.5, 0.0, 0.47, 0.22, positive
0.5731, 0.4591, 0.4626, 0.3365, 0.5, 0.0, 0.4974, 0.4274, positive
0.4698, 0.5, 0.4853, 0.2849, 0.5, 0.0, 0.4805, 0.3211, positive
0.4849, 0.4499, 0.5499, 0.5299, 0.5, 0.0, 0.5, 0.2651, positive
0.424, 0.3801, 0.586, 0.204, 0.5, 0.0, 0.516, 0.2819, positive
0.4085, 0.475, 0.517, 0.574, 0.5, 0.0, 0.5105, 0.3555, positive
0.54, 0.5719, 0.57, 0.177, 0.5, 0.0, 0.447, 0.2411, positive
0.4702, 0.5761, 0.518, 0.2759, 0.5, 0.0, 0.5241, 0.22, positive
0.3589, 0.5376, 0.6056, 0.3377, 0.5, 0.0, 0.5211, 0.3689, positive
0.4968, 0.3665, 0.49, 0.1534, 0.5, 0.0, 0.53, 0.2365, positive
0.5138, 0.4838, 0.5838, 0.2162, 0.5, 0.0, 0.4887, 0.2575, positive
0.37, 0.5347, 0.4638, 0.2291, 0.5, 0.0, 0.47, 0.22, positive
0.6264, 0.5853, 0.4669, 0.0694, 0.7109, 0.0, 0.4931, 0.22, positive
0.2336, 0.3411, 0.4147, 0.28, 0.5, 0.0, 0.5011, 0.27, positive
0.5114, 0.5679, 0.4253, 0.1372, 0.5, 0.0, 0.5747, 0.3014, positive
0.5034, 0.57, 0.5591, 0.1663, 0.5, 0.0, 0.5091, 0.2383, positive
0.3043, 0.4057, 0.4943, 0.1686, 0.5, 0.0, 0.4957, 0.3314, positive
0.4841, 0.6295, 0.3846, 0.2154, 0.5, 0.0, 0.5564, 0.2977, positive
0.5094, 0.3918, 0.5603, 0.2497, 0.5, 0.0, 0.5088, 0.3315, positive
0.6044, 0.4626, 0.4411, 0.4663, 0.5, 0.0, 0.5004, 0.3696, positive
0.474, 0.4565, 0.4324, 0.4618, 0.5, 0.0, 0.5394, 0.2289, positive
0.3844, 0.4944, 0.5036, 0.2456, 0.5, 0.0, 0.52, 0.408, positive
0.5613, 0.4976, 0.5375, 0.1513, 0.5, 0.0, 0.4987, 0.3551, positive
0.3596, 0.4043, 0.5843, 0.1196, 0.5, 0.0, 0.4943, 0.22, positive
0.5323, 0.5238, 0.5423, 0.2031, 0.5, 0.0, 0.4615, 0.22, positive
0.5127, 0.4335, 0.5378, 0.5135, 0.5, 0.0, 0.49, 0.3649, positive
0.45, 0.4411, 0.5425, 0.4526, 0.5, 0.0, 0.5274, 0.3536, positive
0.6034, 0.5932, 0.4909, 0.2966, 0.5, 0.0, 0.5283, 0.2277, positive
0.489, 0.3826, 0.4895, 0.1505, 0.5, 0.0, 0.5264, 0.251, positive
0.5594, 0.4687, 0.5941, 0.2547, 0.5, 0.0, 0.5041, 0.22, positive
0.4792, 0.407, 0.4846, 0.1554, 0.5, 0.0, 0.4922, 0.2608, positive
0.459, 0.3836, 0.5281, 0.2436, 0.5, 0.0, 0.4781, 0.33, positive
0.281, 0.5073, 0.4892, 0.3418, 0.5, 0.0, 0.501, 0.2882, positive
0.3993, 0.44, 0.4905, 0.4722, 0.5, 0.0, 0.4902, 0.2727, positive
0.3058, 0.4842, 0.5758, 0.1461, 0.5, 0.0, 0.4858, 0.2407, positive
0.4465, 0.5835, 0.5497, 0.1703, 0.5, 0.0, 0.4997, 0.2329, positive
0.4039, 0.4561, 0.5259, 0.1618, 0.5, 0.0, 0.508, 0.2643, positive
0.3992, 0.45, 0.53, 0.1619, 0.5, 0.0, 0.5046, 0.2419, positive
0.6832, 0.4819, 0.5317, 0.2737, 0.5, 0.0, 0.5524, 0.2612, positive
0.4561, 0.5016, 0.5047, 0.2784, 0.5, 0.0, 0.4984, 0.3661, positive
0.399, 0.6605, 0.343, 0.2087, 0.5, 0.0, 0.5203, 0.2605, positive
0.53, 0.54, 0.43, 0.177, 0.5, 0.0, 0.5315, 0.3104, positive
0.59, 0.5234, 0.4667, 0.2534, 0.5, 0.0, 0.5169, 0.31, positive
0.3848, 0.3761, 0.5491, 0.1239, 0.5, 0.0, 0.48, 0.22, positive
0.5023, 0.3455, 0.5777, 0.1659, 0.5, 0.0, 0.5264, 0.22, positive
0.5135, 0.6017, 0.5117, 0.2513, 0.5, 0.0, 0.5417, 0.2339, positive
0.4363, 0.4163, 0.51, 0.3384, 0.5, 0.0, 0.4853, 0.2769, positive
0.6025, 0.5275, 0.4775, 0.26, 0.5, 0.0, 0.525, 0.31, positive
0.409, 0.3755, 0.557, 0.178, 0.5, 0.0, 0.52, 0.279, positive
0.3443, 0.4671, 0.5357, 0.1314, 0.5, 0.0, 0.4814, 0.22, positive
0.43, 0.4132, 0.5604, 0.1996, 0.5, 0.0, 0.5564, 0.3504, positive
0.4228, 0.4116, 0.5388, 0.3016, 0.5, 0.0, 0.4216, 0.22, positive
0.5173, 0.3105, 0.5609, 0.1605, 0.5, 0.0, 0.5527, 0.2214, positive
0.51, 0.4564, 0.5748, 0.2279, 0.5, 0.0, 0.5026, 0.2931, positive
0.5301, 0.37, 0.5855, 0.1655, 0.5, 0.0, 0.51, 0.22, positive
0.4789, 0.3861, 0.5406, 0.2461, 0.5, 0.0, 0.4906, 0.33, positive
0.598, 0.6, 0.57, 0.1816, 0.5, 0.0, 0.4342, 0.22, positive
0.5525, 0.49, 0.455, 0.1676, 0.5, 0.0, 0.4974, 0.22, positive
0.4971, 0.3658, 0.49, 0.1536, 0.5, 0.0, 0.53, 0.2358, positive
0.6773, 0.4721, 0.5534, 0.2855, 0.5, 0.0, 0.5603, 0.2652, positive
0.3997, 0.5293, 0.441, 0.1793, 0.5, 0.0, 0.5394, 0.3101, positive
0.4888, 0.487, 0.5177, 0.1965, 0.5, 0.0, 0.5477, 0.22, positive
0.42, 0.4182, 0.5486, 0.3091, 0.5, 0.0, 0.4295, 0.22, positive
0.4676, 0.4596, 0.53, 0.122, 0.5, 0.0, 0.51, 0.25, positive
0.4872, 0.4127, 0.5201, 0.3301, 0.5, 0.0, 0.5128, 0.4213, positive
0.54, 0.5881, 0.57, 0.173, 0.5, 0.0, 0.443, 0.2289, positive
0.499, 0.521, 0.5047, 0.1842, 0.5, 0.0, 0.5205, 0.22, positive
0.539, 0.6641, 0.5561, 0.1559, 0.5, 0.0, 0.568, 0.3271, positive
0.4903, 0.3949, 0.5944, 0.2205, 0.5, 0.0, 0.5149, 0.3251, positive
0.4463, 0.32, 0.5053, 0.2258, 0.5, 0.0, 0.5258, 0.2463, positive
0.5135, 0.6017, 0.5117, 0.2513, 0.5, 0.0, 0.5417, 0.2339, positive
0.5713, 0.4357, 0.557, 0.143, 0.5, 0.0, 0.5226, 0.22, positive
0.522, 0.588, 0.5259, 0.2281, 0.5, 0.0, 0.5241, 0.22, positive
0.4193, 0.4215, 0.5223, 0.5169, 0.5, 0.0, 0.4938, 0.3369, positive
0.3473, 0.6673, 0.4918, 0.16, 0.5, 0.0, 0.4919, 0.3118, positive
0.4495, 0.65, 0.5091, 0.1695, 0.5, 0.0, 0.4895, 0.2241, positive
0.3763, 0.5613, 0.46, 0.2175, 0.5, 0.0, 0.5013, 0.22, positive
0.37, 0.4388, 0.5562, 0.1363, 0.5, 0.0, 0.4975, 0.22, positive
0.4201, 0.3201, 0.5901, 0.13, 0.5, 0.0, 0.4751, 0.2401, positive
0.6285, 0.6043, 0.5628, 0.1914, 0.5, 0.0, 0.4171, 0.2257, positive
0.3693, 0.5539, 0.6237, 0.1998, 0.5, 0.0, 0.4732, 0.2925, positive
0.4867, 0.4533, 0.5651, 0.2319, 0.5, 0.0, 0.4765, 0.3719, positive
0.3707, 0.5335, 0.46, 0.2286, 0.5, 0.0, 0.4735, 0.22, positive
0.315, 0.4843, 0.4764, 0.3307, 0.5, 0.0, 0.445, 0.2415, positive
0.4895, 0.3813, 0.4897, 0.1503, 0.5, 0.0, 0.5281, 0.2505, positive
0.4407, 0.3824, 0.6066, 0.1959, 0.5, 0.0, 0.52, 0.3024, positive
0.4724, 0.4706, 0.5424, 0.1918, 0.5, 0.0, 0.5094, 0.327, positive
0.6058, 0.6085, 0.5458, 0.1675, 0.5, 0.0, 0.5042, 0.2373, positive
0.4755, 0.4806, 0.4961, 0.2878, 0.5, 0.0, 0.4884, 0.3816, positive
0.4643, 0.3893, 0.5707, 0.1571, 0.5, 0.0, 0.5164, 0.22, positive
0.6304, 0.5971, 0.5542, 0.1787, 1.0, 0.0, 0.525, 0.3025, positive
0.5364, 0.4664, 0.56, 0.1655, 0.5, 0.0, 0.3455, 0.22, positive
0.2818, 0.5153, 0.5559, 0.1141, 0.5, 0.0, 0.46, 0.22, positive
0.4677, 0.5584, 0.543, 0.1577, 0.5, 0.0, 0.5239, 0.2446, positive
0.4684, 0.4, 0.6288, 0.1888, 0.5, 0.0, 0.5204, 0.3227, positive
0.4, 0.3634, 0.5428, 0.13, 0.5, 0.0, 0.4781, 0.22, positive
0.5439, 0.45, 0.6141, 0.132, 0.5, 0.0, 0.518, 0.26, positive
0.4593, 0.5251, 0.4755, 0.3742, 0.5, 0.0, 0.5128, 0.3614, positive
0.503, 0.555, 0.6209, 0.246, 0.5, 0.0, 0.423, 0.22, positive
0.2905, 0.4009, 0.4989, 0.1607, 0.5, 0.0, 0.5107, 0.3398, positive
0.43, 0.3743, 0.5147, 0.2428, 0.5, 0.0, 0.4609, 0.3243, positive
0.351, 0.4863, 0.5127, 0.279, 0.5, 0.0, 0.5232, 0.3646, positive
0.4379, 0.5207, 0.41, 0.2243, 0.5, 0.0, 0.5121, 0.2221, positive
0.4159, 0.7181, 0.4623, 0.1359, 0.5, 0.0, 0.49, 0.22, positive
0.4078, 0.3747, 0.5431, 0.1331, 0.5, 0.0, 0.4862, 0.22, positive
0.4314, 0.5091, 0.5398, 0.1502, 0.5, 0.0, 0.4507, 0.2602, positive
0.3856, 0.4763, 0.523, 0.1207, 0.5, 0.0, 0.5019, 0.3126, positive
0.6028, 0.6, 0.5069, 0.2746, 0.5, 0.0, 0.5215, 0.2285, positive
0.5658, 0.4647, 0.4647, 0.3329, 0.5, 0.0, 0.5, 0.4229, positive
0.4191, 0.4409, 0.5421, 0.1852, 0.5, 0.0, 0.507, 0.25, positive
0.3826, 0.3389, 0.4826, 0.1737, 0.5, 0.0, 0.4752, 0.2311, positive
0.5826, 0.5837, 0.5551, 0.21, 0.5, 0.0, 0.5412, 0.3263, positive
0.4347, 0.3479, 0.6047, 0.1485, 0.5, 0.0, 0.4979, 0.2679, positive
0.432, 0.4139, 0.5002, 0.3282, 0.5, 0.0, 0.4821, 0.282, positive
0.3972, 0.3715, 0.5187, 0.1628, 0.5, 0.0, 0.5115, 0.2559, positive
0.4882, 0.6089, 0.4094, 0.1906, 0.5, 0.0, 0.5729, 0.2853, positive
0.5175, 0.5674, 0.4125, 0.195, 0.5, 0.0, 0.5325, 0.31, positive
0.4019, 0.53, 0.4342, 0.1742, 0.5, 0.0, 0.54, 0.2984, positive
0.4507, 0.4108, 0.5304, 0.4908, 0.5, 0.0, 0.4902, 0.3091, positive
0.3359, 0.3724, 0.5317, 0.1017, 0.5, 0.0, 0.4054, 0.2389, positive
0.3777, 0.4263, 0.4863, 0.1774, 0.5, 0.0, 0.4914, 0.3414, positive
0.3845, 0.5979, 0.4332, 0.21, 0.5, 0.0, 0.52, 0.2289, positive
0.5998, 0.46, 0.4468, 0.4257, 0.5, 0.0, 0.5, 0.3904, positive
0.4093, 0.4452, 0.53, 0.1693, 0.5, 0.0, 0.5107, 0.2514, positive
0.5385, 0.6058, 0.5257, 0.21, 0.5, 0.0, 0.5486, 0.3042, positive
0.5386, 0.5186, 0.4386, 0.18, 0.5, 0.0, 0.5128, 0.2714, positive
0.4875, 0.51, 0.4825, 0.3275, 0.5, 0.0, 0.5125, 0.265, positive
0.4596, 0.3875, 0.6275, 0.1125, 0.5, 0.0, 0.4704, 0.2649, positive
0.5031, 0.3487, 0.6348, 0.3597, 0.5, 0.0, 0.3782, 0.3228, positive
0.4171, 0.3671, 0.5988, 0.2097, 0.5, 0.0, 0.5181, 0.29, positive
0.4552, 0.4896, 0.5149, 0.3498, 0.5, 0.0, 0.4798, 0.2402, positive
0.6048, 0.46, 0.4435, 0.4474, 0.5, 0.0, 0.5, 0.3804, positive
0.4468, 0.6404, 0.5164, 0.202, 0.5, 0.0, 0.49, 0.22, positive
0.4263, 0.4242, 0.5531, 0.3048, 0.5, 0.0, 0.431, 0.22, positive
0.58, 0.48, 0.56, 0.1122, 0.5, 0.0, 0.46, 0.25, positive
0.43, 0.4002, 0.5993, 0.1607, 0.5, 0.0, 0.5304, 0.3893, positive
0.3881, 0.3472, 0.4881, 0.1709, 0.5, 0.0, 0.4862, 0.2228, positive
0.3364, 0.54, 0.5082, 0.4337, 0.5, 0.0, 0.5082, 0.2246, positive
0.4196, 0.4468, 0.5172, 0.1636, 0.5, 0.0, 0.494, 0.2564, positive
0.308, 0.5005, 0.5365, 0.3215, 0.5, 0.0, 0.528, 0.3085, positive
0.442, 0.65, 0.4836, 0.164, 0.5, 0.0, 0.483, 0.31, positive
0.4544, 0.4429, 0.5672, 0.2813, 0.5, 0.0, 0.4357, 0.22, positive
0.611, 0.6053, 0.551, 0.1063, 0.5, 0.0, 0.5137, 0.2605, positive
0.521, 0.3459, 0.571, 0.3272, 0.5, 0.0, 0.4879, 0.3521, positive
0.5093, 0.4388, 0.4953, 0.3259, 0.5, 0.0, 0.5141, 0.43, positive
0.3866, 0.4636, 0.5034, 0.1431, 0.5, 0.0, 0.5033, 0.3331, positive
0.4633, 0.5496, 0.4373, 0.3504, 0.5, 0.0, 0.51, 0.36, positive
0.4104, 0.4075, 0.5003, 0.4875, 0.5, 0.0, 0.4999, 0.3075, positive
0.3892, 0.5921, 0.65, 0.1483, 0.5, 0.0, 0.4837, 0.3071, positive
0.3932, 0.46, 0.5921, 0.1879, 0.5, 0.0, 0.5653, 0.2679, positive
0.3764, 0.4573, 0.4055, 0.2709, 0.5, 0.0, 0.45, 0.2264, positive
0.5452, 0.4999, 0.5252, 0.1302, 0.5, 0.0, 0.4951, 0.3797, positive
0.4671, 0.32, 0.5094, 0.2383, 0.5, 0.0, 0.5383, 0.2671, positive
0.332, 0.589, 0.5896, 0.169, 0.5, 0.0, 0.4875, 0.22, positive
0.5368, 0.49, 0.5956, 0.1932, 0.5, 0.0, 0.4923, 0.22, positive
0.3489, 0.3944, 0.5889, 0.2178, 0.5, 0.0, 0.4689, 0.3644, positive
0.493, 0.5, 0.4765, 0.3225, 0.5, 0.0, 0.4989, 0.27, positive
0.3677, 0.443, 0.5347, 0.1365, 0.5, 0.0, 0.4888, 0.22, positive
0.4743, 0.4786, 0.58, 0.4043, 0.5, 0.0, 0.5514, 0.2629, positive
0.4243, 0.4524, 0.53, 0.1581, 0.5, 0.0, 0.51, 0.25, positive
0.5305, 0.4605, 0.56, 0.1662, 0.5, 0.0, 0.3462, 0.22, positive
0.547, 0.454, 0.581, 0.246, 0.5, 0.0, 0.488, 0.22, positive
0.4766, 0.4941, 0.4692, 0.2892, 0.5, 0.0, 0.4592, 0.2717, positive
0.58, 0.3909, 0.577, 0.151, 0.5, 0.0, 0.519, 0.22, positive
0.4307, 0.5056, 0.5393, 0.1529, 0.5, 0.0, 0.4471, 0.2615, positive
0.3964, 0.4389, 0.4936, 0.1629, 0.5, 0.0, 0.5082, 0.3529, positive
0.4729, 0.4647, 0.4982, 0.3182, 0.5, 0.0, 0.46, 0.2629, positive
0.5251, 0.4, 0.5749, 0.1257, 0.5, 0.0, 0.5292, 0.32, positive
0.4658, 0.3166, 0.51, 0.2392, 0.5, 0.0, 0.5392, 0.27, positive
0.3408, 0.6612, 0.5091, 0.1595, 0.5, 0.0, 0.4703, 0.3285, positive
0.5425, 0.3538, 0.6125, 0.12, 0.5, 0.0, 0.4325, 0.2987, positive
0.54, 0.5637, 0.5626, 0.18, 0.5, 0.0, 0.4685, 0.2389, positive
0.4363, 0.3456, 0.6063, 0.1431, 0.5, 0.0, 0.4956, 0.2656, positive
0.5279, 0.5432, 0.4295, 0.1042, 0.5, 0.0, 0.5705, 0.3179, positive
0.3793, 0.2593, 0.599, 0.1007, 0.507, 0.0, 0.4806, 0.4408, positive
0.3951, 0.5251, 0.5977, 0.21, 0.5, 0.0, 0.48, 0.3251, positive
0.5687, 0.4949, 0.5487, 0.1751, 0.5, 0.0, 0.3626, 0.22, positive
0.34, 0.475, 0.4708, 0.19, 0.5, 0.0, 0.4967, 0.3008, positive
0.3211, 0.5166, 0.4877, 0.4411, 0.5, 0.0, 0.5145, 0.2378, positive
0.5888, 0.5865, 0.4897, 0.1156, 0.5, 0.0, 0.51, 0.22, positive
0.4012, 0.3842, 0.54, 0.2273, 0.5, 0.0, 0.5358, 0.2412, positive
0.3163, 0.4828, 0.4956, 0.1644, 0.5, 0.0, 0.4691, 0.22, positive
0.51, 0.4, 0.5622, 0.2467, 0.5, 0.0, 0.5089, 0.3244, positive
0.37, 0.4945, 0.4296, 0.2503, 0.5, 0.0, 0.4599, 0.22, positive
0.5793, 0.3693, 0.5798, 0.16, 0.5, 0.0, 0.5105, 0.22, positive
0.5231, 0.4106, 0.63, 0.2059, 0.5, 0.0, 0.605, 0.32, positive
0.6717, 0.4628, 0.5738, 0.2966, 0.5, 0.0, 0.5677, 0.2689, positive
0.4688, 0.5829, 0.3819, 0.3171, 0.5, 0.0, 0.51, 0.36, positive
0.58, 0.48, 0.56, 0.1176, 0.5, 0.0, 0.46, 0.25, positive
0.3095, 0.4325, 0.461, 0.186, 0.5, 0.0, 0.536, 0.3335, positive
0.5022, 0.4676, 0.5625, 0.25, 0.5, 0.0, 0.5098, 0.22, positive
0.5675, 0.46, 0.46, 0.3275, 0.5, 0.0, 0.5333, 0.4508, positive
0.3681, 0.4511, 0.5285, 0.1411, 0.5, 0.0, 0.4892, 0.22, positive
0.45, 0.4413, 0.5425, 0.4525, 0.5, 0.0, 0.5275, 0.3538, positive
0.43, 0.5329, 0.4357, 0.1557, 0.5, 0.0, 0.5371, 0.2414, positive
0.5387, 0.6621, 0.5547, 0.1579, 0.5, 0.0, 0.5674, 0.3261, positive
0.4912, 0.6254, 0.3757, 0.2266, 0.5, 0.0, 0.5378, 0.31, positive
0.5689, 0.5122, 0.5789, 0.2185, 0.5, 0.0, 0.5096, 0.22, positive
0.2809, 0.5109, 0.5499, 0.1106, 0.5, 0.0, 0.4606, 0.22, positive
0.6188, 0.5091, 0.5197, 0.4215, 0.5, 0.0, 0.5403, 0.2685, positive
0.5491, 0.3991, 0.6217, 0.2213, 0.5, 0.0, 0.3726, 0.2774, positive
0.4389, 0.4444, 0.4944, 0.1533, 0.5, 0.0, 0.46, 0.2646, positive
0.5653, 0.5217, 0.5294, 0.1553, 0.5, 0.0, 0.4947, 0.3711, positive
0.5099, 0.3904, 0.5601, 0.2499, 0.5, 0.0, 0.5097, 0.3304, positive
0.3018, 0.4007, 0.4189, 0.4807, 0.5, 0.0, 0.527, 0.3007, positive
0.5245, 0.5045, 0.5234, 0.2045, 0.5, 0.0, 0.4832, 0.22, positive
0.4797, 0.43, 0.5131, 0.3225, 0.5, 0.0, 0.5188, 0.4312, positive
0.4418, 0.6548, 0.3505, 0.2257, 0.5, 0.0, 0.5305, 0.2862, positive
0.5374, 0.3874, 0.6452, 0.2389, 0.5, 0.0, 0.4078, 0.2422, positive
0.3787, 0.4735, 0.4961, 0.4578, 0.5, 0.0, 0.4961, 0.2548, positive
0.5127, 0.6336, 0.5318, 0.3073, 0.5, 0.0, 0.4573, 0.22, positive
0.4774, 0.4626, 0.5512, 0.2086, 0.5, 0.0, 0.4951, 0.3486, positive
0.4767, 0.3858, 0.5392, 0.2458, 0.5, 0.0, 0.4892, 0.33, positive
0.5049, 0.427, 0.5659, 0.1749, 0.5, 0.0, 0.352, 0.2259, positive
0.4891, 0.3823, 0.4895, 0.1505, 0.5, 0.0, 0.5268, 0.2509, positive
0.52, 0.4744, 0.5456, 0.2716, 0.5, 0.0, 0.5344, 0.22, positive
0.435, 0.618, 0.5285, 0.2695, 0.5, 0.0, 0.491, 0.22, positive
0.49, 0.48, 0.5111, 0.2089, 0.5, 0.0, 0.5322, 0.22, positive
0.4746, 0.4801, 0.5872, 0.3499, 0.5, 0.0, 0.4937, 0.4518, positive
0.4352, 0.351, 0.5862, 0.1886, 0.5, 0.0, 0.5542, 0.2748, positive
0.6128, 0.4739, 0.4622, 0.4561, 0.5, 0.0, 0.5111, 0.3423, positive
0.58, 0.48, 0.56, 0.1162, 0.5, 0.0, 0.46, 0.25, positive
0.6185, 0.5629, 0.4946, 0.2815, 0.5, 0.0, 0.5207, 0.2617, positive
0.3329, 0.6388, 0.4994, 0.1494, 0.5, 0.0, 0.4912, 0.2911, positive
0.3667, 0.4383, 0.4692, 0.1825, 0.5, 0.0, 0.5267, 0.3475, positive
0.5738, 0.4592, 0.4623, 0.3369, 0.5, 0.0, 0.4977, 0.4277, positive
0.4397, 0.429, 0.4613, 0.28, 0.5, 0.0, 0.4487, 0.2882, positive
0.4703, 0.4293, 0.4801, 0.1599, 0.5, 0.0, 0.461, 0.2697, positive
0.484, 0.4979, 0.526, 0.1481, 0.5, 0.0, 0.51, 0.33, positive
0.5432, 0.4993, 0.5854, 0.2146, 0.5, 0.0, 0.4886, 0.22, positive
0.3493, 0.4355, 0.4831, 0.1683, 0.5, 0.0, 0.4631, 0.31, positive
0.3556, 0.4288, 0.54, 0.2563, 0.5, 0.0, 0.5237, 0.2526, positive
0.4232, 0.3858, 0.5742, 0.2063, 0.5, 0.0, 0.5358, 0.3026, positive
0.4567, 0.5635, 0.52, 0.2946, 0.5, 0.0, 0.5167, 0.22, positive
0.3884, 0.3009, 0.5682, 0.13, 0.5, 0.0, 0.4636, 0.22, positive
0.5831, 0.5789, 0.6052, 0.3208, 1.0, 0.0, 0.5687, 0.3681, positive
0.518, 0.4925, 0.568, 0.5715, 0.5, 0.0, 0.511, 0.2245, positive
0.4653, 0.6165, 0.3981, 0.1882, 0.5, 0.0, 0.5635, 0.2745, positive
0.59, 0.5055, 0.4577, 0.2355, 0.5, 0.0, 0.4809, 0.31, positive
0.6614, 0.4933, 0.5284, 0.0925, 0.5, 0.0, 0.5275, 0.2367, positive
0.3213, 0.604, 0.482, 0.132, 0.5, 0.0, 0.526, 0.2274, positive
0.4167, 0.5173, 0.552, 0.2627, 0.5, 0.0, 0.4827, 0.3267, positive
0.5791, 0.4786, 0.5614, 0.1209, 0.5, 0.0, 0.4623, 0.2505, positive
0.5592, 0.4905, 0.5392, 0.1489, 0.5, 0.0, 0.4997, 0.3516, positive
0.3625, 0.58, 0.5151, 0.1974, 0.5, 0.0, 0.4851, 0.22, positive
0.3724, 0.4686, 0.5043, 0.1414, 0.5, 0.0, 0.4924, 0.3181, positive
0.5595, 0.4895, 0.4697, 0.13, 0.5, 0.0, 0.5195, 0.22, positive
0.6555, 0.546, 0.502, 0.151, 0.5, 0.0, 0.537, 0.3555, positive
0.5297, 0.3838, 0.6281, 0.2809, 0.5, 0.0, 0.37, 0.3003, positive
0.6705, 0.5038, 0.5262, 0.0924, 0.5, 0.0, 0.5214, 0.22, positive
0.5809, 0.46, 0.4594, 0.3439, 0.5, 0.0, 0.5, 0.4282, positive
0.58, 0.4968, 0.5095, 0.12, 0.5, 0.0, 0.4768, 0.25, positive
0.3232, 0.4549, 0.4449, 0.1984, 0.5, 0.0, 0.5419, 0.3251, positive
0.4294, 0.3194, 0.5234, 0.1547, 0.5, 0.0, 0.5113, 0.22, positive
0.5449, 0.4707, 0.4707, 0.1259, 0.5, 0.0, 0.48, 0.2324, positive
0.5191, 0.5564, 0.4273, 0.18, 0.5, 0.0, 0.5437, 0.3018, positive
0.3017, 0.5449, 0.5811, 0.1611, 0.5, 0.0, 0.6044, 0.2789, positive
0.51, 0.4678, 0.5773, 0.2241, 0.5, 0.0, 0.5014, 0.2868, positive
0.5181, 0.4637, 0.5637, 0.2444, 0.5, 0.0, 0.5163, 0.2312, positive
0.52, 0.46, 0.56, 0.25, 0.5, 0.0, 0.52, 0.22, positive
0.55, 0.59, 0.5301, 0.1501, 0.5, 0.0, 0.4898, 0.22, positive
0.4822, 0.5833, 0.5156, 0.2711, 0.5, 0.0, 0.5289, 0.22, positive
0.4562, 0.6154, 0.5254, 0.2677, 0.5, 0.0, 0.5016, 0.22, positive
0.4389, 0.3289, 0.5472, 0.1594, 0.5, 0.0, 0.4922, 0.22, positive
0.446, 0.521, 0.5305, 0.376, 0.5, 0.0, 0.509, 0.2275, positive
0.3451, 0.4101, 0.5526, 0.2751, 0.5, 0.0, 0.4824, 0.2324, positive
0.539, 0.492, 0.5355, 0.2055, 0.5, 0.0, 0.4275, 0.22, positive
0.4852, 0.5348, 0.5013, 0.1739, 0.5, 0.0, 0.5274, 0.22, positive
0.5686, 0.5128, 0.5786, 0.2182, 0.5, 0.0, 0.5095, 0.22, positive
0.4321, 0.3221, 0.5303, 0.1561, 0.5, 0.0, 0.5058, 0.22, positive
0.5754, 0.4377, 0.5631, 0.1369, 0.5, 0.0, 0.5309, 0.22, positive
0.5634, 0.4769, 0.6002, 0.2567, 0.5, 0.0, 0.5102, 0.22, positive
0.4176, 0.4729, 0.5338, 0.1624, 0.5, 0.0, 0.4871, 0.2538, positive
0.3987, 0.4293, 0.5172, 0.5349, 0.5, 0.0, 0.4964, 0.3549, positive
0.4934, 0.4777, 0.5157, 0.2145, 0.5, 0.0, 0.5289, 0.22, positive
0.4499, 0.4134, 0.6233, 0.1564, 0.5, 0.0, 0.5401, 0.3536, positive
0.3908, 0.45, 0.53, 0.1556, 0.5, 0.0, 0.5004, 0.2356, positive
0.3246, 0.6137, 0.4868, 0.1368, 0.5, 0.0, 0.5163, 0.245, positive
0.3616, 0.4396, 0.466, 0.1844, 0.5, 0.0, 0.5292, 0.3456, positive
0.577, 0.5277, 0.5541, 0.1659, 0.5, 0.0, 0.34, 0.2259, positive
0.3566, 0.5524, 0.4779, 0.2434, 0.5, 0.0, 0.4879, 0.22, positive
0.3568, 0.3376, 0.5007, 0.1493, 0.5, 0.0, 0.4105, 0.2324, positive
0.4137, 0.5288, 0.41, 0.1599, 0.5, 0.0, 0.5363, 0.2463, positive
0.5479, 0.4981, 0.5279, 0.1339, 0.5, 0.0, 0.496, 0.3742, positive
0.3221, 0.5906, 0.6446, 0.184, 0.5, 0.0, 0.4627, 0.2347, positive
0.5014, 0.3612, 0.6394, 0.3657, 0.5, 0.0, 0.37, 0.3286, positive
0.3682, 0.3024, 0.5651, 0.13, 0.5, 0.0, 0.4698, 0.22, positive
0.359, 0.3214, 0.6304, 0.3434, 0.5, 0.0, 0.5, 0.2962, positive
0.3981, 0.3165, 0.5596, 0.221, 1.0, 0.0, 0.5407, 0.4704, positive
0.463, 0.6521, 0.3557, 0.2336, 0.5, 0.0, 0.5357, 0.2994, positive
0.3473, 0.4305, 0.54, 0.2627, 0.5, 0.0, 0.5214, 0.2614, positive
0.2709, 0.5106, 0.4706, 0.3512, 0.5, 0.0, 0.4903, 0.2791, positive
0.4295, 0.4435, 0.504, 0.157, 0.5, 0.0, 0.4775, 0.263, positive
0.5005, 0.4272, 0.6128, 0.2559, 0.5, 0.0, 0.4359, 0.22, positive
0.5522, 0.6182, 0.5396, 0.1882, 0.5, 0.0, 0.3792, 0.2443, positive
0.4756, 0.4781, 0.4875, 0.3075, 0.5, 0.0, 0.46, 0.2656, positive
0.331, 0.349, 0.5648, 0.189, 0.5, 0.0, 0.5019, 0.2296, positive
0.4961, 0.4765, 0.5661, 0.2096, 0.5, 0.0, 0.5035, 0.2974, positive
0.4749, 0.6192, 0.3651, 0.276, 0.5, 0.0, 0.5246, 0.3357, positive
0.3205, 0.3457, 0.5584, 0.1957, 0.5, 0.0, 0.4513, 0.3222, positive
0.6162, 0.4921, 0.5419, 0.1079, 0.5, 0.0, 0.4902, 0.2319, positive
0.5476, 0.5524, 0.5776, 0.1649, 0.5, 0.0, 0.4765, 0.2576, positive
0.5514, 0.49, 0.4528, 0.1731, 0.5, 0.0, 0.4941, 0.22, positive
0.489, 0.47, 0.5285, 0.1615, 0.5, 0.0, 0.4815, 0.2695, positive
0.3759, 0.4859, 0.5015, 0.2541, 0.5, 0.0, 0.52, 0.3974, positive
0.5049, 0.6015, 0.5115, 0.2607, 0.5, 0.0, 0.5363, 0.22, positive
0.5698, 0.4497, 0.54, 0.1354, 0.5, 0.0, 0.5049, 0.2397, positive
0.6245, 0.4948, 0.5377, 0.1, 0.5, 0.0, 0.4971, 0.2277, positive
0.2884, 0.5054, 0.5021, 0.3362, 0.5, 0.0, 0.5084, 0.2938, positive
0.5692, 0.2918, 0.6306, 0.2206, 0.5, 0.0, 0.4888, 0.269, positive
0.5704, 0.5951, 0.5294, 0.3197, 0.5, 0.0, 0.5103, 0.22, positive
0.4267, 0.3068, 0.5436, 0.2568, 0.5, 0.0, 0.4897, 0.27, positive
0.5547, 0.5417, 0.5663, 0.1727, 0.5, 0.0, 0.4097, 0.239, positive
0.4384, 0.3152, 0.5632, 0.1652, 0.5, 0.0, 0.6028, 0.2524, positive
0.4492, 0.6454, 0.5123, 0.1708, 0.5, 0.0, 0.49, 0.22, positive
0.5523, 0.5087, 0.3406, 0.4707, 0.5, 0.0, 0.4852, 0.2264, positive
0.4062, 0.4626, 0.571, 0.0864, 0.5, 0.0, 0.5087, 0.2851, positive
0.5361, 0.51, 0.5461, 0.2115, 0.5, 0.0, 0.4591, 0.22, positive
0.5386, 0.6617, 0.5544, 0.1583, 0.5, 0.0, 0.5672, 0.3258, positive
0.5728, 0.5531, 0.5456, 0.1744, 0.5, 0.0, 0.34, 0.2344, positive
0.4709, 0.3182, 0.5764, 0.1682, 0.5, 0.0, 0.5991, 0.2445, positive
0.4896, 0.4827, 0.4904, 0.3365, 0.5, 0.0, 0.4993, 0.2665, positive
0.4059, 0.5159, 0.509, 0.2241, 0.5, 0.0, 0.52, 0.4348, positive
0.42, 0.3153, 0.5, 0.1816, 0.5, 0.0, 0.5195, 0.22, positive
0.42, 0.2933, 0.5067, 0.2234, 0.5, 0.0, 0.5234, 0.2534, positive
0.5966, 0.6097, 0.5245, 0.1117, 0.5, 0.0, 0.51, 0.22, positive
0.52, 0.4638, 0.5562, 0.2558, 0.5, 0.0, 0.5238, 0.22, positive
0.46, 0.5012, 0.4988, 0.2837, 0.5, 0.0, 0.5004, 0.3696, positive
0.4868, 0.46, 0.5766, 0.2583, 0.5, 0.0, 0.4535, 0.22, positive
0.6133, 0.5716, 0.5561, 0.1167, 0.5, 0.0, 0.5116, 0.3467, positive
0.4135, 0.5811, 0.6376, 0.1435, 0.5, 0.0, 0.4918, 0.3353, positive
0.3489, 0.5835, 0.5027, 0.2609, 0.5, 0.0, 0.5082, 0.22, positive
0.3312, 0.2136, 0.5276, 0.15, 0.9397, 0.0, 0.5224, 0.4879, positive
0.43, 0.3524, 0.533, 0.2538, 0.5, 0.0, 0.4646, 0.3024, positive
0.4597, 0.32, 0.5079, 0.2338, 0.5, 0.0, 0.5338, 0.2597, positive
0.5391, 0.4536, 0.5727, 0.25, 0.5, 0.0, 0.5009, 0.22, positive
0.4452, 0.4351, 0.5299, 0.3201, 0.5, 0.0, 0.4451, 0.2401, positive
0.5569, 0.4624, 0.5931, 0.1524, 0.5, 0.0, 0.51, 0.2476, positive
0.5296, 0.5096, 0.5388, 0.2096, 0.5, 0.0, 0.4524, 0.22, positive
0.618, 0.5, 0.504, 0.43, 0.5, 0.0, 0.532, 0.2901, positive
0.5263, 0.5026, 0.5586, 0.21, 0.5, 0.0, 0.4574, 0.22, positive
0.2333, 0.209, 0.5316, 0.1943, 0.5, 0.0, 0.4449, 0.22, positive
0.4538, 0.4264, 0.53, 0.5039, 0.5, 0.0, 0.4951, 0.31, positive
0.5592, 0.536, 0.5908, 0.1432, 0.5, 0.0, 0.5192, 0.266, positive
0.5406, 0.4524, 0.6188, 0.1331, 0.5, 0.0, 0.5194, 0.2576, positive
0.48, 0.4534, 0.5762, 0.4045, 0.5, 0.0, 0.5462, 0.2562, positive
0.4384, 0.4061, 0.5339, 0.4958, 0.5, 0.0, 0.4667, 0.2809, positive
0.3876, 0.475, 0.5276, 0.1174, 0.5, 0.0, 0.5025, 0.3099, positive
0.5637, 0.4374, 0.54, 0.1508, 0.5, 0.0, 0.5018, 0.2274, positive
0.4726, 0.3179, 0.5758, 0.1679, 0.5, 0.0, 0.5974, 0.2437, positive
0.3759, 0.42, 0.5563, 0.2911, 0.5, 0.0, 0.4552, 0.22, positive
0.4494, 0.4, 0.6145, 0.1745, 0.5, 0.0, 0.5252, 0.3561, positive
0.4576, 0.4485, 0.5729, 0.4185, 0.5, 0.0, 0.5233, 0.4144, positive
0.3195, 0.4148, 0.4469, 0.5095, 0.5, 0.0, 0.5189, 0.3295, positive
0.2685, 0.3624, 0.4893, 0.1707, 0.5, 0.0, 0.4616, 0.3346, positive
0.5651, 0.4325, 0.5476, 0.1524, 0.5, 0.0, 0.5101, 0.22, positive
0.58, 0.3726, 0.5796, 0.1589, 0.5, 0.0, 0.5111, 0.22, positive
0.4225, 0.3503, 0.6176, 0.1451, 0.5, 0.0, 0.2006, 0.2851, positive
0.4386, 0.5272, 0.5486, 0.15, 0.5, 0.0, 0.4701, 0.26, positive
0.5127, 0.49, 0.5879, 0.2142, 0.5, 0.0, 0.471, 0.22, positive
0.6437, 0.5202, 0.47, 0.2502, 0.5, 0.0, 0.53, 0.2807, positive
0.466, 0.4653, 0.5713, 0.4194, 0.5, 0.0, 0.5553, 0.3215, positive
0.5311, 0.6164, 0.5243, 0.2036, 0.5, 0.0, 0.5521, 0.3032, positive
0.4255, 0.3866, 0.5955, 0.1779, 0.5, 0.0, 0.5255, 0.3453, positive
0.4753, 0.4886, 0.5834, 0.3414, 0.5, 0.0, 0.496, 0.4487, positive
0.4179, 0.3876, 0.54, 0.2173, 0.5, 0.0, 0.5324, 0.2579, positive
0.58, 0.4854, 0.5438, 0.12, 0.5, 0.0, 0.4654, 0.25, positive
0.3964, 0.4487, 0.4226, 0.2738, 0.5, 0.0, 0.45, 0.2464, positive
0.5612, 0.51, 0.324, 0.4886, 0.5, 0.0, 0.4812, 0.221, positive
0.4729, 0.4839, 0.4968, 0.2864, 0.5, 0.0, 0.4903, 0.3797, positive
0.5379, 0.5494, 0.5637, 0.1863, 0.5, 0.0, 0.45, 0.2437, positive
0.3969, 0.45, 0.53, 0.1602, 0.5, 0.0, 0.5035, 0.2402, positive
0.5576, 0.6216, 0.526, 0.1976, 0.5, 0.0, 0.3532, 0.2588, positive
0.3458, 0.2356, 0.4944, 0.1644, 0.5, 0.0, 0.5023, 0.22, positive
0.4044, 0.5556, 0.4397, 0.2181, 0.5, 0.0, 0.5159, 0.22, positive
0.456, 0.4496, 0.5028, 0.1532, 0.5, 0.0, 0.4664, 0.27, positive
0.5237, 0.3758, 0.6558, 0.2753, 0.5, 0.0, 0.4174, 0.2432, positive
0.5, 0.5299, 0.5399, 0.1549, 0.5, 0.0, 0.505, 0.3549, positive
0.5657, 0.5083, 0.5809, 0.2191, 0.5, 0.0, 0.5065, 0.22, positive
0.5039, 0.4893, 0.5154, 0.2, 0.5, 0.0, 0.5315, 0.22, positive
0.3383, 0.3965, 0.5424, 0.2683, 0.5, 0.0, 0.4993, 0.2493, positive
0.4776, 0.4747, 0.6122, 0.17, 0.5, 0.0, 0.3202, 0.2498, positive
0.3684, 0.34, 0.6498, 0.2482, 0.5, 0.0, 0.5086, 0.3029, positive
0.1317, 0.4228, 0.6547, 0.1274, 0.5, 0.0, 0.4513, 0.2811, positive
0.58, 0.4943, 0.517, 0.12, 0.5, 0.0, 0.4743, 0.25, positive
0.5009, 0.4873, 0.51, 0.2064, 0.5, 0.0, 0.5227, 0.22, positive
0.4406, 0.5312, 0.5506, 0.15, 0.5, 0.0, 0.4748, 0.26, positive
0.58, 0.4743, 0.5486, 0.1057, 0.5, 0.0, 0.4885, 0.2557, positive
0.4093, 0.3242, 0.4964, 0.1571, 0.5, 0.0, 0.5158, 0.22, positive
0.5196, 0.4603, 0.5595, 0.2493, 0.5, 0.0, 0.5204, 0.22, positive
0.6161, 0.4903, 0.4885, 0.4397, 0.5, 0.0, 0.5242, 0.3094, positive
0.3866, 0.4529, 0.4142, 0.2724, 0.5, 0.0, 0.45, 0.2366, positive
0.232, 0.2132, 0.5249, 0.198, 0.5, 0.0, 0.438, 0.2312, positive
0.5924, 0.6154, 0.5385, 0.1161, 0.5, 0.0, 0.5069, 0.22, positive
0.44, 0.6352, 0.5023, 0.1649, 0.5, 0.0, 0.4825, 0.2879, positive
0.5768, 0.3796, 0.5736, 0.16, 0.5, 0.0, 0.5084, 0.22, positive
0.3193, 0.5037, 0.5531, 0.3219, 0.5, 0.0, 0.5281, 0.3212, positive
0.43, 0.3629, 0.5243, 0.2486, 0.5, 0.0, 0.4629, 0.3129, positive
0.2804, 0.3169, 0.5517, 0.1404, 0.5, 0.0, 0.5, 0.22, positive
0.371, 0.5352, 0.46, 0.2279, 0.5, 0.0, 0.4752, 0.22, positive
0.3676, 0.534, 0.4632, 0.2324, 0.5, 0.0, 0.4732, 0.22, positive
0.5157, 0.5338, 0.5828, 0.229, 0.5, 0.0, 0.4357, 0.22, positive
0.4736, 0.3882, 0.5187, 0.15, 0.5, 0.0, 0.5259, 0.2377, positive
0.5404, 0.5293, 0.5302, 0.1696, 0.5, 0.0, 0.5098, 0.3893, positive
0.4644, 0.3966, 0.6255, 0.1911, 0.5, 0.0, 0.52, 0.3166, positive
0.37, 0.5499, 0.4759, 0.226, 0.5, 0.0, 0.47, 0.22, positive
0.3718, 0.4509, 0.53, 0.1412, 0.5, 0.0, 0.4891, 0.22, positive
0.3646, 0.4254, 0.6, 0.1367, 0.5, 0.0, 0.51, 0.2254, positive
0.481, 0.4, 0.619, 0.1772, 0.5, 0.0, 0.5218, 0.32, positive
0.5126, 0.4826, 0.5826, 0.2174, 0.5, 0.0, 0.4923, 0.2645, positive
0.4668, 0.4915, 0.4983, 0.2834, 0.5, 0.0, 0.4949, 0.3751, positive
0.4766, 0.4833, 0.5334, 0.1701, 0.5, 0.0, 0.51, 0.33, positive
0.3428, 0.48, 0.4728, 0.1858, 0.5, 0.0, 0.5, 0.3014, positive
0.5689, 0.4034, 0.5577, 0.16, 0.5, 0.0, 0.5044, 0.22, positive
0.4743, 0.3857, 0.6257, 0.1143, 0.5, 0.0, 0.4557, 0.2686, positive
0.4184, 0.4472, 0.5188, 0.1644, 0.5, 0.0, 0.496, 0.2556, positive
0.4577, 0.6184, 0.5469, 0.3615, 0.5, 0.0, 0.53, 0.4369, positive
0.5563, 0.6244, 0.5294, 0.1944, 0.5, 0.0, 0.3587, 0.2525, positive
0.3724, 0.5929, 0.5097, 0.2632, 0.5, 0.0, 0.5035, 0.22, positive
0.5215, 0.344, 0.5715, 0.3304, 0.5, 0.0, 0.487, 0.353, positive
0.5649, 0.4951, 0.5846, 0.26, 0.5, 0.0, 0.5251, 0.2454, positive
0.6633, 0.6055, 0.4803, 0.0291, 0.8788, 0.0, 0.4797, 0.22, positive
0.5346, 0.51, 0.5446, 0.2111, 0.5, 0.0, 0.4569, 0.22, positive
0.305, 0.385, 0.48, 0.1861, 0.5, 0.0, 0.4444, 0.3178, positive
0.6169, 0.5142, 0.5173, 0.26, 0.5, 0.0, 0.5158, 0.2985, positive
0.6484, 0.5516, 0.5074, 0.1658, 0.5, 0.0, 0.54, 0.4239, positive
0.5238, 0.5493, 0.4285, 0.1123, 0.5, 0.0, 0.5715, 0.3138, positive
0.3092, 0.3952, 0.5096, 0.1263, 0.5, 0.0, 0.4908, 0.3111, positive
0.486, 0.4766, 0.494, 0.3353, 0.5, 0.0, 0.492, 0.2653, positive
0.4505, 0.4636, 0.5459, 0.4269, 0.5, 0.0, 0.5479, 0.379, positive
0.5733, 0.4699, 0.5701, 0.1135, 0.5, 0.0, 0.4768, 0.2534, positive
0.6852, 0.5246, 0.424, 0.22, 0.5, 0.0, 0.5019, 0.284, positive
0.5049, 0.3894, 0.5568, 0.2494, 0.5, 0.0, 0.5068, 0.33, positive
0.35, 0.4202, 0.5598, 0.2798, 0.5, 0.0, 0.4705, 0.2204, positive
0.42, 0.4071, 0.5403, 0.3036, 0.5, 0.0, 0.4268, 0.22, positive
0.4381, 0.4224, 0.4695, 0.28, 0.5, 0.0, 0.4405, 0.2767, positive
0.3147, 0.5398, 0.4998, 0.4096, 0.5, 0.0, 0.5049, 0.2353, positive
0.58, 0.48, 0.56, 0.1136, 0.5, 0.0, 0.46, 0.25, positive
0.5176, 0.4876, 0.5876, 0.2124, 0.5, 0.0, 0.4772, 0.2344, positive
0.5202, 0.4179, 0.5843, 0.1902, 0.5, 0.0, 0.3581, 0.2443, positive
0.6117, 0.4906, 0.5441, 0.1, 0.5, 0.0, 0.4864, 0.2341, positive
0.4465, 0.4147, 0.51, 0.3006, 0.5, 0.0, 0.4247, 0.2365, positive
0.3309, 0.493, 0.526, 0.2991, 0.5, 0.0, 0.5265, 0.3379, positive
0.4342, 0.3893, 0.5365, 0.2058, 0.5, 0.0, 0.53, 0.2686, positive
0.7198, 0.5098, 0.5883, 0.2585, 0.5, 0.0, 0.5202, 0.2285, positive
0.5938, 0.5293, 0.47, 0.2593, 0.5, 0.0, 0.53, 0.3079, positive
0.4325, 0.3975, 0.5988, 0.1625, 0.5, 0.0, 0.5188, 0.3975, positive
0.4835, 0.4354, 0.4719, 0.1519, 0.5, 0.0, 0.4654, 0.2565, positive
0.4975, 0.4531, 0.4906, 0.2988, 0.5, 0.0, 0.4718, 0.3982, positive
0.5709, 0.51, 0.3562, 0.4773, 0.5, 0.0, 0.4909, 0.2291, positive
0.5607, 0.5007, 0.5613, 0.2573, 0.5, 0.0, 0.5287, 0.2667, positive
0.3474, 0.3871, 0.5874, 0.2148, 0.5, 0.0, 0.4674, 0.3571, positive
0.3557, 0.5881, 0.593, 0.3598, 0.5, 0.0, 0.5243, 0.3657, positive
0.5389, 0.4553, 0.4679, 0.3116, 0.5, 0.0, 0.5705, 0.4721, positive
0.3826, 0.4828, 0.5, 0.2628, 0.5, 0.0, 0.5172, 0.3872, positive
0.4523, 0.332, 0.55, 0.1702, 0.5, 0.0, 0.49, 0.22, positive
0.5359, 0.454, 0.4701, 0.312, 0.5, 0.0, 0.5679, 0.4699, positive
0.4267, 0.5002, 0.5384, 0.1533, 0.5, 0.0, 0.4598, 0.2584, positive
0.5382, 0.6018, 0.52, 0.2166, 0.5, 0.0, 0.5533, 0.3082, positive
0.37, 0.4444, 0.543, 0.1381, 0.5, 0.0, 0.4937, 0.22, positive
0.4933, 0.4433, 0.4967, 0.3067, 0.5, 0.0, 0.4867, 0.41, positive
0.6338, 0.5557, 0.4691, 0.1862, 0.5, 0.0, 0.5191, 0.3914, positive
0.5456, 0.4928, 0.5528, 0.2672, 0.5, 0.0, 0.5336, 0.2521, positive
0.4314, 0.4337, 0.4526, 0.2788, 0.5, 0.0, 0.45, 0.2814, positive
0.3878, 0.5178, 0.5796, 0.21, 0.5, 0.0, 0.48, 0.3178, positive
0.3555, 0.429, 0.54, 0.2563, 0.5, 0.0, 0.5237, 0.2527, positive
0.4632, 0.4644, 0.5676, 0.4212, 0.5, 0.0, 0.5544, 0.3317, positive
0.4949, 0.4762, 0.5649, 0.2087, 0.5, 0.0, 0.5038, 0.2988, positive
0.4184, 0.3107, 0.5476, 0.1607, 0.5, 0.0, 0.5961, 0.2546, positive
0.5179, 0.5581, 0.427, 0.18, 0.5, 0.0, 0.5451, 0.301, positive
0.3602, 0.3499, 0.5577, 0.115, 0.5, 0.0, 0.3045, 0.2251, positive
0.4551, 0.435, 0.485, 0.155, 0.5, 0.0, 0.46, 0.27, positive
0.6261, 0.5, 0.523, 0.1046, 0.5, 0.0, 0.503, 0.227, positive
0.433, 0.433, 0.454, 0.279, 0.5, 0.0, 0.45, 0.283, positive
0.5362, 0.547, 0.5462, 0.1915, 0.5, 0.0, 0.4808, 0.22, positive
0.4717, 0.4937, 0.4735, 0.2146, 0.5, 0.0, 0.5483, 0.22, positive
0.4719, 0.4428, 0.53, 0.1781, 0.5, 0.0, 0.4709, 0.2881, positive
0.3875, 0.6301, 0.545, 0.3313, 0.5, 0.0, 0.4925, 0.4037, positive
0.4694, 0.57, 0.5677, 0.1535, 0.5, 0.0, 0.5177, 0.2553, positive
0.5694, 0.49, 0.4794, 0.1582, 0.5, 0.0, 0.5106, 0.22, positive
0.6049, 0.58, 0.5637, 0.169, 0.5, 0.0, 0.5326, 0.33, positive
