@relation yeast1
@attribute Mcg real [0.11, 1.0]
@attribute Gvh real [0.13, 1.0]
@attribute Alm real [0.21, 1.0]
@attribute Mit real [0.0, 1.0]
@attribute Erl real [0.5, 1.0]
@attribute Pox real [0.0, 0.83]
@attribute Vac real [0.0, 0.73]
@attribute Nuc real [0.0, 1.0]
@attribute Class {positive,negative}
@inputs Mcg, Gvh, Alm, Mit, Erl, Pox, Vac, Nuc
@outputs Class
@data
0.58, 0.61, 0.47, 0.13, 0.5, 0.0, 0.48, 0.22, negative
0.43, 0.67, 0.48, 0.27, 0.5, 0.0, 0.53, 0.22, negative
0.64, 0.62, 0.49, 0.15, 0.5, 0.0, 0.53, 0.22, negative
0.58, 0.44, 0.57, 0.13, 0.5, 0.0, 0.54, 0.22, positive
0.42, 0.44, 0.48, 0.54, 0.5, 0.0, 0.48, 0.22, negative
0.51, 0.4, 0.56, 0.17, 0.5, 0.5, 0.49, 0.22, negative
0.5, 0.54, 0.48, 0.65, 0.5, 0.0, 0.53, 0.22, negative
0.48, 0.45, 0.59, 0.2, 0.5, 0.0, 0.58, 0.34, positive
0.55, 0.5, 0.66, 0.36, 0.5, 0.0, 0.49, 0.22, negative
0.43, 0.39, 0.54, 0.21, 0.5, 0.0, 0.53, 0.27, positive
0.42, 0.37, 0.59, 0.2, 0.5, 0.0, 0.52, 0.29, positive
0.4, 0.42, 0.57, 0.35, 0.5, 0.0, 0.53, 0.25, negative
0.6, 0.4, 0.52, 0.46, 0.5, 0.0, 0.53, 0.22, negative
0.46, 0.44, 0.52, 0.11, 0.5, 0.0, 0.5, 0.22, negative
0.47, 0.39, 0.5, 0.11, 0.5, 0.0, 0.49, 0.4, negative
0.5, 0.34, 0.55, 0.21, 0.5, 0.0, 0.49, 0.22, positive
0.43, 0.44, 0.48, 0.22, 0.5, 0.0, 0.51, 0.22, negative
0.43, 0.53, 0.52, 0.13, 0.5, 0.0, 0.55, 0.22, negative
0.46, 0.53, 0.52, 0.15, 0.5, 0.0, 0.58, 0.22, negative
0.51, 0.51, 0.52, 0.51, 0.5, 0.0, 0.54, 0.22, negative
0.59, 0.45, 0.53, 0.19, 0.5, 0.0, 0.59, 0.27, negative
0.57, 0.47, 0.6, 0.18, 0.5, 0.0, 0.51, 0.22, negative
0.63, 0.67, 0.57, 0.24, 0.5, 0.0, 0.49, 0.22, negative
0.8, 0.88, 0.36, 0.39, 0.5, 0.0, 0.56, 0.33, negative
0.53, 0.54, 0.43, 0.1, 0.5, 0.0, 0.57, 0.32, positive
0.51, 0.51, 0.43, 0.87, 0.5, 0.0, 0.52, 0.22, negative
0.38, 0.61, 0.61, 0.12, 0.5, 0.0, 0.53, 0.47, negative
0.78, 0.74, 0.42, 0.26, 0.5, 0.0, 0.43, 0.22, negative
0.4, 0.45, 0.57, 0.18, 0.5, 0.0, 0.56, 0.26, negative
0.57, 0.53, 0.53, 0.34, 0.5, 0.0, 0.53, 0.22, negative
0.86, 0.68, 0.39, 0.24, 0.5, 0.0, 0.54, 0.22, negative
0.86, 0.74, 0.51, 0.4, 0.5, 0.0, 0.55, 0.22, negative
0.79, 0.57, 0.41, 0.28, 0.5, 0.0, 0.59, 0.22, negative
0.41, 0.54, 0.39, 0.2, 0.5, 0.0, 0.51, 0.22, negative
0.37, 0.36, 0.56, 0.18, 0.5, 0.0, 0.48, 0.26, negative
0.53, 0.31, 0.58, 0.39, 0.5, 0.0, 0.47, 0.37, positive
0.74, 0.75, 0.58, 0.47, 0.5, 0.0, 0.4, 0.35, negative
0.49, 0.39, 0.52, 0.29, 0.5, 0.0, 0.48, 0.22, negative
0.74, 0.57, 0.51, 0.28, 0.5, 0.0, 0.58, 0.22, negative
0.42, 0.24, 0.34, 0.16, 0.5, 0.0, 0.5, 0.22, negative
0.48, 0.39, 0.51, 0.21, 0.5, 0.0, 0.52, 0.28, negative
0.41, 0.53, 0.45, 0.14, 0.5, 0.0, 0.52, 0.66, negative
0.45, 0.46, 0.55, 0.43, 0.5, 0.0, 0.55, 0.38, positive
0.56, 0.48, 0.58, 0.27, 0.5, 0.0, 0.51, 0.22, negative
0.64, 0.59, 0.56, 0.23, 0.5, 0.0, 0.46, 0.22, negative
0.66, 0.62, 0.49, 0.1, 0.5, 0.0, 0.49, 0.22, negative
0.53, 0.44, 0.51, 0.33, 0.5, 0.0, 0.55, 0.22, negative
0.38, 0.49, 0.53, 0.19, 0.5, 0.0, 0.5, 0.22, negative
0.45, 0.58, 0.48, 0.67, 0.5, 0.0, 0.52, 0.22, negative
0.43, 0.35, 0.52, 0.52, 0.5, 0.0, 0.54, 0.22, negative
0.37, 0.32, 0.47, 0.18, 0.5, 0.0, 0.45, 0.25, positive
0.48, 0.43, 0.51, 0.32, 0.5, 0.0, 0.52, 0.43, positive
0.41, 0.46, 0.59, 0.19, 0.5, 0.0, 0.58, 0.27, positive
0.54, 0.48, 0.44, 0.08, 0.5, 0.0, 0.52, 0.27, negative
0.34, 0.46, 0.57, 0.09, 0.5, 0.0, 0.55, 0.22, negative
0.48, 0.54, 0.55, 0.12, 0.5, 0.0, 0.51, 0.22, negative
0.47, 0.39, 0.59, 0.15, 0.5, 0.0, 0.57, 0.22, negative
0.81, 0.85, 0.47, 0.37, 0.5, 0.0, 0.56, 0.22, negative
0.45, 0.55, 0.54, 0.66, 0.5, 0.0, 0.47, 0.22, negative
0.46, 0.49, 0.58, 0.23, 0.5, 0.0, 0.44, 0.22, negative
0.49, 0.42, 0.56, 0.55, 0.5, 0.0, 0.42, 0.25, negative
0.63, 0.53, 0.54, 0.4, 0.5, 0.0, 0.5, 0.22, negative
0.5, 0.54, 0.53, 0.54, 0.5, 0.0, 0.51, 0.27, negative
0.63, 0.57, 0.59, 0.4, 0.5, 0.0, 0.38, 0.22, negative
0.43, 0.57, 0.51, 0.49, 0.5, 0.0, 0.48, 0.22, negative
0.5, 0.58, 0.46, 0.46, 0.5, 0.0, 0.46, 0.22, negative
0.51, 0.54, 0.6, 0.57, 0.5, 0.0, 0.58, 0.22, negative
0.54, 0.52, 0.63, 0.37, 0.5, 0.0, 0.46, 0.22, negative
0.67, 0.62, 0.4, 0.43, 0.5, 0.83, 0.5, 0.22, negative
0.28, 0.58, 0.21, 0.13, 0.5, 0.0, 0.51, 0.22, negative
0.39, 0.44, 0.35, 0.16, 0.5, 0.0, 0.55, 0.22, negative
0.8, 0.63, 0.45, 0.29, 0.5, 0.0, 0.51, 0.22, negative
0.5, 0.52, 0.59, 0.3, 0.5, 0.0, 0.51, 0.35, positive
0.42, 0.47, 0.52, 0.41, 0.5, 0.0, 0.53, 0.32, negative
0.36, 0.46, 0.62, 0.46, 0.5, 0.0, 0.51, 0.33, negative
0.46, 0.38, 0.47, 0.22, 0.5, 0.0, 0.52, 0.27, negative
0.4, 0.45, 0.56, 0.2, 0.5, 0.0, 0.45, 0.22, negative
0.33, 0.43, 0.64, 0.16, 0.5, 0.0, 0.52, 0.52, positive
0.49, 0.61, 0.49, 0.25, 0.5, 0.0, 0.5, 0.28, negative
0.38, 0.5, 0.37, 0.26, 0.5, 0.0, 0.43, 0.22, negative
0.61, 0.72, 0.39, 0.33, 0.5, 0.0, 0.58, 0.22, negative
0.78, 0.75, 0.4, 0.28, 0.5, 0.0, 0.53, 0.22, negative
0.64, 0.57, 0.57, 0.27, 0.5, 0.0, 0.37, 0.22, negative
0.36, 0.58, 0.35, 0.24, 0.5, 0.0, 0.44, 0.22, negative
0.36, 0.43, 0.39, 0.12, 0.5, 0.0, 0.49, 0.22, negative
0.47, 0.52, 0.5, 0.4, 0.5, 0.0, 0.41, 0.22, negative
0.47, 0.39, 0.55, 0.24, 0.5, 0.0, 0.47, 0.22, negative
0.44, 0.59, 0.36, 0.16, 0.5, 0.0, 0.52, 0.22, negative
0.42, 0.35, 0.54, 0.18, 0.5, 0.0, 0.56, 0.22, negative
0.65, 0.65, 0.52, 0.16, 0.5, 0.0, 0.6, 0.22, negative
0.45, 0.41, 0.5, 0.46, 0.5, 0.5, 0.5, 0.27, negative
0.44, 0.52, 0.41, 0.23, 0.5, 0.0, 0.51, 0.22, positive
0.3, 0.32, 0.57, 0.19, 0.5, 0.0, 0.48, 0.55, positive
0.45, 0.51, 0.5, 0.16, 0.5, 0.0, 0.52, 1.0, positive
0.45, 0.45, 0.5, 0.6, 0.5, 0.0, 0.49, 0.22, negative
0.47, 0.47, 0.57, 0.48, 0.5, 0.0, 0.48, 0.22, negative
0.35, 0.52, 0.48, 0.22, 0.5, 0.0, 0.26, 0.22, negative
0.47, 0.41, 0.66, 0.26, 0.5, 0.0, 0.53, 0.22, negative
0.64, 0.62, 0.29, 0.28, 0.5, 0.0, 0.51, 0.22, negative
0.67, 0.62, 0.54, 0.43, 0.5, 0.0, 0.53, 0.22, negative
0.59, 0.6, 0.49, 0.43, 0.5, 0.0, 0.53, 0.31, negative
0.54, 0.55, 0.34, 0.31, 0.5, 0.0, 0.54, 0.22, negative
0.4, 0.38, 0.53, 0.16, 0.5, 0.0, 0.52, 0.27, positive
0.53, 0.51, 0.55, 0.05, 0.5, 0.0, 0.45, 0.25, positive
0.41, 0.4, 0.59, 0.47, 0.5, 0.0, 0.48, 0.43, negative
0.5, 0.64, 0.57, 0.15, 0.5, 0.0, 0.47, 0.22, negative
0.6, 0.5, 0.57, 0.25, 0.5, 0.0, 0.41, 0.26, negative
0.62, 0.51, 0.52, 0.42, 0.5, 0.0, 0.54, 0.27, positive
0.35, 0.58, 0.54, 0.16, 0.5, 0.0, 0.51, 0.22, positive
0.39, 0.58, 0.5, 0.26, 0.5, 0.0, 0.54, 0.59, negative
0.48, 0.54, 0.5, 0.17, 0.5, 0.0, 0.53, 0.22, positive
0.47, 0.32, 0.64, 0.3, 0.5, 0.0, 0.63, 0.22, positive
0.39, 0.47, 0.56, 0.16, 0.5, 0.0, 0.47, 0.22, negative
0.58, 0.48, 0.51, 0.47, 0.5, 0.0, 0.55, 0.22, positive
0.64, 0.6, 0.57, 0.19, 0.5, 0.0, 0.43, 0.22, positive
0.37, 0.46, 0.4, 0.27, 0.5, 0.0, 0.45, 0.22, positive
0.28, 0.37, 0.61, 0.09, 0.5, 0.0, 0.52, 0.55, positive
0.26, 0.36, 0.47, 0.34, 0.5, 0.0, 0.53, 0.72, positive
0.51, 0.34, 0.5, 0.19, 0.5, 0.0, 0.5, 0.22, positive
0.58, 0.5, 0.5, 0.12, 0.5, 0.0, 0.48, 0.25, positive
0.44, 0.39, 0.53, 0.14, 0.5, 0.0, 0.54, 0.44, negative
0.41, 0.39, 0.44, 0.34, 0.5, 0.0, 0.48, 0.4, positive
0.45, 0.43, 0.51, 0.24, 0.5, 0.0, 0.54, 0.33, negative
0.36, 0.68, 0.46, 0.16, 0.5, 0.0, 0.53, 0.28, positive
0.42, 0.31, 0.5, 0.15, 0.5, 0.0, 0.53, 0.22, positive
0.42, 0.43, 0.56, 0.1, 0.5, 0.0, 0.49, 0.22, negative
0.67, 0.71, 0.52, 0.65, 0.5, 0.0, 0.53, 0.36, positive
0.49, 0.47, 0.53, 0.16, 0.5, 0.0, 0.48, 0.27, positive
0.71, 0.59, 0.48, 0.43, 0.5, 0.0, 0.59, 0.22, negative
0.4, 0.42, 0.71, 0.21, 0.5, 0.0, 0.54, 0.32, negative
0.54, 0.49, 0.49, 0.2, 0.5, 0.0, 0.52, 0.22, negative
0.42, 0.51, 0.5, 0.12, 0.5, 0.0, 0.52, 0.46, positive
0.57, 0.51, 0.53, 0.18, 0.5, 0.0, 0.56, 0.25, positive
0.26, 0.5, 0.33, 0.28, 0.5, 0.0, 0.51, 0.22, negative
0.39, 0.42, 0.38, 0.4, 0.5, 0.0, 0.49, 0.47, negative
0.31, 0.44, 0.53, 0.23, 0.5, 0.0, 0.51, 0.32, positive
0.48, 0.61, 0.44, 0.2, 0.5, 0.0, 0.47, 0.22, negative
0.66, 0.45, 0.5, 0.23, 0.5, 0.0, 0.49, 0.22, negative
0.21, 0.41, 0.55, 0.11, 0.5, 0.0, 0.5, 0.27, negative
0.38, 0.68, 0.44, 0.45, 0.5, 0.0, 0.53, 0.22, negative
0.44, 0.38, 0.48, 0.32, 0.5, 0.83, 0.53, 0.22, negative
0.31, 0.31, 0.56, 0.33, 0.5, 0.0, 0.52, 0.33, positive
0.49, 0.31, 0.49, 0.35, 0.5, 0.0, 0.51, 0.29, positive
0.38, 0.37, 0.56, 0.21, 0.5, 0.0, 0.49, 0.22, positive
0.39, 0.4, 0.53, 0.67, 0.5, 0.0, 0.47, 0.22, negative
0.24, 0.34, 0.69, 0.18, 0.5, 0.0, 0.52, 0.22, negative
0.49, 0.43, 0.51, 0.13, 0.5, 0.0, 0.47, 0.22, negative
0.54, 0.38, 0.52, 0.18, 0.5, 0.0, 0.48, 0.22, negative
0.43, 0.57, 0.53, 0.53, 0.5, 0.0, 0.53, 0.25, negative
0.48, 0.64, 0.61, 0.23, 0.5, 0.0, 0.6, 0.22, negative
0.31, 0.55, 0.52, 0.17, 0.5, 0.0, 0.52, 0.22, negative
0.32, 0.57, 0.5, 0.15, 0.5, 0.0, 0.53, 0.22, negative
0.32, 0.42, 0.52, 0.24, 0.5, 0.0, 0.6, 0.22, negative
0.61, 0.72, 0.31, 0.33, 0.5, 0.0, 0.56, 0.22, negative
0.44, 0.42, 0.6, 0.21, 0.5, 0.0, 0.57, 0.22, negative
0.52, 0.51, 0.51, 0.54, 0.5, 0.0, 0.55, 0.27, negative
0.63, 0.56, 0.45, 0.58, 0.5, 0.0, 0.51, 0.22, negative
0.58, 0.58, 0.58, 0.49, 0.5, 0.0, 0.49, 0.26, negative
0.72, 0.62, 0.34, 0.29, 0.5, 0.0, 0.56, 0.28, negative
0.72, 0.61, 0.37, 0.3, 0.5, 0.0, 0.57, 0.22, negative
0.46, 0.43, 0.38, 0.33, 0.5, 0.0, 0.48, 0.28, negative
0.57, 0.57, 0.44, 0.37, 0.5, 0.0, 0.52, 0.25, negative
0.42, 0.31, 0.62, 0.12, 0.5, 0.0, 0.4, 0.22, negative
0.49, 0.46, 0.45, 0.45, 0.5, 0.0, 0.52, 0.22, negative
0.42, 0.58, 0.41, 0.65, 0.5, 0.0, 0.46, 0.26, negative
0.5, 0.52, 0.6, 0.51, 0.5, 0.0, 0.48, 0.22, negative
0.49, 0.6, 0.43, 0.56, 0.5, 0.0, 0.36, 0.22, negative
0.5, 0.41, 0.44, 0.5, 0.5, 0.0, 0.42, 0.22, negative
0.37, 0.58, 0.44, 0.51, 0.5, 0.0, 0.44, 0.22, negative
0.55, 0.45, 0.45, 0.54, 0.5, 0.0, 0.5, 0.22, negative
0.53, 0.51, 0.46, 0.28, 0.5, 0.0, 0.48, 0.22, negative
0.35, 0.66, 0.49, 0.21, 0.5, 0.0, 0.54, 0.25, negative
0.52, 0.4, 0.6, 0.12, 0.5, 0.0, 0.55, 0.22, negative
0.77, 0.79, 0.58, 0.23, 0.5, 0.0, 0.48, 0.22, negative
0.47, 0.46, 0.59, 0.49, 0.5, 0.0, 0.56, 0.22, negative
0.73, 0.83, 0.43, 0.3, 0.5, 0.0, 0.55, 0.22, negative
0.78, 0.74, 0.58, 0.25, 1.0, 0.0, 0.53, 0.22, negative
0.7, 0.65, 0.54, 0.28, 0.5, 0.0, 0.6, 0.4, negative
0.47, 0.54, 0.37, 0.14, 0.5, 0.0, 0.5, 0.22, negative
0.56, 0.52, 0.48, 0.17, 0.5, 0.0, 0.46, 0.22, positive
0.57, 0.41, 0.59, 0.24, 0.5, 0.0, 0.4, 0.22, negative
0.58, 0.56, 0.45, 0.12, 0.5, 0.0, 0.51, 0.22, positive
0.53, 0.38, 0.66, 0.25, 0.5, 0.0, 0.43, 0.22, positive
0.69, 0.61, 0.38, 0.27, 0.5, 0.0, 0.52, 0.22, negative
0.37, 0.53, 0.6, 0.19, 0.5, 0.5, 0.42, 0.22, negative
0.31, 0.46, 0.54, 0.52, 0.5, 0.0, 0.5, 0.34, positive
0.36, 0.37, 0.33, 0.14, 0.5, 0.0, 0.57, 0.31, negative
0.82, 0.78, 0.49, 0.23, 0.5, 0.0, 0.46, 0.22, negative
0.82, 0.75, 0.54, 0.23, 0.5, 0.0, 0.46, 0.22, negative
0.41, 0.51, 0.58, 0.15, 0.5, 0.0, 0.45, 0.27, negative
0.38, 0.51, 0.75, 0.17, 0.5, 0.0, 0.55, 0.22, negative
0.53, 0.44, 0.51, 0.33, 0.5, 0.0, 0.52, 0.22, negative
0.46, 0.54, 0.71, 0.15, 0.5, 0.0, 0.59, 0.22, negative
0.4, 0.56, 0.48, 0.14, 0.5, 0.0, 0.47, 0.22, negative
0.45, 0.27, 0.57, 0.36, 0.5, 0.0, 0.52, 0.18, negative
0.2, 0.26, 0.52, 0.14, 0.5, 0.0, 0.53, 0.44, negative
0.51, 0.53, 0.55, 0.14, 0.5, 0.0, 0.51, 0.22, negative
0.44, 0.68, 0.45, 0.51, 0.5, 0.0, 0.52, 0.41, negative
0.27, 0.39, 0.66, 0.11, 0.5, 0.0, 0.44, 0.22, negative
0.55, 0.42, 0.34, 0.3, 0.5, 0.0, 0.52, 0.22, negative
0.44, 0.53, 0.52, 0.23, 0.5, 0.83, 0.51, 0.22, negative
0.59, 0.58, 0.56, 0.21, 0.5, 0.0, 0.54, 0.33, positive
0.39, 0.28, 0.46, 0.12, 0.5, 0.0, 0.41, 0.22, positive
0.56, 0.43, 0.54, 0.16, 0.5, 0.0, 0.5, 0.22, positive
0.36, 0.68, 0.38, 0.08, 0.5, 0.0, 0.53, 0.25, negative
0.27, 0.36, 0.6, 0.33, 0.5, 0.0, 0.37, 0.31, positive
0.35, 0.4, 0.59, 0.22, 0.5, 0.0, 0.47, 0.37, positive
0.23, 0.2, 0.53, 0.2, 0.5, 0.0, 0.44, 0.22, positive
0.36, 0.24, 0.49, 0.16, 0.5, 0.0, 0.51, 0.22, positive
0.38, 0.48, 0.59, 0.22, 0.5, 0.0, 0.46, 0.22, negative
0.8, 0.46, 0.5, 0.15, 0.5, 0.0, 0.53, 0.22, negative
0.6, 0.56, 0.47, 0.2, 0.5, 0.0, 0.5, 0.38, positive
0.41, 0.24, 0.54, 0.26, 0.5, 0.0, 0.41, 0.22, positive
0.47, 0.65, 0.54, 0.62, 0.5, 0.0, 0.53, 0.36, negative
0.43, 0.39, 0.54, 0.14, 0.5, 0.0, 0.47, 0.22, positive
0.5, 0.51, 0.52, 0.09, 0.5, 0.0, 0.48, 0.25, positive
0.53, 0.61, 0.52, 0.21, 0.5, 0.0, 0.55, 0.3, positive
0.54, 0.42, 0.41, 0.16, 0.5, 0.0, 0.52, 0.22, negative
0.46, 0.35, 0.53, 0.16, 0.5, 0.0, 0.51, 0.29, negative
0.46, 0.43, 0.49, 0.79, 0.5, 0.0, 0.49, 0.63, positive
0.51, 0.55, 0.35, 0.16, 0.5, 0.0, 0.51, 0.47, negative
0.56, 0.52, 0.55, 0.19, 0.5, 0.0, 0.54, 0.22, negative
0.61, 0.3, 0.59, 0.12, 0.5, 0.0, 0.49, 0.27, positive
0.83, 0.58, 0.33, 0.04, 0.5, 0.0, 0.53, 0.22, negative
0.52, 0.54, 0.5, 0.21, 0.5, 0.0, 0.48, 0.3, negative
0.35, 0.39, 0.57, 0.11, 0.5, 0.0, 0.48, 0.22, positive
0.36, 0.49, 0.3, 0.22, 0.5, 0.0, 0.52, 0.31, negative
0.78, 0.7, 0.32, 0.23, 0.5, 0.0, 0.53, 0.22, negative
0.55, 0.46, 0.53, 0.11, 0.5, 0.0, 0.52, 0.48, negative
0.45, 0.56, 0.54, 0.32, 0.5, 0.0, 0.57, 0.22, negative
0.45, 0.56, 0.53, 0.32, 0.5, 0.0, 0.57, 0.22, negative
0.52, 0.75, 0.37, 0.14, 0.5, 0.0, 0.46, 0.22, negative
0.71, 0.56, 0.39, 0.27, 0.5, 0.0, 0.52, 0.22, negative
0.59, 0.58, 0.46, 0.19, 0.5, 0.0, 0.56, 0.27, negative
0.92, 0.61, 0.4, 0.22, 0.5, 0.0, 0.54, 0.22, negative
0.55, 0.56, 0.45, 0.14, 0.5, 0.0, 0.54, 0.22, negative
0.63, 0.61, 0.41, 0.22, 0.5, 0.0, 0.51, 0.22, negative
0.58, 0.53, 0.38, 0.18, 0.5, 0.0, 0.52, 0.22, negative
0.36, 0.46, 0.43, 0.19, 0.5, 0.0, 0.48, 0.22, negative
0.32, 0.47, 0.55, 0.12, 0.5, 0.0, 0.52, 0.22, negative
0.53, 0.68, 0.42, 0.19, 0.5, 0.0, 0.53, 0.22, negative
0.73, 0.55, 0.41, 0.16, 0.5, 0.0, 0.46, 0.22, negative
0.35, 0.6, 0.47, 0.13, 0.5, 0.0, 0.52, 0.43, positive
0.77, 0.8, 0.51, 0.4, 1.0, 0.0, 0.54, 0.22, negative
0.77, 0.87, 0.47, 0.37, 0.5, 0.0, 0.48, 0.22, negative
0.35, 0.46, 0.49, 0.15, 1.0, 0.0, 0.55, 0.35, negative
0.57, 0.61, 0.45, 0.26, 0.5, 0.0, 0.5, 0.22, negative
0.63, 0.62, 0.42, 0.12, 0.5, 0.0, 0.52, 0.25, negative
0.25, 0.4, 0.51, 0.18, 0.5, 0.0, 0.5, 0.27, negative
0.56, 0.62, 0.53, 0.24, 0.5, 0.0, 0.57, 0.22, negative
0.58, 0.6, 0.51, 0.24, 0.5, 0.0, 0.53, 0.22, negative
0.46, 0.35, 0.33, 0.17, 0.5, 0.0, 0.55, 0.22, negative
0.33, 0.44, 0.49, 0.08, 0.5, 0.0, 0.48, 0.49, positive
0.69, 0.6, 0.51, 0.13, 0.5, 0.83, 0.52, 0.22, negative
0.46, 0.48, 0.44, 0.21, 0.5, 0.0, 0.55, 0.22, negative
0.35, 0.36, 0.57, 0.17, 0.5, 0.0, 0.52, 0.22, negative
0.74, 0.72, 0.47, 0.25, 0.5, 0.0, 0.57, 0.22, negative
0.54, 0.57, 0.52, 0.19, 0.5, 0.0, 0.59, 0.67, positive
0.91, 0.77, 0.34, 0.47, 0.5, 0.0, 0.52, 0.31, negative
0.81, 0.9, 0.39, 0.41, 0.5, 0.0, 0.53, 0.22, negative
0.45, 0.4, 0.56, 0.14, 0.5, 0.0, 0.54, 0.22, negative
0.35, 0.56, 0.36, 0.3, 0.5, 0.0, 0.53, 0.25, negative
0.84, 0.66, 0.36, 0.78, 0.5, 0.0, 0.49, 0.5, negative
0.37, 0.43, 0.62, 0.27, 0.5, 0.0, 0.48, 0.22, positive
0.55, 0.66, 0.57, 0.32, 0.5, 0.0, 0.57, 0.34, negative
0.48, 0.35, 0.42, 0.21, 0.5, 0.0, 0.57, 0.22, negative
0.62, 0.58, 0.52, 0.15, 0.5, 0.0, 0.52, 0.29, negative
0.56, 0.59, 0.53, 0.16, 0.5, 0.0, 0.24, 0.42, positive
0.44, 0.51, 0.37, 0.15, 0.5, 0.0, 0.51, 0.22, negative
0.44, 0.44, 0.49, 0.15, 0.5, 0.0, 0.46, 0.27, positive
0.5, 0.5, 0.48, 0.17, 0.5, 0.0, 0.47, 0.26, negative
0.6, 0.6, 0.49, 0.3, 0.5, 0.0, 0.53, 0.22, positive
0.49, 0.46, 0.34, 0.21, 0.5, 0.0, 0.55, 0.22, negative
0.35, 0.68, 0.57, 0.4, 0.5, 0.0, 0.53, 0.36, positive
0.7, 0.69, 0.43, 0.33, 0.5, 0.0, 0.58, 0.22, negative
0.23, 0.3, 0.58, 0.22, 0.5, 0.0, 0.48, 0.27, positive
0.45, 0.42, 0.52, 0.2, 0.5, 0.0, 0.5, 0.25, negative
0.51, 0.35, 0.46, 0.15, 0.5, 0.0, 0.51, 0.42, negative
0.42, 0.39, 0.47, 0.13, 0.5, 0.0, 0.5, 0.27, negative
0.32, 0.38, 0.52, 0.2, 0.5, 0.0, 0.52, 0.28, negative
0.59, 0.65, 0.52, 0.3, 0.5, 0.0, 0.46, 0.31, negative
0.41, 0.52, 0.41, 0.11, 0.5, 0.0, 0.54, 0.35, negative
0.37, 0.33, 0.5, 0.12, 0.5, 0.0, 0.51, 0.54, negative
0.45, 0.56, 0.49, 0.17, 0.5, 0.0, 0.52, 0.22, negative
0.31, 0.31, 0.54, 0.18, 0.5, 0.0, 0.52, 0.29, positive
0.27, 0.51, 0.47, 0.35, 0.5, 0.0, 0.49, 0.28, positive
0.54, 0.56, 0.57, 0.18, 0.5, 0.0, 0.45, 0.25, positive
0.6, 0.4, 0.59, 0.18, 0.5, 0.0, 0.48, 0.22, negative
0.91, 0.69, 0.57, 0.45, 0.5, 0.0, 0.56, 0.22, negative
0.38, 0.47, 0.53, 0.12, 0.5, 0.0, 0.48, 0.22, negative
0.64, 0.53, 0.45, 0.13, 0.5, 0.0, 0.53, 0.22, negative
0.49, 0.31, 0.34, 0.13, 0.5, 0.0, 0.52, 0.22, negative
0.52, 0.51, 0.51, 0.12, 0.5, 0.0, 0.51, 0.4, negative
0.49, 0.43, 0.48, 0.15, 0.5, 0.0, 0.55, 0.25, negative
0.44, 0.34, 0.55, 0.18, 0.5, 0.0, 0.52, 0.22, negative
0.43, 0.54, 0.58, 0.16, 0.5, 0.0, 0.5, 0.36, positive
0.49, 0.42, 0.54, 0.17, 0.5, 0.0, 0.5, 0.36, negative
0.34, 0.66, 0.51, 0.16, 0.5, 0.0, 0.47, 0.33, positive
0.2, 0.34, 0.33, 0.1, 0.5, 0.0, 0.48, 0.31, negative
0.74, 0.53, 0.5, 0.08, 0.5, 0.0, 0.55, 0.31, negative
0.69, 0.48, 0.38, 0.15, 0.5, 0.0, 0.55, 0.22, negative
0.44, 0.51, 0.48, 0.38, 0.5, 0.0, 0.52, 0.22, negative
0.55, 0.41, 0.56, 0.21, 0.5, 0.0, 0.52, 0.22, negative
0.4, 0.34, 0.52, 0.17, 0.5, 0.0, 0.47, 0.51, positive
0.4, 0.48, 0.5, 0.17, 0.5, 0.0, 0.54, 0.5, negative
0.58, 0.45, 0.48, 0.24, 0.5, 0.0, 0.52, 0.37, negative
0.58, 0.41, 0.51, 0.26, 0.5, 0.0, 0.51, 0.37, negative
0.69, 0.5, 0.49, 0.42, 0.5, 0.0, 0.49, 0.22, negative
0.6, 0.48, 0.44, 0.52, 0.5, 0.0, 0.54, 0.63, positive
0.47, 0.49, 0.63, 0.17, 0.5, 0.0, 0.31, 0.26, positive
0.56, 0.57, 0.63, 0.39, 1.0, 0.0, 0.59, 0.4, positive
0.21, 0.38, 0.49, 0.16, 0.5, 0.0, 0.51, 0.45, negative
0.43, 0.42, 0.54, 0.22, 0.5, 0.0, 0.57, 0.33, positive
0.35, 0.4, 0.53, 0.18, 0.5, 0.0, 0.42, 0.38, negative
0.47, 0.45, 0.53, 0.62, 0.5, 0.0, 0.46, 0.22, negative
0.53, 0.43, 0.47, 0.15, 0.5, 0.0, 0.58, 0.22, negative
0.46, 0.45, 0.56, 0.16, 0.5, 0.0, 0.56, 0.22, negative
0.44, 0.42, 0.62, 0.14, 0.5, 0.0, 0.55, 0.37, positive
0.37, 0.34, 0.58, 0.24, 0.5, 0.0, 0.44, 0.18, positive
0.37, 0.34, 0.58, 0.24, 0.5, 0.0, 0.44, 0.18, positive
0.39, 0.39, 0.55, 0.52, 0.5, 0.0, 0.37, 0.16, positive
0.39, 0.39, 0.55, 0.52, 0.5, 0.0, 0.37, 0.16, positive
0.48, 0.46, 0.38, 0.29, 0.5, 0.0, 0.53, 0.22, negative
0.48, 0.57, 0.5, 0.09, 0.5, 0.0, 0.52, 0.42, positive
0.61, 0.57, 0.45, 0.21, 0.5, 0.0, 0.5, 0.42, positive
0.56, 0.44, 0.56, 0.19, 0.5, 0.0, 0.54, 0.22, negative
0.51, 0.63, 0.3, 0.35, 0.5, 0.0, 0.53, 0.27, negative
0.53, 0.68, 0.34, 0.42, 0.5, 0.0, 0.54, 0.27, negative
0.37, 0.22, 0.64, 0.35, 0.5, 0.0, 0.47, 0.22, positive
0.49, 0.37, 0.59, 0.17, 0.5, 0.0, 0.51, 0.22, positive
0.51, 0.48, 0.58, 0.22, 0.5, 0.0, 0.5, 0.28, positive
0.53, 0.53, 0.53, 0.17, 0.5, 0.0, 0.49, 0.37, positive
0.5, 0.45, 0.49, 0.15, 0.5, 0.0, 0.55, 0.43, positive
0.33, 0.28, 0.31, 0.24, 0.5, 0.0, 0.53, 0.22, negative
0.85, 0.85, 0.3, 0.31, 0.5, 0.0, 0.55, 0.42, negative
0.34, 0.35, 0.61, 0.19, 0.5, 0.0, 0.52, 0.25, positive
0.55, 0.53, 0.56, 0.29, 0.5, 0.0, 0.48, 0.22, negative
0.66, 0.62, 0.52, 0.17, 0.5, 0.0, 0.49, 0.22, negative
0.38, 0.46, 0.52, 0.75, 0.5, 0.0, 0.5, 0.26, negative
0.61, 0.54, 0.49, 0.19, 0.5, 0.0, 0.54, 0.47, negative
0.44, 0.53, 0.52, 0.37, 0.5, 0.0, 0.5, 0.22, positive
0.44, 0.53, 0.52, 0.37, 0.5, 0.0, 0.5, 0.22, positive
0.32, 0.34, 0.61, 0.17, 0.5, 0.0, 0.52, 0.32, positive
0.34, 0.34, 0.61, 0.18, 0.5, 0.0, 0.52, 0.32, positive
0.51, 0.68, 0.49, 0.59, 0.5, 0.0, 0.54, 0.27, negative
0.41, 0.3, 0.49, 0.28, 0.5, 0.0, 0.54, 0.22, negative
0.41, 0.43, 0.5, 0.28, 0.5, 0.0, 0.5, 0.22, negative
0.3, 0.5, 0.34, 0.26, 0.5, 0.0, 0.51, 0.22, negative
0.49, 0.4, 0.34, 0.26, 0.5, 0.0, 0.5, 0.22, negative
0.34, 0.4, 0.3, 0.23, 0.5, 0.0, 0.51, 0.22, negative
0.43, 0.44, 0.3, 0.18, 0.5, 0.0, 0.51, 0.22, negative
0.43, 0.45, 0.37, 0.12, 0.5, 0.0, 0.48, 0.22, negative
0.45, 0.57, 0.3, 0.17, 0.5, 0.0, 0.51, 0.22, negative
0.42, 0.44, 0.33, 0.17, 0.5, 0.0, 0.54, 0.27, negative
0.52, 0.5, 0.53, 0.1, 0.5, 0.0, 0.48, 0.22, negative
0.53, 0.56, 0.49, 0.46, 0.5, 0.0, 0.52, 0.22, negative
0.45, 0.54, 0.54, 0.62, 0.5, 0.0, 0.53, 0.22, negative
0.51, 0.43, 0.63, 0.18, 0.5, 0.0, 0.52, 0.22, negative
0.51, 0.52, 0.48, 0.5, 0.5, 0.0, 0.51, 0.22, negative
0.5, 0.46, 0.52, 0.16, 0.5, 0.0, 0.52, 0.26, negative
0.45, 0.59, 0.53, 0.74, 0.5, 0.0, 0.47, 0.25, negative
0.54, 0.45, 0.62, 0.13, 0.5, 0.0, 0.52, 0.26, positive
0.67, 0.51, 0.53, 0.28, 0.5, 0.0, 0.51, 0.22, negative
0.35, 0.49, 0.47, 0.22, 0.5, 0.0, 0.5, 0.28, negative
0.47, 0.63, 0.66, 0.45, 0.5, 0.0, 0.37, 0.11, negative
0.51, 0.34, 0.43, 0.18, 0.5, 0.0, 0.48, 0.25, negative
0.56, 0.45, 0.59, 0.14, 0.5, 0.0, 0.51, 0.26, positive
0.43, 0.51, 0.6, 0.25, 0.5, 0.0, 0.55, 0.22, negative
0.47, 0.59, 0.43, 0.13, 0.5, 0.0, 0.56, 0.3, negative
0.4, 0.45, 0.42, 0.17, 0.5, 0.0, 0.54, 0.26, negative
0.89, 0.81, 0.36, 0.71, 0.5, 0.0, 0.55, 0.63, negative
0.59, 0.57, 0.46, 0.14, 0.5, 0.0, 0.52, 0.22, negative
0.49, 0.41, 0.32, 0.21, 0.5, 0.0, 0.5, 0.32, negative
0.35, 0.53, 0.35, 0.33, 0.5, 0.0, 0.5, 0.32, negative
0.42, 0.32, 0.61, 0.13, 0.5, 0.0, 0.14, 0.27, positive
0.5, 0.46, 0.42, 0.32, 0.5, 0.0, 0.56, 0.55, negative
0.5, 0.45, 0.49, 0.3, 0.5, 0.0, 0.47, 0.4, positive
0.46, 0.41, 0.5, 0.44, 0.5, 0.0, 0.53, 0.22, negative
0.32, 0.36, 0.34, 0.19, 0.5, 0.0, 0.55, 0.26, negative
0.4, 0.51, 0.42, 0.13, 0.5, 0.0, 0.45, 0.25, negative
0.81, 0.76, 0.32, 0.37, 0.5, 0.0, 0.51, 0.22, negative
0.65, 0.61, 0.39, 0.3, 0.5, 0.0, 0.57, 0.28, negative
0.47, 0.43, 0.35, 0.32, 0.5, 0.0, 0.54, 0.22, negative
0.42, 0.25, 0.6, 0.14, 0.5, 0.0, 0.45, 0.22, negative
0.23, 0.34, 0.41, 0.28, 0.5, 0.0, 0.5, 0.27, positive
0.34, 0.31, 0.6, 0.37, 0.5, 0.0, 0.5, 0.3, positive
0.59, 0.53, 0.47, 0.26, 0.5, 0.0, 0.53, 0.31, positive
0.7, 0.73, 0.38, 0.36, 0.5, 0.0, 0.54, 0.22, negative
0.54, 0.51, 0.54, 0.52, 0.5, 0.0, 0.47, 0.25, negative
0.53, 0.5, 0.54, 0.56, 0.5, 0.0, 0.49, 0.41, negative
0.84, 0.63, 0.38, 0.23, 0.5, 0.0, 0.53, 0.22, negative
0.89, 0.77, 0.36, 0.34, 0.5, 0.0, 0.44, 0.22, negative
0.43, 0.52, 0.53, 0.52, 1.0, 0.0, 0.49, 0.22, negative
0.43, 0.32, 0.56, 0.27, 0.5, 0.0, 0.47, 0.27, positive
0.84, 0.87, 0.45, 0.54, 0.5, 0.0, 0.28, 0.22, negative
0.27, 0.56, 0.56, 0.18, 0.5, 0.0, 0.52, 0.22, negative
0.89, 0.82, 0.6, 0.49, 0.5, 0.0, 0.55, 0.22, negative
0.86, 0.92, 0.5, 0.37, 1.0, 0.0, 0.53, 0.32, negative
0.52, 0.48, 0.54, 0.28, 0.5, 0.0, 0.54, 0.22, positive
0.77, 0.6, 0.42, 0.33, 0.5, 0.0, 0.57, 0.22, negative
0.76, 0.74, 0.56, 0.34, 0.5, 0.0, 0.51, 0.3, negative
0.58, 0.76, 0.4, 0.37, 0.5, 0.0, 0.54, 0.3, negative
0.94, 0.6, 0.33, 0.49, 0.5, 0.0, 0.54, 0.22, negative
0.36, 0.44, 0.57, 0.18, 0.5, 0.0, 0.42, 0.22, negative
0.42, 0.51, 0.39, 0.22, 0.5, 0.0, 0.49, 0.26, negative
0.52, 0.48, 0.58, 0.55, 0.5, 0.0, 0.48, 0.22, negative
0.42, 0.32, 0.48, 0.16, 0.5, 0.0, 0.55, 0.22, negative
0.48, 0.57, 0.52, 0.61, 0.5, 0.0, 0.51, 0.22, negative
0.83, 0.53, 0.52, 0.2, 0.5, 0.0, 0.48, 0.25, negative
0.36, 0.34, 0.46, 0.19, 0.5, 0.0, 0.52, 0.22, negative
0.44, 0.41, 0.44, 0.13, 0.5, 0.0, 0.49, 0.42, positive
0.52, 0.62, 0.54, 0.19, 0.5, 0.0, 0.5, 0.22, negative
0.46, 0.4, 0.38, 0.18, 0.5, 0.0, 0.49, 0.22, negative
0.68, 0.5, 0.55, 0.65, 0.5, 0.0, 0.46, 0.31, negative
0.53, 0.44, 0.47, 0.22, 0.5, 0.0, 0.53, 0.22, positive
0.48, 0.48, 0.5, 0.47, 0.5, 0.0, 0.55, 0.22, negative
0.46, 0.14, 0.36, 0.21, 0.5, 0.0, 0.5, 0.25, negative
0.5, 0.45, 0.48, 0.17, 0.5, 0.0, 0.5, 0.26, negative
0.44, 0.53, 0.43, 0.17, 0.5, 0.0, 0.54, 0.75, positive
0.46, 0.47, 0.46, 0.16, 0.5, 0.0, 0.51, 0.22, negative
0.52, 0.49, 0.57, 0.57, 0.5, 0.0, 0.51, 0.22, positive
0.62, 0.64, 0.56, 0.2, 0.5, 0.0, 0.48, 0.33, positive
0.46, 0.32, 0.58, 0.17, 0.5, 0.0, 0.61, 0.25, positive
0.78, 0.48, 0.47, 0.3, 0.5, 0.0, 0.53, 0.47, negative
0.5, 0.34, 0.62, 0.19, 0.5, 0.0, 0.57, 0.22, negative
0.39, 0.37, 0.33, 0.23, 0.5, 0.0, 0.53, 0.26, negative
0.39, 0.37, 0.56, 0.15, 0.5, 0.0, 0.5, 0.27, negative
0.33, 0.37, 0.54, 0.28, 0.5, 0.0, 0.53, 0.27, positive
0.39, 0.37, 0.33, 0.23, 0.5, 0.0, 0.52, 0.26, negative
0.33, 0.38, 0.53, 0.26, 0.5, 0.0, 0.52, 0.27, positive
0.48, 0.51, 0.57, 0.24, 0.5, 0.0, 0.5, 0.22, negative
0.5, 0.62, 0.54, 0.66, 0.5, 0.0, 0.49, 0.22, negative
0.47, 0.54, 0.54, 0.48, 0.5, 0.0, 0.53, 0.26, negative
0.72, 0.58, 0.42, 0.28, 0.5, 0.0, 0.48, 0.22, negative
0.41, 0.41, 0.51, 0.19, 0.5, 0.0, 0.57, 0.22, negative
0.81, 0.65, 0.52, 0.41, 0.5, 0.0, 0.57, 0.26, negative
0.5, 0.49, 0.52, 0.2, 0.5, 0.0, 0.43, 0.52, positive
0.18, 0.48, 0.46, 0.12, 0.5, 0.0, 0.0, 0.25, positive
0.26, 0.38, 0.52, 0.36, 0.5, 0.0, 0.48, 0.56, positive
0.53, 0.51, 0.51, 0.11, 0.5, 0.0, 0.49, 0.41, positive
0.58, 0.49, 0.5, 0.41, 0.5, 0.0, 0.57, 0.22, negative
0.62, 0.6, 0.47, 0.16, 0.5, 0.0, 0.53, 0.22, negative
0.68, 0.58, 0.51, 0.19, 0.5, 0.83, 0.54, 0.22, negative
0.51, 0.47, 0.41, 0.44, 0.5, 0.0, 0.5, 0.22, negative
0.72, 0.56, 0.4, 0.26, 0.5, 0.0, 0.51, 0.26, negative
0.49, 0.44, 0.45, 0.22, 0.5, 0.0, 0.51, 0.22, negative
0.32, 0.47, 0.55, 0.25, 0.5, 0.0, 0.49, 0.22, negative
0.46, 0.57, 0.52, 0.28, 0.5, 0.0, 0.52, 0.22, positive
0.53, 0.48, 0.45, 0.44, 0.5, 0.0, 0.49, 0.27, negative
0.49, 0.48, 0.46, 0.63, 0.5, 0.0, 0.52, 0.22, negative
0.7, 0.53, 0.42, 0.22, 0.5, 0.0, 0.51, 0.28, positive
0.68, 0.68, 0.49, 0.15, 0.5, 0.0, 0.53, 0.22, negative
0.47, 0.6, 0.35, 0.21, 0.5, 0.0, 0.52, 0.22, negative
0.4, 0.53, 0.61, 0.21, 0.5, 0.0, 0.48, 0.33, positive
0.57, 0.44, 0.42, 0.2, 0.5, 0.0, 0.54, 0.22, negative
0.34, 0.54, 0.54, 0.13, 0.5, 0.0, 0.52, 0.22, negative
0.43, 0.83, 0.55, 0.2, 0.5, 0.0, 0.47, 0.4, positive
0.55, 0.65, 0.5, 0.28, 0.5, 0.0, 0.55, 0.22, positive
0.29, 0.46, 0.54, 0.27, 0.5, 0.0, 0.49, 0.22, negative
0.46, 0.42, 0.6, 0.21, 0.5, 0.0, 0.4, 0.22, negative
0.8, 0.81, 0.55, 0.35, 0.5, 0.0, 0.42, 0.22, negative
0.79, 0.74, 0.49, 0.33, 0.5, 0.0, 0.48, 0.22, negative
0.45, 0.48, 0.63, 0.67, 0.5, 0.0, 0.48, 0.22, negative
0.54, 0.52, 0.54, 0.2, 0.5, 0.0, 0.55, 0.25, positive
0.37, 0.31, 0.53, 0.16, 0.5, 0.0, 0.53, 0.44, positive
0.43, 0.39, 0.59, 0.13, 0.5, 0.0, 0.41, 0.43, positive
0.48, 0.47, 0.54, 0.55, 0.5, 0.0, 0.51, 0.65, negative
0.6, 0.59, 0.45, 0.23, 0.5, 0.0, 0.55, 0.22, negative
0.45, 0.73, 0.47, 0.65, 0.5, 0.0, 0.54, 0.43, negative
0.46, 0.55, 0.61, 0.13, 0.5, 0.0, 0.47, 0.22, negative
0.42, 0.5, 0.53, 0.22, 0.5, 0.83, 0.5, 0.22, negative
0.74, 0.56, 0.35, 0.36, 0.5, 0.0, 0.51, 0.25, negative
0.67, 0.51, 0.54, 0.21, 0.5, 0.0, 0.43, 0.3, negative
0.58, 0.46, 0.46, 0.34, 0.5, 0.0, 0.5, 0.43, positive
0.4, 0.68, 0.5, 0.82, 0.5, 0.0, 0.44, 0.36, negative
0.59, 0.57, 0.43, 0.26, 0.5, 0.0, 0.51, 0.22, negative
0.39, 0.3, 0.56, 0.12, 0.5, 0.0, 0.53, 0.38, positive
0.6, 0.62, 0.54, 0.4, 0.5, 0.0, 0.5, 0.22, negative
0.36, 0.4, 0.53, 0.48, 0.5, 0.0, 0.48, 0.22, negative
0.51, 0.42, 0.56, 0.38, 0.5, 0.0, 0.46, 0.22, negative
0.57, 0.4, 0.62, 0.3, 0.5, 0.0, 0.48, 0.11, negative
0.52, 0.5, 0.59, 0.31, 0.5, 0.0, 0.5, 0.22, negative
0.42, 0.53, 0.53, 0.64, 0.5, 0.0, 0.47, 0.22, negative
0.5, 0.46, 0.64, 0.36, 0.5, 0.0, 0.49, 0.22, negative
0.6, 0.51, 0.6, 0.38, 0.5, 0.83, 0.52, 0.24, negative
0.45, 0.38, 0.64, 0.14, 0.5, 0.0, 0.54, 0.22, negative
0.6, 0.57, 0.64, 0.52, 0.5, 0.0, 0.47, 0.28, negative
0.41, 0.52, 0.53, 0.41, 0.5, 0.0, 0.39, 0.33, negative
0.45, 0.43, 0.63, 0.4, 0.5, 0.0, 0.59, 0.11, negative
0.44, 0.44, 0.67, 0.35, 0.5, 0.0, 0.48, 0.26, negative
0.58, 0.52, 0.61, 0.33, 0.5, 0.0, 0.38, 0.11, negative
0.57, 0.61, 0.55, 0.27, 0.5, 0.0, 0.44, 0.21, negative
0.57, 0.58, 0.58, 0.35, 0.5, 0.0, 0.49, 0.22, negative
0.56, 0.5, 0.61, 0.49, 0.5, 0.0, 0.46, 0.28, negative
0.6, 0.46, 0.59, 0.16, 0.5, 0.0, 0.49, 0.22, negative
0.36, 0.38, 0.56, 0.44, 0.5, 0.0, 0.48, 0.22, negative
0.53, 0.52, 0.61, 0.35, 0.5, 0.0, 0.5, 0.22, negative
0.62, 0.59, 0.54, 0.47, 0.5, 0.0, 0.46, 0.22, negative
0.65, 0.53, 0.55, 0.52, 0.5, 0.0, 0.47, 0.27, negative
0.38, 0.54, 0.54, 0.41, 0.5, 0.0, 0.51, 0.22, negative
0.61, 0.46, 0.51, 0.37, 0.5, 0.0, 0.51, 0.22, negative
0.55, 0.59, 0.47, 0.64, 0.5, 0.0, 0.54, 0.33, negative
0.54, 0.64, 0.5, 0.13, 0.5, 0.0, 0.49, 0.22, negative
0.4, 0.74, 0.49, 0.16, 0.5, 0.0, 0.51, 0.22, negative
0.51, 0.56, 0.51, 0.42, 0.5, 0.0, 0.53, 0.36, negative
0.43, 0.32, 0.5, 0.29, 0.5, 0.0, 0.5, 0.22, negative
0.49, 0.44, 0.45, 0.55, 0.5, 0.0, 0.48, 0.22, negative
0.51, 0.6, 0.51, 0.26, 0.5, 0.0, 0.54, 0.22, positive
0.49, 0.46, 0.42, 0.46, 0.5, 0.0, 0.55, 0.22, positive
0.5, 0.56, 0.49, 0.61, 0.5, 0.0, 0.5, 0.22, negative
0.63, 0.6, 0.5, 0.27, 0.5, 0.0, 0.55, 0.22, negative
0.46, 0.44, 0.53, 0.31, 0.5, 0.0, 0.48, 0.22, negative
0.58, 0.57, 0.54, 0.69, 0.5, 0.0, 0.54, 0.22, negative
0.61, 0.59, 0.47, 0.49, 0.5, 0.0, 0.54, 0.22, negative
0.63, 0.47, 0.56, 0.12, 0.5, 0.0, 0.5, 0.22, negative
0.55, 0.53, 0.54, 0.4, 0.5, 0.0, 0.48, 0.22, negative
0.41, 0.47, 0.58, 0.62, 0.5, 0.0, 0.5, 0.22, negative
0.44, 0.53, 0.53, 0.37, 0.5, 0.0, 0.51, 0.22, negative
0.57, 0.4, 0.48, 0.24, 0.5, 0.0, 0.55, 0.22, negative
0.46, 0.46, 0.56, 0.12, 0.5, 0.0, 0.55, 0.22, negative
0.47, 0.46, 0.55, 0.28, 0.5, 0.0, 0.44, 0.46, positive
0.58, 0.38, 0.4, 0.21, 0.5, 0.0, 0.5, 0.22, negative
0.53, 0.41, 0.5, 0.24, 1.0, 0.0, 0.47, 0.22, negative
0.43, 0.4, 0.5, 0.18, 0.5, 0.0, 0.5, 0.28, negative
0.41, 0.59, 0.46, 0.19, 0.5, 0.0, 0.36, 0.22, negative
0.58, 0.56, 0.52, 0.25, 0.5, 0.0, 0.57, 0.35, positive
0.51, 0.65, 0.53, 0.19, 0.5, 0.0, 0.49, 0.22, negative
0.44, 0.41, 0.29, 0.21, 0.5, 0.0, 0.49, 0.22, negative
0.49, 0.6, 0.55, 0.17, 0.5, 0.0, 0.44, 0.22, negative
0.42, 0.28, 0.57, 0.18, 0.5, 0.0, 0.42, 0.22, positive
0.51, 0.46, 0.54, 0.41, 0.5, 0.0, 0.53, 0.22, negative
0.6, 0.51, 0.52, 0.45, 0.5, 0.0, 0.5, 0.27, negative
0.37, 0.41, 0.45, 0.14, 0.5, 0.0, 0.47, 0.22, negative
0.37, 0.51, 0.57, 0.4, 0.5, 0.0, 0.48, 0.27, negative
0.36, 0.39, 0.55, 0.26, 0.5, 0.0, 0.49, 0.22, positive
0.5, 0.36, 0.53, 0.41, 0.5, 0.0, 0.55, 0.36, negative
0.59, 0.58, 0.39, 0.52, 0.5, 0.0, 0.5, 0.31, negative
0.78, 0.63, 0.53, 0.13, 0.5, 0.0, 0.54, 0.22, negative
0.48, 0.62, 0.52, 0.3, 0.5, 0.0, 0.51, 0.37, positive
0.53, 0.61, 0.51, 0.49, 0.5, 0.0, 0.54, 0.27, negative
0.33, 0.46, 0.53, 0.29, 0.5, 0.0, 0.5, 0.55, positive
0.36, 0.44, 0.51, 0.17, 0.5, 0.0, 0.6, 0.19, positive
0.39, 0.34, 0.68, 0.3, 0.5, 0.0, 0.5, 0.29, positive
0.11, 0.41, 0.67, 0.13, 0.5, 0.0, 0.45, 0.29, positive
0.47, 0.5, 0.55, 0.19, 0.5, 0.0, 0.62, 0.22, negative
0.35, 0.5, 0.44, 0.27, 0.5, 0.0, 0.51, 0.22, negative
0.36, 0.3, 0.5, 0.19, 0.5, 0.0, 0.55, 0.3, positive
0.49, 0.44, 0.51, 0.18, 0.5, 0.0, 0.52, 0.27, negative
0.35, 0.44, 0.54, 0.26, 0.5, 0.0, 0.52, 0.26, positive
0.43, 0.28, 0.53, 0.34, 0.5, 0.0, 0.55, 0.57, positive
0.33, 0.48, 0.55, 0.16, 0.5, 0.0, 0.53, 0.75, positive
0.45, 0.21, 0.49, 0.24, 0.5, 0.0, 0.46, 0.31, positive
0.44, 0.34, 0.61, 0.13, 0.5, 0.0, 0.49, 0.26, positive
0.87, 0.47, 0.6, 0.47, 0.5, 0.0, 0.59, 0.22, positive
0.29, 0.34, 0.55, 0.24, 0.5, 0.0, 0.51, 0.22, negative
0.75, 0.67, 0.51, 0.29, 0.5, 0.0, 0.52, 0.36, negative
0.47, 0.47, 0.5, 0.15, 0.5, 0.0, 0.5, 0.48, positive
0.51, 0.34, 0.49, 0.16, 0.5, 0.0, 0.53, 0.21, positive
0.64, 0.76, 0.51, 0.18, 0.5, 0.0, 0.46, 0.22, positive
0.45, 0.41, 0.58, 0.48, 0.5, 0.0, 0.53, 0.64, positive
0.9, 0.54, 0.59, 0.2, 0.5, 0.0, 0.48, 0.22, positive
0.7, 0.51, 0.47, 0.24, 0.5, 0.0, 0.53, 0.25, positive
0.25, 0.36, 0.58, 0.3, 0.5, 0.0, 0.58, 0.31, positive
0.83, 0.57, 0.42, 0.57, 0.5, 0.0, 0.5, 0.32, negative
0.43, 0.38, 0.38, 0.12, 0.5, 0.0, 0.5, 0.22, negative
0.78, 0.65, 0.4, 0.16, 0.5, 0.0, 0.63, 0.22, negative
0.52, 0.64, 0.34, 0.16, 0.5, 0.0, 0.57, 0.22, negative
0.41, 0.49, 0.58, 0.22, 0.5, 0.0, 0.52, 0.22, negative
0.39, 0.42, 0.49, 0.1, 0.5, 0.0, 0.49, 0.65, positive
0.31, 0.42, 0.48, 0.17, 0.5, 0.0, 0.49, 0.53, positive
0.39, 0.28, 0.54, 0.14, 0.5, 0.0, 0.59, 0.22, negative
0.76, 0.67, 0.37, 0.22, 0.5, 0.0, 0.54, 0.22, negative
0.49, 0.27, 0.57, 0.18, 0.5, 0.83, 0.54, 0.22, negative
0.28, 0.48, 0.56, 0.16, 0.5, 0.0, 0.48, 0.26, negative
0.64, 0.52, 0.5, 0.26, 0.5, 0.0, 0.51, 0.31, positive
0.56, 0.48, 0.5, 0.3, 0.5, 0.0, 0.51, 0.22, negative
0.5, 0.5, 0.54, 0.16, 0.5, 0.0, 0.49, 0.22, negative
0.47, 0.43, 0.59, 0.27, 0.5, 0.0, 0.55, 0.22, negative
0.68, 0.59, 0.44, 0.49, 0.5, 0.0, 0.4, 0.26, negative
0.45, 0.46, 0.61, 0.2, 0.5, 0.0, 0.62, 0.22, negative
0.53, 0.51, 0.36, 0.13, 0.5, 0.0, 0.52, 0.22, negative
0.6, 0.54, 0.54, 0.53, 0.5, 0.0, 0.52, 0.27, negative
0.49, 0.45, 0.53, 0.16, 0.5, 0.0, 0.49, 0.31, negative
0.51, 0.46, 0.57, 0.25, 0.5, 0.0, 0.53, 0.22, negative
0.49, 0.45, 0.46, 0.18, 0.5, 0.0, 0.49, 0.31, negative
0.52, 0.46, 0.51, 0.18, 0.5, 0.0, 0.5, 0.22, negative
0.55, 0.59, 0.52, 0.1, 0.5, 0.0, 0.53, 0.22, negative
0.7, 0.84, 0.49, 0.28, 1.0, 0.0, 0.58, 0.22, negative
0.37, 0.42, 0.6, 0.13, 0.5, 0.0, 0.51, 0.22, positive
0.45, 0.58, 0.59, 0.44, 0.5, 0.0, 0.56, 0.22, negative
0.74, 0.89, 0.32, 0.24, 0.5, 0.0, 0.54, 0.32, negative
0.51, 0.46, 0.49, 0.21, 0.5, 0.0, 0.55, 0.22, negative
0.4, 0.36, 0.55, 0.15, 0.5, 0.0, 0.53, 0.22, negative
0.67, 0.46, 0.58, 0.3, 0.5, 0.0, 0.57, 0.27, positive
0.5, 0.32, 0.49, 0.49, 0.5, 0.0, 0.48, 0.32, negative
0.45, 0.53, 0.47, 0.43, 0.5, 0.0, 0.5, 0.27, negative
0.75, 0.6, 0.43, 0.35, 0.5, 0.0, 0.45, 0.27, negative
0.48, 0.45, 0.59, 0.35, 0.5, 0.0, 0.55, 0.3, negative
0.26, 0.28, 0.6, 0.2, 0.5, 0.0, 0.54, 0.31, negative
0.59, 0.45, 0.58, 0.21, 0.5, 0.0, 0.49, 0.22, negative
0.59, 0.58, 0.47, 0.61, 0.5, 0.0, 0.44, 0.3, negative
0.5, 0.57, 0.62, 0.25, 0.5, 0.0, 0.51, 0.22, negative
0.62, 0.43, 0.49, 0.29, 0.5, 0.0, 0.5, 0.27, negative
0.45, 0.41, 0.49, 0.14, 1.0, 0.0, 0.53, 0.3, negative
0.46, 0.46, 0.53, 0.23, 0.5, 0.0, 0.51, 0.22, negative
0.48, 0.42, 0.48, 0.19, 0.5, 0.0, 0.58, 0.22, negative
0.43, 0.45, 0.53, 0.19, 0.5, 0.0, 0.56, 0.22, negative
0.28, 0.36, 0.55, 0.15, 0.5, 0.0, 0.57, 0.22, negative
0.48, 0.46, 0.58, 0.26, 0.5, 0.0, 0.44, 0.22, positive
0.74, 0.72, 0.5, 0.28, 0.5, 0.0, 0.5, 0.27, negative
0.74, 0.72, 0.5, 0.28, 0.5, 0.0, 0.49, 0.27, negative
0.38, 0.62, 0.52, 0.14, 0.5, 0.0, 0.53, 0.22, negative
0.77, 0.72, 0.48, 0.26, 0.5, 0.0, 0.51, 0.22, negative
0.44, 0.42, 0.57, 0.22, 0.5, 0.0, 0.5, 0.25, positive
0.39, 0.81, 0.35, 0.28, 0.5, 0.0, 0.51, 0.45, negative
0.4, 0.37, 0.54, 0.13, 0.5, 0.0, 0.48, 0.22, positive
0.31, 0.3, 0.34, 0.19, 0.5, 0.0, 0.55, 0.3, negative
0.5, 0.42, 0.57, 0.49, 0.5, 0.0, 0.48, 0.27, positive
0.59, 0.61, 0.51, 0.62, 0.5, 0.0, 0.51, 0.38, negative
0.45, 0.4, 0.43, 0.22, 0.5, 0.0, 0.51, 0.48, positive
0.47, 0.54, 0.53, 0.77, 0.5, 0.0, 0.52, 0.36, negative
0.77, 0.73, 0.51, 0.27, 0.5, 0.0, 0.34, 0.22, negative
0.47, 0.61, 0.5, 0.23, 0.5, 0.0, 0.49, 0.22, negative
0.78, 0.69, 0.44, 0.26, 0.5, 0.0, 0.54, 0.22, negative
0.27, 0.56, 0.3, 0.14, 0.5, 0.0, 0.52, 0.39, negative
0.4, 0.39, 0.33, 0.17, 0.5, 0.0, 0.51, 0.31, negative
0.55, 0.51, 0.54, 0.2, 0.5, 0.0, 0.56, 0.22, negative
0.95, 0.71, 0.27, 0.39, 0.5, 0.0, 0.31, 0.22, negative
0.97, 0.71, 0.29, 0.42, 0.5, 0.0, 0.35, 0.22, negative
0.44, 0.43, 0.34, 0.21, 0.5, 0.0, 0.55, 0.4, negative
0.39, 0.49, 0.3, 0.19, 0.5, 0.0, 0.52, 0.31, negative
0.38, 0.48, 0.51, 0.13, 0.5, 0.0, 0.5, 0.32, positive
0.37, 0.51, 0.39, 0.18, 0.5, 0.0, 0.51, 0.27, negative
0.27, 0.49, 0.36, 0.26, 0.5, 0.0, 0.49, 0.26, negative
0.49, 0.48, 0.52, 0.2, 0.5, 0.0, 0.55, 0.22, positive
0.36, 0.39, 0.54, 0.16, 0.5, 0.0, 0.5, 0.28, positive
0.54, 0.53, 0.48, 0.14, 0.5, 0.0, 0.49, 0.33, positive
0.37, 0.48, 0.5, 0.26, 0.5, 0.0, 0.52, 0.39, positive
0.25, 0.39, 0.5, 0.23, 0.5, 0.0, 0.5, 0.28, positive
0.49, 0.71, 0.54, 0.13, 0.5, 0.0, 0.58, 0.22, positive
0.56, 0.5, 0.56, 0.26, 0.5, 0.0, 0.53, 0.27, positive
0.41, 0.53, 0.41, 0.15, 0.5, 0.0, 0.54, 0.25, positive
0.5, 0.45, 0.53, 0.21, 0.5, 0.0, 0.28, 0.22, positive
0.46, 0.37, 0.48, 0.36, 0.5, 0.0, 0.48, 0.22, negative
0.42, 0.65, 0.58, 0.34, 0.5, 0.0, 0.5, 0.22, negative
0.45, 0.47, 0.53, 0.15, 0.5, 0.0, 0.52, 0.27, negative
0.42, 0.28, 0.51, 0.23, 0.5, 0.0, 0.53, 0.27, positive
0.51, 0.48, 0.46, 0.29, 0.5, 0.0, 0.54, 0.22, negative
0.69, 0.7, 0.5, 0.3, 0.5, 0.0, 0.54, 0.22, negative
0.63, 0.55, 0.53, 0.51, 0.5, 0.0, 0.55, 0.22, negative
0.55, 0.63, 0.54, 0.16, 0.5, 0.0, 0.45, 0.27, negative
0.53, 0.59, 0.48, 0.14, 0.5, 0.0, 0.51, 0.22, negative
0.42, 0.53, 0.57, 0.17, 0.5, 0.0, 0.49, 0.22, negative
0.52, 0.46, 0.56, 0.2, 0.5, 0.0, 0.5, 0.22, negative
0.53, 0.43, 0.57, 0.24, 0.5, 0.0, 0.39, 0.28, negative
0.33, 0.35, 0.56, 0.19, 0.5, 0.0, 0.5, 0.22, positive
0.45, 0.48, 0.56, 0.56, 0.5, 0.0, 0.47, 0.22, positive
0.56, 0.48, 0.5, 0.17, 0.5, 0.0, 0.51, 0.26, negative
0.77, 0.57, 0.45, 0.17, 0.5, 0.0, 0.53, 0.22, negative
0.33, 0.39, 0.52, 0.09, 0.5, 0.0, 0.47, 0.28, positive
0.38, 0.26, 0.6, 0.1, 0.5, 0.0, 0.48, 0.44, positive
0.62, 0.41, 0.52, 0.17, 0.5, 0.0, 0.48, 0.22, positive
0.52, 0.37, 0.48, 0.13, 0.5, 0.0, 0.55, 0.22, positive
0.32, 0.48, 0.49, 0.17, 0.5, 0.0, 0.47, 0.22, positive
0.33, 0.21, 0.53, 0.15, 1.0, 0.0, 0.52, 0.5, positive
0.49, 0.45, 0.57, 0.24, 0.5, 0.0, 0.47, 0.38, positive
0.4, 0.28, 0.48, 0.06, 0.5, 0.0, 0.49, 0.42, positive
0.45, 0.45, 0.52, 0.17, 0.5, 0.0, 0.54, 0.22, negative
0.28, 0.51, 0.55, 0.19, 0.5, 0.0, 0.57, 0.22, negative
0.51, 0.51, 0.56, 0.28, 0.5, 0.0, 0.54, 0.27, negative
0.59, 0.46, 0.48, 0.46, 0.5, 0.0, 0.49, 0.22, negative
0.51, 0.46, 0.4, 0.65, 0.5, 0.0, 0.49, 0.22, negative
0.37, 0.44, 0.51, 0.56, 0.5, 0.0, 0.5, 0.38, positive
0.81, 0.55, 0.35, 0.34, 0.5, 0.0, 0.51, 0.22, negative
0.36, 0.33, 0.38, 0.15, 0.5, 0.0, 0.55, 0.36, negative
0.48, 0.5, 0.56, 0.11, 0.5, 0.0, 0.33, 0.22, negative
0.35, 0.47, 0.53, 0.19, 0.5, 0.0, 0.48, 0.22, negative
0.48, 0.48, 0.56, 0.18, 0.5, 0.0, 0.58, 0.22, negative
0.6, 0.59, 0.47, 0.47, 0.5, 0.0, 0.53, 0.22, negative
0.45, 0.53, 0.51, 0.42, 0.5, 0.0, 0.52, 0.22, negative
0.29, 0.4, 0.41, 0.48, 0.5, 0.0, 0.53, 0.3, positive
0.58, 0.53, 0.33, 0.26, 0.5, 0.0, 0.51, 0.22, negative
0.46, 0.43, 0.5, 0.24, 0.5, 0.0, 0.48, 0.31, negative
0.43, 0.46, 0.5, 0.21, 0.5, 0.0, 0.49, 0.34, negative
0.61, 0.55, 0.51, 0.26, 0.5, 0.0, 0.52, 0.22, negative
0.49, 0.45, 0.54, 0.4, 0.5, 0.0, 0.55, 0.22, negative
0.64, 0.53, 0.59, 0.14, 0.5, 0.0, 0.53, 0.22, negative
0.57, 0.6, 0.54, 0.17, 0.5, 0.0, 0.52, 0.22, negative
0.38, 0.31, 0.59, 0.19, 0.5, 0.0, 0.46, 0.22, negative
0.68, 0.53, 0.44, 0.31, 0.5, 0.0, 0.51, 0.22, negative
0.24, 0.41, 0.47, 0.16, 0.5, 0.0, 0.51, 0.38, positive
0.61, 0.39, 0.53, 0.14, 0.5, 0.0, 0.43, 0.26, positive
0.39, 0.16, 0.59, 0.08, 0.5, 0.0, 0.51, 0.27, positive
0.33, 0.28, 0.5, 0.4, 0.5, 0.0, 0.46, 0.61, positive
0.51, 0.55, 0.56, 0.18, 0.5, 0.0, 0.5, 0.38, positive
0.39, 0.44, 0.54, 0.24, 0.5, 0.0, 0.51, 0.49, positive
0.43, 0.48, 0.53, 0.18, 0.5, 0.0, 0.46, 0.22, positive
0.33, 0.28, 0.52, 0.15, 0.5, 0.0, 0.51, 0.86, positive
0.36, 0.48, 0.5, 0.13, 0.5, 0.0, 0.49, 0.6, positive
0.45, 0.54, 0.49, 0.29, 0.5, 0.0, 0.49, 0.25, positive
0.43, 0.41, 0.51, 0.34, 0.5, 0.0, 0.49, 0.28, positive
0.64, 0.5, 0.53, 0.1, 0.5, 0.0, 0.51, 0.22, positive
0.41, 0.52, 0.56, 0.26, 0.5, 0.0, 0.48, 0.32, positive
0.48, 0.47, 0.59, 0.41, 0.5, 0.0, 0.56, 0.27, positive
0.59, 0.47, 0.51, 0.53, 0.5, 0.0, 0.53, 0.26, negative
0.4, 0.6, 0.5, 0.16, 0.5, 0.0, 0.51, 0.22, negative
0.61, 0.46, 0.54, 0.11, 0.5, 0.0, 0.47, 0.22, negative
0.53, 0.46, 0.54, 0.37, 0.5, 0.0, 0.51, 0.3, positive
0.41, 0.41, 0.43, 0.61, 0.5, 0.0, 0.53, 0.22, negative
0.58, 0.31, 0.6, 0.12, 0.5, 0.0, 0.47, 0.33, positive
0.49, 0.67, 0.5, 0.28, 0.5, 0.0, 0.43, 0.22, positive
0.57, 0.55, 0.52, 0.16, 0.5, 0.0, 0.49, 0.39, positive
0.45, 0.66, 0.39, 0.11, 0.5, 0.0, 0.54, 0.22, negative
0.32, 0.49, 0.53, 0.28, 0.5, 0.0, 0.5, 0.5, positive
0.46, 0.41, 0.58, 0.1, 0.5, 0.0, 0.48, 0.22, positive
0.47, 0.47, 0.54, 0.19, 0.5, 0.0, 0.51, 0.33, positive
0.34, 0.58, 0.5, 0.26, 0.5, 0.0, 0.51, 0.22, positive
0.4, 0.66, 0.34, 0.21, 0.5, 0.0, 0.52, 0.26, positive
0.42, 0.21, 0.59, 0.3, 0.5, 0.0, 0.47, 0.27, positive
0.6, 0.48, 0.46, 0.32, 0.5, 0.0, 0.4, 0.33, negative
0.64, 0.44, 0.51, 0.35, 0.5, 0.0, 0.53, 0.22, negative
0.35, 0.4, 0.44, 0.25, 0.5, 0.0, 0.53, 0.57, positive
0.45, 0.43, 0.5, 0.25, 0.5, 0.0, 0.47, 0.22, negative
0.45, 0.49, 0.57, 0.25, 0.5, 0.0, 0.48, 0.22, positive
0.45, 0.52, 0.5, 0.12, 0.5, 0.0, 0.6, 0.22, negative
0.56, 0.51, 0.32, 0.49, 0.5, 0.0, 0.48, 0.22, positive
0.37, 0.58, 0.5, 0.22, 0.5, 0.0, 0.47, 0.22, positive
0.47, 0.45, 0.51, 0.33, 0.5, 0.0, 0.46, 0.26, positive
0.5, 0.36, 0.64, 0.37, 0.5, 0.0, 0.37, 0.33, positive
0.43, 0.44, 0.64, 0.19, 0.5, 0.0, 0.38, 0.33, positive
0.38, 0.4, 0.59, 0.25, 0.5, 0.0, 0.44, 0.22, negative
0.45, 0.5, 0.57, 0.29, 0.5, 0.0, 0.44, 0.11, negative
0.61, 0.38, 0.57, 0.36, 0.5, 0.0, 0.44, 0.21, negative
0.61, 0.38, 0.57, 0.36, 0.5, 0.0, 0.44, 0.21, negative
0.43, 0.33, 0.54, 0.37, 0.5, 0.0, 0.38, 0.16, negative
0.43, 0.33, 0.54, 0.37, 0.5, 0.0, 0.38, 0.16, negative
0.51, 0.39, 0.58, 0.19, 0.5, 0.0, 0.47, 0.22, negative
0.72, 0.51, 0.52, 0.08, 0.5, 0.0, 0.54, 0.22, positive
0.35, 0.41, 0.53, 0.27, 0.5, 0.0, 0.47, 0.29, positive
0.56, 0.49, 0.54, 0.15, 0.5, 0.0, 0.5, 0.35, positive
0.48, 0.45, 0.63, 0.19, 0.5, 0.0, 0.58, 0.22, positive
0.34, 0.48, 0.47, 0.19, 0.5, 0.0, 0.5, 0.3, positive
0.54, 0.57, 0.55, 0.18, 0.5, 0.0, 0.5, 0.22, positive
0.38, 0.44, 0.55, 0.44, 0.5, 0.0, 0.47, 0.51, positive
0.4, 0.3, 0.57, 0.13, 0.5, 0.0, 0.46, 0.22, positive
0.52, 0.46, 0.56, 0.25, 0.5, 0.0, 0.52, 0.22, positive
0.44, 0.5, 0.55, 0.24, 0.5, 0.0, 0.48, 0.22, positive
0.34, 0.47, 0.48, 0.32, 0.5, 0.0, 0.42, 0.22, positive
0.5, 0.56, 0.63, 0.25, 0.5, 0.0, 0.42, 0.22, positive
0.46, 0.53, 0.47, 0.37, 0.5, 0.0, 0.51, 0.36, positive
0.31, 0.6, 0.65, 0.18, 0.5, 0.0, 0.46, 0.22, positive
0.57, 0.42, 0.63, 0.22, 0.5, 0.0, 0.68, 0.32, positive
0.38, 0.38, 0.54, 0.24, 0.5, 0.0, 0.54, 0.22, positive
0.36, 0.49, 0.55, 0.21, 0.5, 0.0, 0.55, 0.33, positive
0.29, 0.4, 0.5, 0.16, 0.5, 0.0, 0.51, 0.34, positive
0.37, 0.3, 0.51, 0.15, 0.5, 0.0, 0.58, 0.26, positive
0.46, 0.35, 0.69, 0.18, 0.5, 0.0, 0.3, 0.25, negative
0.57, 0.43, 0.52, 0.3, 0.5, 0.0, 0.37, 0.11, negative
0.59, 0.51, 0.48, 0.12, 0.5, 0.0, 0.54, 0.31, negative
0.61, 0.53, 0.59, 0.17, 0.5, 0.0, 0.44, 0.28, negative
0.61, 0.48, 0.56, 0.19, 0.5, 0.0, 0.53, 0.31, negative
0.61, 0.48, 0.56, 0.19, 0.5, 0.0, 0.53, 0.31, negative
0.44, 0.56, 0.52, 0.18, 0.5, 0.0, 0.5, 0.11, negative
0.36, 0.56, 0.52, 0.18, 0.5, 0.0, 0.45, 0.16, negative
0.37, 0.44, 0.64, 0.48, 0.5, 0.0, 0.36, 0.27, negative
0.72, 0.37, 0.63, 0.38, 0.5, 0.0, 0.4, 0.14, negative
0.72, 0.37, 0.63, 0.38, 0.5, 0.0, 0.4, 0.14, negative
0.44, 0.36, 0.64, 0.45, 0.5, 0.0, 0.53, 0.11, negative
0.58, 0.45, 0.55, 0.27, 0.5, 0.0, 0.48, 0.11, negative
0.63, 0.64, 0.45, 0.26, 0.5, 0.0, 0.43, 0.22, negative
0.63, 0.64, 0.45, 0.26, 0.5, 0.0, 0.43, 0.22, negative
0.43, 0.33, 0.67, 0.12, 0.5, 0.0, 0.45, 0.23, negative
0.43, 0.33, 0.67, 0.12, 0.5, 0.0, 0.43, 0.23, negative
0.58, 0.44, 0.5, 0.26, 0.5, 0.0, 0.52, 0.22, negative
0.4, 0.45, 0.61, 0.29, 0.5, 0.0, 0.44, 0.22, negative
0.34, 0.34, 0.65, 0.4, 0.5, 0.0, 0.32, 0.16, negative
0.34, 0.34, 0.65, 0.4, 0.5, 0.0, 0.32, 0.16, negative
0.43, 0.22, 0.79, 0.79, 0.5, 0.0, 0.22, 0.0, negative
0.35, 0.21, 1.0, 0.8, 0.5, 0.0, 0.13, 0.01, negative
0.35, 0.21, 1.0, 0.8, 0.5, 0.0, 0.13, 0.01, negative
0.56, 0.35, 0.47, 0.41, 0.5, 0.0, 0.5, 0.22, negative
0.56, 0.35, 0.47, 0.35, 0.5, 0.0, 0.52, 0.22, negative
0.54, 0.44, 0.55, 0.48, 0.5, 0.0, 0.47, 0.22, negative
0.35, 0.39, 0.56, 0.2, 0.5, 0.0, 0.49, 0.41, negative
0.48, 0.46, 0.58, 0.16, 0.5, 0.0, 0.45, 0.22, negative
0.48, 0.55, 0.48, 0.1, 0.5, 0.0, 0.55, 0.22, negative
0.66, 0.6, 0.52, 0.19, 0.5, 0.0, 0.69, 0.22, negative
0.69, 0.54, 0.55, 0.23, 0.5, 0.0, 0.73, 0.22, negative
0.78, 0.82, 0.56, 0.21, 0.5, 0.0, 0.69, 0.22, negative
0.44, 0.62, 0.53, 0.27, 0.5, 0.0, 0.49, 0.22, positive
0.56, 0.61, 0.52, 0.19, 0.5, 0.0, 0.52, 0.32, positive
0.47, 0.56, 0.46, 0.5, 0.5, 0.0, 0.51, 0.22, negative
0.46, 0.33, 0.45, 0.22, 0.5, 0.0, 0.41, 0.37, negative
0.52, 0.43, 0.61, 0.22, 0.5, 0.0, 0.45, 0.22, negative
0.52, 0.43, 0.61, 0.22, 0.5, 0.0, 0.45, 0.22, negative
0.48, 0.41, 0.52, 0.33, 0.5, 0.0, 0.51, 0.26, negative
0.46, 0.39, 0.54, 0.22, 0.5, 0.0, 0.48, 0.25, negative
0.46, 0.39, 0.54, 0.22, 0.5, 0.0, 0.48, 0.25, negative
0.42, 0.5, 0.64, 0.13, 0.5, 0.0, 0.49, 0.22, negative
0.46, 0.54, 0.59, 0.41, 0.5, 0.0, 0.53, 0.21, negative
0.46, 0.54, 0.59, 0.41, 0.5, 0.0, 0.53, 0.21, negative
0.39, 0.65, 0.57, 0.19, 0.5, 0.0, 0.44, 0.25, negative
0.39, 0.65, 0.57, 0.19, 0.5, 0.0, 0.43, 0.25, negative
0.38, 0.5, 0.52, 0.44, 0.5, 0.0, 0.54, 0.11, negative
0.38, 0.5, 0.52, 0.44, 0.5, 0.0, 0.54, 0.11, negative
0.51, 0.52, 0.58, 0.17, 0.5, 0.0, 0.47, 0.28, negative
0.57, 0.48, 0.54, 0.22, 0.5, 0.0, 0.5, 0.11, negative
0.5, 0.5, 0.62, 0.23, 0.5, 0.0, 0.35, 0.11, negative
0.41, 0.49, 0.65, 0.28, 0.5, 0.0, 0.59, 0.57, negative
0.53, 0.57, 0.6, 0.36, 0.5, 0.0, 0.5, 0.22, negative
0.37, 0.3, 0.62, 0.43, 0.5, 0.0, 0.44, 0.39, negative
0.6, 0.57, 0.52, 0.14, 0.5, 0.0, 0.46, 0.48, positive
0.42, 0.38, 0.52, 0.29, 0.5, 0.0, 0.42, 0.22, positive
0.41, 0.46, 0.58, 0.08, 0.5, 0.0, 0.51, 0.28, positive
0.49, 0.4, 0.58, 0.23, 0.5, 0.0, 0.47, 0.27, negative
0.37, 0.37, 0.51, 0.38, 0.5, 0.0, 0.44, 0.22, negative
0.57, 0.5, 0.4, 0.08, 0.5, 0.0, 0.47, 0.22, negative
0.34, 0.25, 0.55, 0.28, 0.5, 0.0, 0.51, 0.49, negative
0.77, 0.86, 0.44, 0.27, 0.5, 0.0, 0.48, 0.22, negative
0.59, 0.54, 0.53, 0.14, 0.5, 0.0, 0.48, 0.22, negative
0.5, 0.48, 0.48, 0.23, 0.5, 0.0, 0.53, 0.68, negative
0.39, 1.0, 0.38, 0.41, 0.5, 0.0, 0.5, 0.27, negative
0.56, 0.42, 0.52, 0.14, 0.5, 0.0, 0.51, 0.22, negative
0.52, 0.54, 0.47, 0.49, 0.5, 0.0, 0.54, 0.22, negative
0.46, 0.49, 0.55, 0.18, 0.5, 0.0, 0.56, 0.22, positive
0.56, 0.65, 0.49, 0.56, 0.5, 0.0, 0.49, 0.22, negative
0.53, 0.51, 0.55, 0.57, 0.5, 0.0, 0.46, 0.22, negative
0.54, 0.64, 0.4, 0.56, 0.5, 0.0, 0.51, 0.22, negative
0.47, 0.58, 0.47, 0.52, 0.5, 0.0, 0.54, 0.22, negative
0.46, 0.42, 0.51, 0.16, 0.5, 0.0, 0.56, 0.22, negative
0.85, 0.66, 0.49, 0.18, 0.5, 0.0, 0.51, 0.22, negative
0.55, 0.52, 0.44, 0.2, 0.5, 0.0, 0.56, 0.22, negative
0.49, 0.38, 0.56, 0.09, 0.5, 0.0, 0.46, 0.22, negative
0.38, 0.4, 0.53, 0.12, 0.5, 0.0, 0.55, 0.22, negative
0.55, 0.55, 0.52, 0.13, 0.5, 0.0, 0.53, 0.25, negative
0.46, 0.44, 0.58, 0.17, 0.5, 0.0, 0.55, 0.22, negative
0.46, 0.47, 0.44, 0.18, 1.0, 0.0, 0.46, 0.22, negative
0.44, 0.71, 0.5, 0.21, 0.5, 0.0, 0.54, 0.27, negative
0.56, 0.49, 0.32, 0.22, 0.5, 0.0, 0.5, 0.22, negative
0.41, 0.49, 0.47, 0.09, 0.5, 0.0, 0.49, 0.22, negative
0.44, 0.51, 0.53, 0.3, 0.5, 0.0, 0.53, 0.22, negative
0.51, 0.51, 0.32, 0.27, 0.5, 0.0, 0.54, 0.22, negative
0.46, 0.38, 0.51, 0.2, 0.5, 0.0, 0.51, 0.22, negative
0.55, 0.72, 0.35, 0.26, 0.5, 0.0, 0.49, 0.22, negative
0.54, 0.44, 0.35, 0.19, 0.5, 0.0, 0.51, 0.27, negative
0.65, 0.66, 0.37, 0.12, 0.5, 0.0, 0.52, 0.27, negative
0.41, 0.4, 0.56, 0.17, 0.5, 0.0, 0.56, 0.22, negative
0.39, 0.71, 0.38, 0.14, 0.5, 0.0, 0.5, 0.22, negative
0.37, 0.42, 0.46, 0.15, 0.5, 0.0, 0.51, 0.31, negative
0.59, 0.55, 0.57, 0.18, 0.5, 0.0, 0.51, 0.22, negative
0.48, 0.51, 0.5, 0.24, 0.5, 0.0, 0.54, 0.38, negative
0.39, 0.3, 0.63, 0.2, 0.5, 0.0, 0.43, 0.47, negative
0.77, 0.82, 0.4, 0.36, 0.5, 0.0, 0.38, 0.22, negative
0.52, 0.55, 0.39, 0.09, 1.0, 0.0, 0.55, 0.25, negative
0.47, 0.37, 0.46, 0.28, 0.5, 0.0, 0.52, 0.99, positive
0.48, 0.5, 0.47, 0.29, 0.5, 0.0, 0.46, 0.27, positive
0.3, 0.33, 0.55, 0.12, 0.5, 0.0, 0.53, 0.38, negative
0.49, 0.49, 0.52, 0.18, 0.5, 0.0, 0.51, 0.25, positive
0.7, 0.78, 0.53, 0.24, 0.5, 0.0, 0.48, 0.22, negative
0.85, 0.69, 0.34, 0.31, 0.5, 0.0, 0.57, 0.3, negative
0.56, 0.59, 0.45, 0.15, 0.5, 0.0, 0.54, 0.22, negative
0.47, 0.56, 0.53, 0.44, 0.5, 0.0, 0.53, 0.22, negative
0.53, 0.49, 0.47, 0.21, 0.5, 0.0, 0.53, 0.22, negative
0.47, 0.44, 0.53, 0.18, 0.5, 0.0, 0.47, 0.29, positive
0.4, 0.49, 0.53, 0.23, 0.5, 0.0, 0.44, 0.26, positive
0.45, 0.65, 0.51, 0.17, 0.5, 0.0, 0.49, 0.22, positive
0.42, 0.42, 0.55, 0.31, 0.5, 0.0, 0.43, 0.22, positive
0.45, 0.41, 0.53, 0.49, 0.5, 0.0, 0.49, 0.31, positive
0.42, 0.28, 0.49, 0.22, 0.5, 0.0, 0.55, 0.34, positive
0.47, 0.5, 0.47, 0.22, 0.5, 0.0, 0.53, 0.45, positive
0.33, 0.42, 0.55, 0.23, 0.5, 0.0, 0.52, 0.43, positive
0.56, 0.55, 0.57, 0.15, 0.5, 0.0, 0.54, 0.25, negative
0.37, 0.47, 0.49, 0.12, 0.5, 0.0, 0.47, 0.31, positive
0.38, 0.42, 0.31, 0.35, 0.5, 0.0, 0.52, 0.22, negative
0.46, 0.56, 0.56, 0.25, 0.5, 0.0, 0.43, 0.22, positive
0.47, 0.55, 0.57, 0.17, 0.5, 0.0, 0.52, 0.66, positive
0.37, 0.55, 0.52, 0.13, 0.5, 0.0, 0.42, 0.8, negative
0.46, 0.48, 0.38, 0.22, 0.5, 0.0, 0.39, 0.45, negative
0.8, 0.69, 0.53, 0.33, 0.5, 0.0, 0.51, 0.22, negative
0.52, 0.65, 0.36, 0.37, 0.5, 0.0, 0.52, 0.34, negative
0.19, 0.16, 0.68, 0.36, 0.5, 0.0, 0.49, 0.21, positive
0.64, 0.31, 0.53, 0.15, 0.5, 0.0, 0.53, 0.31, negative
0.47, 0.56, 0.51, 0.2, 0.5, 0.0, 0.52, 0.59, positive
0.48, 0.55, 0.58, 0.18, 0.5, 0.0, 0.38, 0.69, positive
0.57, 0.51, 0.34, 0.13, 0.5, 0.0, 0.53, 0.27, negative
0.54, 0.5, 0.51, 0.26, 0.5, 0.0, 0.52, 0.22, negative
0.6, 0.64, 0.56, 0.36, 0.5, 0.0, 0.46, 0.27, negative
0.27, 0.41, 0.24, 0.2, 0.5, 0.0, 0.49, 0.22, negative
0.25, 0.35, 0.22, 0.18, 0.5, 0.0, 0.46, 0.22, negative
0.33, 0.47, 0.55, 0.24, 0.5, 0.0, 0.45, 0.67, positive
0.37, 0.4, 0.38, 0.18, 0.5, 0.0, 0.51, 0.22, negative
0.43, 0.47, 0.47, 0.18, 0.5, 0.0, 0.47, 0.22, negative
0.66, 0.43, 0.57, 0.6, 0.5, 0.0, 0.19, 0.33, positive
0.55, 0.4, 0.62, 0.22, 0.5, 0.0, 0.37, 0.28, positive
0.51, 0.5, 0.54, 0.11, 0.5, 0.0, 0.6, 0.22, positive
0.45, 0.57, 0.38, 0.28, 0.5, 0.0, 0.53, 0.31, negative
0.55, 0.57, 0.51, 0.07, 0.5, 0.0, 0.55, 0.22, negative
0.46, 0.41, 0.45, 0.23, 0.5, 0.0, 0.48, 0.22, positive
0.4, 0.39, 0.6, 0.23, 0.5, 0.0, 0.52, 0.31, positive
0.52, 0.47, 0.58, 0.18, 0.5, 0.0, 0.34, 0.11, negative
0.52, 0.47, 0.58, 0.18, 0.5, 0.0, 0.34, 0.11, negative
0.5, 0.45, 0.51, 0.19, 0.5, 0.0, 0.53, 0.25, negative
0.57, 0.55, 0.51, 0.18, 0.5, 0.0, 0.51, 0.43, positive
0.44, 0.43, 0.46, 0.28, 0.5, 0.0, 0.45, 0.29, positive
0.46, 0.5, 0.5, 0.28, 0.5, 0.0, 0.5, 0.37, positive
0.66, 0.65, 0.54, 0.4, 0.5, 0.0, 0.51, 0.22, negative
0.77, 0.73, 0.49, 0.46, 0.5, 0.0, 0.38, 0.22, negative
0.38, 0.58, 0.46, 0.21, 0.5, 0.0, 0.52, 0.22, positive
0.32, 0.68, 0.51, 0.16, 0.5, 0.83, 0.55, 0.22, negative
0.52, 0.45, 0.45, 0.13, 0.5, 0.0, 0.48, 0.22, positive
0.37, 0.29, 0.45, 0.15, 0.5, 0.0, 0.49, 0.22, positive
0.37, 0.48, 0.67, 0.37, 0.5, 0.0, 0.56, 0.62, positive
0.48, 0.65, 0.36, 0.24, 0.5, 0.0, 0.54, 0.31, positive
0.59, 0.49, 0.45, 0.22, 0.5, 0.0, 0.45, 0.31, positive
0.73, 0.52, 0.59, 0.25, 0.5, 0.0, 0.51, 0.22, positive
0.5, 0.43, 0.5, 0.17, 0.5, 0.0, 0.46, 0.47, positive
0.23, 0.13, 0.51, 0.16, 0.5, 0.0, 0.53, 0.51, positive
0.52, 0.31, 0.56, 0.16, 0.5, 0.0, 0.55, 0.22, positive
0.49, 0.48, 0.51, 0.21, 0.5, 0.0, 0.53, 0.22, positive
0.49, 0.6, 0.42, 0.18, 0.5, 0.0, 0.58, 0.28, positive
0.6, 0.62, 0.54, 0.11, 0.5, 0.0, 0.51, 0.22, positive
0.55, 0.47, 0.53, 0.2, 0.5, 0.0, 0.4, 0.22, positive
0.47, 0.32, 0.51, 0.24, 0.5, 0.0, 0.54, 0.27, positive
0.53, 0.25, 0.59, 0.27, 0.5, 0.0, 0.45, 0.26, positive
0.31, 0.5, 0.54, 0.32, 0.5, 0.0, 0.53, 0.31, positive
0.25, 0.33, 0.48, 0.18, 0.5, 0.0, 0.42, 0.33, positive
0.55, 0.46, 0.47, 0.15, 0.5, 0.0, 0.47, 0.22, negative
0.61, 0.5, 0.61, 0.21, 0.5, 0.0, 0.55, 0.54, negative
0.5, 0.52, 0.51, 0.22, 0.5, 0.0, 0.46, 0.37, negative
0.62, 0.33, 0.49, 0.24, 0.5, 0.0, 0.51, 0.42, negative
0.56, 0.52, 0.46, 0.17, 0.5, 0.0, 0.49, 0.73, negative
0.53, 0.48, 0.51, 0.18, 0.5, 0.0, 0.52, 0.27, negative
0.51, 0.48, 0.51, 0.19, 0.5, 0.0, 0.51, 0.27, negative
0.51, 0.48, 0.51, 0.26, 0.5, 0.0, 0.51, 0.27, negative
0.53, 0.48, 0.51, 0.18, 0.5, 0.0, 0.51, 0.27, negative
0.44, 0.39, 0.63, 0.11, 0.5, 0.0, 0.49, 0.26, positive
0.51, 0.5, 0.49, 0.45, 0.5, 0.0, 0.48, 0.22, negative
0.45, 0.45, 0.51, 0.3, 0.5, 0.0, 0.48, 0.44, negative
0.19, 0.66, 0.6, 0.14, 0.5, 0.0, 0.2, 0.25, positive
0.41, 0.42, 0.23, 0.16, 0.5, 0.0, 0.4, 0.22, negative
0.25, 0.42, 0.21, 0.14, 0.5, 0.0, 0.41, 0.22, negative
0.7, 0.58, 0.53, 0.39, 0.5, 0.0, 0.59, 0.22, negative
0.49, 0.31, 0.43, 0.24, 0.5, 0.0, 0.54, 0.22, negative
0.46, 0.41, 0.43, 0.18, 0.5, 0.0, 0.54, 0.22, negative
0.83, 0.81, 0.45, 0.38, 0.5, 0.0, 0.4, 0.26, negative
0.38, 0.51, 0.56, 0.21, 0.5, 0.0, 0.48, 0.31, positive
0.32, 0.36, 0.28, 0.38, 0.5, 0.0, 0.5, 0.4, negative
0.4, 0.65, 0.38, 0.17, 0.5, 0.0, 0.57, 0.22, negative
0.36, 0.37, 0.63, 0.25, 0.5, 0.0, 0.3, 0.22, negative
0.3, 0.45, 0.55, 0.19, 0.5, 0.0, 0.53, 0.4, negative
0.88, 0.72, 0.32, 0.3, 0.5, 0.0, 0.52, 0.33, negative
0.44, 0.4, 0.53, 0.19, 0.5, 0.0, 0.48, 0.27, negative
0.45, 0.57, 0.52, 0.21, 0.5, 0.0, 0.54, 0.38, positive
0.46, 0.61, 0.38, 0.35, 0.5, 0.0, 0.49, 0.22, negative
0.55, 0.41, 0.67, 0.61, 0.5, 0.0, 0.49, 0.14, negative
0.28, 0.18, 0.72, 0.26, 0.5, 0.0, 0.49, 0.25, negative
0.66, 0.65, 0.53, 0.17, 0.5, 0.0, 0.47, 0.66, positive
0.36, 0.5, 0.39, 0.23, 0.5, 0.0, 0.5, 0.22, negative
0.48, 0.54, 0.56, 0.29, 0.5, 0.0, 0.51, 0.43, positive
0.33, 0.37, 0.49, 0.22, 0.5, 0.0, 0.55, 0.22, negative
0.58, 0.43, 0.32, 0.11, 0.5, 0.0, 0.49, 0.22, negative
0.58, 0.64, 0.42, 0.3, 0.5, 0.0, 0.54, 0.22, positive
0.74, 0.82, 0.46, 0.24, 0.5, 0.0, 0.5, 0.31, negative
0.74, 0.82, 0.46, 0.24, 0.5, 0.0, 0.48, 0.22, negative
0.75, 0.76, 0.58, 0.22, 0.5, 0.0, 0.49, 0.22, negative
0.58, 0.37, 0.58, 0.16, 0.5, 0.0, 0.51, 0.22, positive
0.41, 0.35, 0.6, 0.22, 0.5, 0.0, 0.56, 0.79, negative
0.43, 0.28, 0.41, 0.32, 0.5, 0.0, 0.52, 0.22, negative
0.41, 0.49, 0.55, 0.13, 0.5, 0.0, 0.55, 0.22, negative
0.25, 0.48, 0.45, 0.32, 0.5, 0.0, 0.4, 0.22, negative
0.38, 0.34, 0.55, 0.44, 0.5, 0.0, 0.48, 0.26, negative
0.61, 0.54, 0.54, 0.38, 0.5, 0.0, 0.54, 0.29, negative
0.48, 0.17, 0.37, 0.33, 0.5, 0.0, 0.44, 0.36, positive
0.41, 0.39, 0.61, 0.17, 0.5, 0.0, 0.5, 0.61, positive
0.41, 0.56, 0.53, 0.16, 0.5, 0.0, 0.55, 0.26, positive
0.31, 0.51, 0.38, 0.18, 0.5, 0.0, 0.46, 0.31, negative
0.63, 0.64, 0.49, 0.2, 0.5, 0.0, 0.52, 0.25, negative
0.44, 0.65, 0.49, 0.16, 0.5, 0.0, 0.48, 0.31, positive
0.48, 0.44, 0.46, 0.37, 0.5, 0.0, 0.46, 0.36, negative
0.5, 0.49, 0.46, 0.22, 0.5, 0.0, 0.53, 0.25, negative
0.5, 0.45, 0.52, 0.18, 0.5, 0.0, 0.52, 0.22, negative
0.59, 0.51, 0.47, 0.21, 0.5, 0.0, 0.47, 0.22, negative
0.39, 0.47, 0.49, 0.2, 0.5, 0.0, 0.53, 0.26, negative
0.49, 0.48, 0.52, 0.24, 0.5, 0.0, 0.5, 0.22, negative
0.59, 0.48, 0.49, 0.42, 0.5, 0.0, 0.52, 0.22, negative
0.57, 0.35, 0.5, 0.43, 0.5, 0.0, 0.53, 0.22, negative
0.61, 0.52, 0.5, 0.44, 0.5, 0.0, 0.53, 0.22, negative
0.49, 0.51, 0.52, 0.13, 0.5, 0.0, 0.51, 0.33, positive
0.45, 0.4, 0.56, 0.15, 0.5, 0.0, 0.52, 0.22, positive
0.63, 0.43, 0.48, 0.11, 0.5, 0.0, 0.51, 0.22, negative
0.55, 0.79, 0.45, 0.25, 0.5, 0.0, 0.51, 0.22, positive
0.58, 0.51, 0.63, 0.2, 0.5, 0.0, 0.5, 0.42, positive
0.54, 0.67, 0.56, 0.15, 0.5, 0.0, 0.57, 0.33, positive
0.41, 0.59, 0.65, 0.14, 0.5, 0.0, 0.49, 0.33, positive
0.47, 0.38, 0.5, 0.15, 0.5, 0.0, 0.49, 0.47, positive
0.33, 0.17, 0.52, 0.13, 0.5, 0.0, 0.51, 0.75, positive
0.42, 0.5, 0.59, 0.17, 0.5, 0.0, 0.51, 0.22, negative
0.54, 0.55, 0.55, 0.4, 0.5, 0.0, 0.53, 0.22, negative
0.31, 0.31, 0.57, 0.15, 0.5, 0.0, 0.5, 0.22, negative
0.38, 0.42, 0.5, 0.19, 0.5, 0.0, 0.44, 0.22, negative
0.33, 0.36, 0.62, 0.26, 0.5, 0.0, 0.55, 0.22, negative
0.47, 0.56, 0.58, 0.19, 0.5, 0.0, 0.44, 0.64, negative
0.28, 0.27, 0.5, 0.14, 0.5, 0.0, 0.5, 0.28, negative
0.41, 0.46, 0.57, 0.25, 0.5, 0.0, 0.57, 0.38, negative
0.44, 0.55, 0.51, 0.16, 0.5, 0.0, 0.6, 0.22, negative
0.77, 0.7, 0.44, 0.29, 0.5, 0.0, 0.56, 0.22, negative
0.4, 0.56, 0.53, 0.15, 0.5, 0.0, 0.49, 0.22, negative
0.79, 0.79, 0.42, 0.26, 0.5, 0.0, 0.6, 0.22, negative
0.8, 0.83, 0.43, 0.24, 0.5, 0.0, 0.54, 0.22, negative
0.58, 0.55, 0.51, 0.13, 0.5, 0.0, 0.52, 0.22, negative
0.55, 0.69, 0.51, 0.12, 0.5, 0.0, 0.51, 0.22, negative
0.47, 0.46, 0.53, 0.12, 0.5, 0.0, 0.51, 0.25, positive
0.57, 0.29, 0.63, 0.22, 0.5, 0.0, 0.49, 0.27, positive
0.41, 0.42, 0.53, 0.17, 0.5, 0.0, 0.48, 0.58, positive
0.45, 0.36, 0.5, 0.19, 0.5, 0.0, 0.53, 0.7, positive
0.44, 0.49, 0.49, 0.27, 0.5, 0.0, 0.52, 0.22, negative
0.25, 0.26, 0.53, 0.17, 0.5, 0.0, 0.45, 0.22, negative
0.49, 0.46, 0.54, 0.18, 0.5, 0.0, 0.35, 0.22, negative
0.42, 0.37, 0.54, 0.17, 0.5, 0.0, 0.51, 0.22, negative
0.42, 0.45, 0.75, 0.21, 0.5, 0.0, 0.48, 0.22, negative
0.39, 0.45, 0.75, 0.17, 0.5, 0.0, 0.51, 0.22, negative
0.54, 0.43, 0.48, 0.27, 0.5, 0.0, 0.44, 0.41, negative
0.4, 0.44, 0.5, 0.13, 0.5, 0.0, 0.52, 0.39, negative
0.55, 0.39, 0.39, 0.47, 0.5, 0.0, 0.5, 0.83, negative
0.59, 0.48, 0.41, 0.53, 0.5, 0.0, 0.48, 0.56, negative
0.49, 0.38, 0.49, 0.15, 0.5, 0.0, 0.53, 0.25, positive
0.53, 0.45, 0.52, 0.29, 0.5, 0.0, 0.55, 0.38, negative
0.62, 0.6, 0.54, 0.22, 0.5, 0.0, 0.54, 0.27, negative
0.33, 0.46, 0.53, 0.12, 0.5, 0.0, 0.5, 0.27, negative
0.57, 0.36, 0.51, 0.25, 0.5, 0.0, 0.54, 0.25, negative
0.45, 0.76, 0.51, 0.25, 0.5, 0.0, 0.59, 0.22, negative
0.48, 0.44, 0.51, 0.24, 0.5, 0.0, 0.49, 0.22, negative
0.59, 0.64, 0.44, 0.26, 0.5, 0.0, 0.5, 0.22, negative
0.79, 0.56, 0.53, 0.19, 0.5, 0.0, 0.47, 0.35, negative
0.5, 0.5, 0.48, 0.34, 0.5, 0.0, 0.52, 0.27, positive
0.52, 0.5, 0.6, 0.2, 0.5, 0.0, 0.52, 0.22, negative
0.59, 0.46, 0.57, 0.17, 0.5, 0.0, 0.52, 0.22, negative
0.53, 0.42, 0.53, 0.19, 0.5, 0.0, 0.47, 0.22, negative
0.59, 0.46, 0.55, 0.17, 0.5, 0.0, 0.52, 0.25, negative
0.5, 0.43, 0.56, 0.17, 0.5, 0.0, 0.35, 0.22, positive
0.66, 0.54, 0.53, 0.17, 0.5, 0.0, 0.54, 0.22, negative
0.52, 0.51, 0.48, 0.12, 0.5, 0.0, 0.54, 0.31, negative
0.56, 0.46, 0.51, 0.25, 0.5, 0.0, 0.54, 0.22, negative
0.47, 0.46, 0.49, 0.27, 0.5, 0.0, 0.59, 0.22, negative
0.5, 0.46, 0.49, 0.27, 0.5, 0.0, 0.6, 0.22, negative
0.43, 0.48, 0.36, 0.26, 0.5, 0.0, 0.52, 0.22, negative
0.5, 0.44, 0.57, 0.28, 0.5, 0.0, 0.57, 0.22, negative
0.46, 0.47, 0.62, 0.3, 0.5, 0.0, 0.38, 0.22, negative
0.59, 0.7, 0.46, 0.19, 0.5, 0.0, 0.54, 0.44, negative
0.19, 0.41, 0.55, 0.13, 0.5, 0.0, 0.52, 0.25, negative
0.27, 0.43, 0.5, 0.13, 0.5, 0.0, 0.54, 0.31, negative
0.42, 0.46, 0.44, 0.17, 0.5, 0.0, 0.51, 0.42, negative
0.49, 0.36, 0.47, 0.28, 0.5, 0.0, 0.56, 0.54, positive
0.42, 0.51, 0.33, 0.16, 0.5, 0.0, 0.54, 0.22, negative
0.34, 0.42, 0.48, 0.19, 0.5, 0.0, 0.46, 0.31, positive
0.6, 0.57, 0.63, 0.22, 0.5, 0.0, 0.5, 0.49, positive
0.53, 0.44, 0.54, 0.52, 0.5, 0.0, 0.49, 0.38, positive
0.48, 0.39, 0.56, 0.23, 0.5, 0.0, 0.6, 0.22, negative
0.56, 0.49, 0.47, 0.13, 0.5, 0.0, 0.52, 0.22, positive
0.47, 0.59, 0.56, 0.09, 0.5, 0.0, 0.5, 0.22, negative
0.54, 0.35, 0.55, 0.19, 0.5, 0.0, 0.3, 0.22, negative
0.5, 0.47, 0.45, 0.14, 0.5, 0.0, 0.53, 0.32, negative
0.55, 0.49, 0.6, 0.18, 0.5, 0.0, 0.51, 0.22, positive
0.66, 0.37, 0.6, 0.25, 0.5, 0.0, 0.69, 0.22, negative
0.36, 0.51, 0.51, 0.17, 0.5, 0.0, 0.52, 0.22, negative
0.68, 0.68, 0.35, 0.16, 0.5, 0.0, 0.62, 0.22, negative
0.44, 0.35, 0.55, 0.14, 0.5, 0.0, 0.52, 0.22, negative
0.73, 0.59, 0.35, 0.15, 0.5, 0.0, 0.54, 0.22, negative
0.6, 0.37, 0.52, 0.15, 0.5, 0.0, 0.55, 0.26, negative
0.64, 0.61, 0.56, 0.15, 0.5, 0.0, 0.54, 0.22, negative
0.48, 0.58, 0.58, 0.12, 0.5, 0.0, 0.49, 0.22, negative
0.48, 0.49, 0.49, 0.26, 0.5, 0.0, 0.39, 0.27, negative
0.57, 0.54, 0.32, 0.15, 0.5, 0.0, 0.52, 0.25, negative
0.4, 0.36, 0.32, 0.16, 0.5, 0.0, 0.51, 0.27, negative
0.5, 0.55, 0.52, 0.16, 0.5, 0.0, 0.51, 0.31, negative
0.65, 0.63, 0.47, 0.22, 0.5, 0.0, 0.52, 0.27, negative
0.41, 0.48, 0.51, 0.2, 0.5, 0.0, 0.51, 0.22, negative
0.25, 0.4, 0.54, 0.16, 0.5, 0.0, 0.43, 0.22, negative
0.63, 0.56, 0.52, 0.21, 0.5, 0.0, 0.5, 0.22, negative
0.56, 0.68, 0.42, 0.36, 0.5, 0.0, 0.49, 0.22, negative
0.57, 0.47, 0.48, 0.17, 0.5, 0.0, 0.52, 0.26, negative
0.46, 0.52, 0.51, 0.13, 0.5, 0.0, 0.47, 0.22, negative
0.5, 0.4, 0.57, 0.17, 0.5, 0.0, 0.59, 0.22, negative
0.78, 0.71, 0.35, 0.25, 0.5, 0.0, 0.49, 0.22, negative
0.64, 0.56, 0.52, 0.17, 0.5, 0.0, 0.54, 0.47, positive
1.0, 0.8, 0.29, 0.36, 0.5, 0.0, 0.52, 0.22, negative
0.69, 0.66, 0.36, 0.09, 0.5, 0.0, 0.56, 0.22, negative
0.4, 0.45, 0.45, 0.15, 0.5, 0.0, 0.53, 0.48, positive
0.49, 0.53, 0.36, 0.15, 0.5, 0.0, 0.52, 0.27, negative
0.39, 0.63, 0.41, 0.27, 0.5, 0.0, 0.49, 0.22, negative
0.45, 0.51, 0.43, 0.22, 0.5, 0.0, 0.57, 0.22, positive
0.77, 0.78, 0.27, 0.37, 0.5, 0.0, 0.49, 0.22, negative
0.88, 0.75, 0.41, 0.36, 0.5, 0.0, 0.43, 0.22, negative
0.49, 0.49, 0.4, 0.2, 0.5, 0.0, 0.48, 0.26, negative
0.57, 0.53, 0.6, 0.28, 0.5, 0.0, 0.52, 0.45, positive
0.53, 0.52, 0.49, 0.27, 0.5, 0.0, 0.51, 0.22, negative
0.5, 0.47, 0.56, 0.31, 0.5, 0.0, 0.56, 0.26, negative
0.71, 0.79, 0.41, 0.38, 0.5, 0.0, 0.54, 0.22, negative
0.45, 0.39, 0.46, 0.29, 0.5, 0.0, 0.42, 0.22, negative
0.32, 0.3, 0.57, 0.38, 0.5, 0.0, 0.5, 0.25, positive
0.26, 0.3, 0.37, 0.15, 0.5, 0.0, 0.53, 0.25, negative
0.28, 0.41, 0.46, 0.18, 0.5, 0.0, 0.47, 0.39, positive
0.45, 0.5, 0.43, 0.16, 0.5, 0.0, 0.52, 0.28, negative
0.24, 0.25, 0.57, 0.28, 0.5, 0.0, 0.51, 0.11, negative
0.46, 0.61, 0.55, 0.29, 0.5, 0.0, 0.49, 0.22, negative
0.54, 0.44, 0.38, 0.22, 0.5, 0.0, 0.54, 0.3, negative
0.22, 0.53, 0.36, 0.22, 0.5, 0.0, 0.54, 0.31, negative
0.25, 0.41, 0.47, 0.14, 0.5, 0.0, 0.56, 0.68, positive
0.43, 0.41, 0.37, 0.18, 0.5, 0.0, 0.54, 0.31, negative
0.4, 0.44, 0.47, 0.25, 0.5, 0.0, 0.54, 0.56, positive
0.46, 0.59, 0.38, 0.12, 0.5, 0.0, 0.5, 0.22, negative
0.8, 0.82, 0.4, 0.31, 0.5, 0.0, 0.57, 0.25, negative
0.29, 0.39, 0.46, 0.36, 0.5, 0.0, 0.51, 0.22, positive
0.4, 0.4, 0.43, 0.19, 0.5, 0.83, 0.48, 0.22, negative
0.57, 0.52, 0.46, 0.2, 0.5, 0.83, 0.52, 0.41, negative
0.43, 0.6, 0.4, 0.12, 0.5, 0.0, 0.49, 0.29, negative
0.56, 0.71, 0.47, 0.21, 0.5, 0.0, 0.52, 0.22, negative
0.65, 0.62, 0.26, 0.33, 0.5, 0.0, 0.55, 0.22, negative
0.77, 0.7, 0.37, 0.12, 0.5, 0.0, 0.49, 0.26, negative
0.47, 0.61, 0.32, 0.27, 0.5, 0.0, 0.5, 0.3, negative
0.59, 0.48, 0.49, 0.49, 0.5, 0.0, 0.36, 0.32, negative
0.58, 0.63, 0.52, 0.7, 0.5, 0.0, 0.46, 0.22, negative
0.3, 0.68, 0.41, 0.17, 0.5, 0.0, 0.51, 0.22, negative
0.55, 0.35, 0.36, 0.29, 0.5, 0.0, 0.51, 0.22, negative
0.67, 0.61, 0.39, 0.24, 0.5, 0.0, 0.51, 0.22, negative
0.51, 0.38, 0.42, 0.21, 0.5, 0.0, 0.46, 0.34, negative
0.32, 0.45, 0.39, 0.14, 0.5, 0.0, 0.45, 0.22, negative
0.54, 0.54, 0.56, 0.18, 0.5, 0.0, 0.46, 0.29, positive
0.71, 0.64, 0.42, 0.28, 0.5, 0.0, 0.43, 0.22, negative
0.58, 0.44, 0.45, 0.32, 0.5, 0.0, 0.52, 0.37, positive
0.52, 0.65, 0.36, 0.26, 0.5, 0.0, 0.44, 0.22, negative
0.64, 0.44, 0.56, 0.15, 0.5, 0.0, 0.56, 0.22, negative
0.48, 0.58, 0.47, 0.17, 0.5, 0.0, 0.53, 0.74, negative
0.42, 0.71, 0.45, 0.15, 0.5, 0.0, 0.48, 0.22, negative
0.38, 0.37, 0.36, 0.14, 0.5, 0.0, 0.54, 0.22, negative
0.4, 0.4, 0.44, 0.37, 0.5, 0.0, 0.53, 0.25, positive
0.8, 0.79, 0.43, 0.25, 0.5, 0.0, 0.52, 0.22, negative
0.63, 0.65, 0.42, 0.18, 0.5, 0.0, 0.54, 0.27, negative
0.47, 0.4, 0.63, 0.19, 0.5, 0.0, 0.52, 0.32, positive
0.83, 0.94, 0.32, 0.21, 0.5, 0.0, 0.51, 0.22, negative
0.33, 0.38, 0.47, 0.14, 0.5, 0.0, 0.51, 0.47, positive
0.38, 0.67, 0.33, 0.17, 0.5, 0.0, 0.51, 0.22, negative
0.39, 0.33, 0.33, 0.23, 0.5, 0.0, 0.47, 0.22, negative
0.2, 0.6, 0.5, 0.29, 0.5, 0.0, 0.51, 0.22, negative
0.29, 0.26, 0.43, 0.17, 0.5, 0.0, 0.55, 0.3, negative
0.92, 0.66, 0.52, 0.23, 0.5, 0.0, 0.53, 0.22, negative
0.49, 0.56, 0.37, 0.2, 0.5, 0.0, 0.53, 0.22, negative
0.86, 0.78, 0.34, 0.15, 0.5, 0.0, 0.53, 0.22, negative
0.38, 0.44, 0.57, 0.14, 0.5, 0.0, 0.53, 0.52, positive
0.72, 0.73, 0.41, 0.28, 0.5, 0.0, 0.44, 0.22, negative
0.8, 0.73, 0.47, 0.19, 0.5, 0.0, 0.49, 0.22, negative
0.63, 0.71, 0.44, 0.53, 0.5, 0.0, 0.52, 0.22, negative
0.6, 0.68, 0.3, 0.27, 0.5, 0.0, 0.55, 0.22, negative
0.4, 0.43, 0.49, 0.17, 0.5, 0.0, 0.51, 0.36, positive
0.82, 0.63, 0.47, 0.18, 0.5, 0.0, 0.5, 0.22, negative
0.77, 0.68, 0.35, 0.19, 0.5, 0.0, 0.53, 0.43, negative
0.51, 0.59, 0.46, 0.13, 0.5, 0.0, 0.48, 0.22, negative
0.52, 0.46, 0.34, 0.2, 0.5, 0.0, 0.51, 0.25, negative
0.47, 0.5, 0.6, 0.63, 0.5, 0.0, 0.38, 0.16, negative
0.34, 0.24, 0.51, 0.15, 0.5, 0.0, 0.54, 0.4, positive
0.35, 0.29, 0.46, 0.14, 0.5, 0.0, 0.54, 0.66, positive
0.58, 0.67, 0.49, 0.16, 0.5, 0.0, 0.47, 0.28, negative
0.85, 0.85, 0.3, 0.31, 0.5, 0.0, 0.55, 0.42, negative
0.57, 0.59, 0.49, 0.86, 0.5, 0.0, 0.47, 0.22, positive
0.38, 0.4, 0.39, 0.19, 0.5, 0.0, 0.46, 0.62, positive
0.77, 0.74, 0.37, 0.29, 0.5, 0.0, 0.45, 0.22, negative
0.47, 0.38, 0.58, 0.19, 0.5, 0.0, 0.57, 0.22, negative
0.5, 0.61, 0.44, 0.2, 0.5, 0.0, 0.49, 0.22, negative
0.41, 0.45, 0.46, 0.23, 0.5, 0.0, 0.5, 0.7, negative
0.46, 0.62, 0.46, 0.54, 0.5, 0.0, 0.51, 0.27, negative
0.74, 0.75, 0.45, 0.44, 0.5, 0.0, 0.52, 0.22, negative
0.52, 0.53, 0.58, 0.69, 0.5, 0.0, 0.5, 0.22, negative
0.41, 0.47, 0.5, 0.14, 0.5, 0.0, 0.53, 0.37, positive
0.25, 0.4, 0.52, 0.15, 0.5, 0.0, 0.56, 0.28, positive
0.58, 0.56, 0.38, 0.39, 0.5, 0.0, 0.54, 0.57, positive
0.32, 0.29, 0.29, 0.08, 0.5, 0.0, 0.52, 0.22, negative
0.39, 0.58, 0.47, 0.18, 0.5, 0.0, 0.48, 0.22, negative
0.63, 0.57, 0.5, 0.48, 0.5, 0.0, 0.51, 0.22, negative
0.59, 0.67, 0.54, 0.19, 0.5, 0.0, 0.48, 0.6, positive
0.71, 0.5, 0.5, 0.18, 0.5, 0.0, 0.46, 0.22, negative
0.61, 0.48, 0.54, 0.25, 0.5, 0.0, 0.5, 0.22, negative
0.38, 0.32, 0.64, 0.41, 0.5, 0.0, 0.44, 0.11, negative
0.38, 0.4, 0.66, 0.35, 0.5, 0.0, 0.43, 0.11, negative
0.81, 0.62, 0.43, 0.17, 0.5, 0.0, 0.53, 0.22, negative
0.47, 0.43, 0.61, 0.4, 0.5, 0.0, 0.48, 0.47, positive
0.67, 0.57, 0.36, 0.19, 0.5, 0.0, 0.56, 0.22, negative
0.43, 0.4, 0.6, 0.16, 0.5, 0.0, 0.53, 0.39, positive
0.5925, 0.5, 0.5063, 0.1158, 0.5, 0.0, 0.4863, 0.2437, positive
0.7, 0.5234, 0.4364, 0.2266, 0.5, 0.0, 0.5166, 0.2701, positive
0.4521, 0.3057, 0.51, 0.2364, 0.5, 0.0, 0.5364, 0.27, positive
0.5125, 0.4749, 0.5749, 0.2276, 0.5, 0.0, 0.5051, 0.2648, positive
0.3836, 0.6711, 0.4689, 0.16, 0.5, 0.0, 0.5152, 0.2889, positive
0.4832, 0.5206, 0.5032, 0.1829, 0.5, 0.0, 0.53, 0.22, positive
0.2476, 0.4085, 0.4745, 0.16, 0.5, 0.0, 0.51, 0.3739, positive
0.5314, 0.5386, 0.4368, 0.1055, 0.5, 0.0, 0.5591, 0.3214, positive
0.4842, 0.4842, 0.5258, 0.1829, 0.5, 0.0, 0.51, 0.2733, positive
0.5258, 0.4934, 0.5245, 0.1911, 0.5, 0.0, 0.5545, 0.2334, positive
0.3852, 0.3759, 0.5489, 0.1241, 0.5, 0.0, 0.48, 0.22, positive
0.6168, 0.5664, 0.4942, 0.2832, 0.5, 0.0, 0.5216, 0.2578, positive
0.4477, 0.4023, 0.4554, 0.1351, 0.5, 0.0, 0.49, 0.4328, positive
0.4433, 0.4355, 0.5617, 0.2906, 0.5, 0.0, 0.4339, 0.22, positive
0.6318, 0.5976, 0.5684, 0.1892, 0.5, 0.0, 0.4357, 0.22, positive
0.4296, 0.8292, 0.5495, 0.1998, 0.5, 0.0, 0.4703, 0.3994, positive
0.5163, 0.3212, 0.5377, 0.1712, 0.5, 0.0, 0.5314, 0.22, positive
0.1881, 0.625, 0.5728, 0.1361, 0.5, 0.0, 0.1611, 0.25, positive
0.5357, 0.5679, 0.5465, 0.1793, 0.5, 0.0, 0.5021, 0.22, positive
0.3602, 0.3621, 0.56, 0.2021, 0.5, 0.0, 0.494, 0.22, positive
0.54, 0.5675, 0.5495, 0.181, 0.5, 0.0, 0.5025, 0.2215, positive
0.5511, 0.4855, 0.5989, 0.1755, 0.5, 0.0, 0.51, 0.2245, positive
0.4183, 0.4192, 0.55, 0.3086, 0.5, 0.0, 0.4317, 0.22, positive
0.4795, 0.4437, 0.5468, 0.5237, 0.5, 0.0, 0.4984, 0.2721, positive
0.5356, 0.53, 0.5019, 0.1532, 0.5, 0.0, 0.49, 0.3475, positive
0.4266, 0.3602, 0.5966, 0.177, 0.5, 0.0, 0.5102, 0.2802, positive
0.4531, 0.453, 0.4633, 0.2833, 0.5, 0.0, 0.4533, 0.2834, positive
0.43, 0.3916, 0.5916, 0.1347, 0.5, 0.0, 0.4286, 0.4238, positive
0.3991, 0.3704, 0.5405, 0.1296, 0.5, 0.0, 0.48, 0.22, positive
0.5584, 0.4564, 0.5916, 0.1464, 0.5, 0.0, 0.51, 0.2536, positive
0.4742, 0.493, 0.4728, 0.2102, 0.5, 0.0, 0.5328, 0.4472, positive
0.565, 0.4325, 0.5475, 0.1525, 0.5, 0.0, 0.51, 0.22, positive
0.4784, 0.4584, 0.5796, 0.2584, 0.5, 0.0, 0.4423, 0.2212, positive
0.423, 0.3564, 0.6191, 0.1482, 0.5, 0.0, 0.2128, 0.2882, positive
0.5085, 0.5722, 0.4246, 0.143, 0.5, 0.0, 0.5754, 0.2985, positive
0.4798, 0.4769, 0.5973, 0.1831, 0.5, 0.0, 0.3002, 0.2469, positive
0.49, 0.4817, 0.52, 0.1966, 0.5, 0.0, 0.5431, 0.2252, positive
0.5527, 0.4836, 0.5164, 0.1919, 0.5, 0.0, 0.4163, 0.22, positive
0.3121, 0.4593, 0.539, 0.5214, 0.5, 0.0, 0.5, 0.3414, positive
0.4909, 0.4429, 0.5791, 0.4534, 0.5, 0.0, 0.5166, 0.27, positive
0.4963, 0.4763, 0.5332, 0.1426, 0.5, 0.0, 0.4753, 0.2668, positive
0.4178, 0.5261, 0.4139, 0.1636, 0.5, 0.0, 0.5458, 0.2442, positive
0.3729, 0.4494, 0.5088, 0.3159, 0.5, 0.0, 0.4241, 0.22, positive
0.373, 0.473, 0.496, 0.123, 0.5, 0.0, 0.479, 0.313, positive
0.5562, 0.4172, 0.63, 0.2158, 0.5, 0.0, 0.6579, 0.32, positive
0.404, 0.4013, 0.4493, 0.366, 0.5, 0.0, 0.5247, 0.254, positive
0.4797, 0.55, 0.5797, 0.1797, 0.5, 0.0, 0.3843, 0.6891, positive
0.4028, 0.4371, 0.5329, 0.5399, 0.5, 0.0, 0.4757, 0.5442, positive
0.5484, 0.4896, 0.5992, 0.1816, 0.5, 0.0, 0.5096, 0.2225, positive
0.516, 0.56, 0.6061, 0.2221, 0.5, 0.0, 0.432, 0.232, positive
0.5327, 0.4857, 0.5913, 0.1973, 0.5, 0.0, 0.5057, 0.246, positive
0.4295, 0.4549, 0.5398, 0.4633, 0.5, 0.0, 0.5372, 0.38, positive
0.585, 0.63, 0.4376, 0.3, 0.5, 0.0, 0.5375, 0.22, positive
0.2937, 0.4111, 0.434, 0.4874, 0.5, 0.0, 0.5245, 0.3074, positive
0.3408, 0.6535, 0.5124, 0.16, 0.5, 0.0, 0.4732, 0.3211, positive
0.6114, 0.5028, 0.4714, 0.2371, 0.5, 0.0, 0.4757, 0.31, positive
0.4556, 0.6687, 0.5056, 0.1507, 0.5, 0.0, 0.5112, 0.282, positive
0.3771, 0.3688, 0.56, 0.2088, 0.5, 0.0, 0.4906, 0.22, positive
0.5358, 0.5166, 0.5383, 0.2, 0.5, 0.0, 0.55, 0.2475, positive
0.4065, 0.5535, 0.4379, 0.2188, 0.5, 0.0, 0.5156, 0.22, positive
0.512, 0.3696, 0.6352, 0.334, 0.5, 0.0, 0.37, 0.318, positive
0.5309, 0.5391, 0.4347, 0.1038, 0.5, 0.0, 0.5625, 0.3209, positive
0.2501, 0.1501, 0.51, 0.1582, 0.5, 0.0, 0.5318, 0.4899, positive
0.3515, 0.2374, 0.4926, 0.1626, 0.5, 0.0, 0.5054, 0.22, positive
0.4845, 0.4736, 0.5545, 0.2009, 0.5, 0.0, 0.5064, 0.3119, positive
0.43, 0.4158, 0.6158, 0.161, 0.5, 0.0, 0.3945, 0.3783, positive
0.4571, 0.6371, 0.5197, 0.2734, 0.5, 0.0, 0.4694, 0.22, positive
0.2387, 0.3618, 0.4492, 0.2582, 0.5, 0.0, 0.5, 0.2744, positive
0.4565, 0.3919, 0.6192, 0.1927, 0.5, 0.0, 0.52, 0.3119, positive
0.3448, 0.6595, 0.509, 0.16, 0.5, 0.0, 0.4705, 0.329, positive
0.4487, 0.526, 0.5543, 0.2443, 0.5, 0.0, 0.4583, 0.22, positive
0.6105, 0.6352, 0.5537, 0.1984, 0.5, 0.0, 0.4863, 0.3284, positive
0.3604, 0.4352, 0.498, 0.5504, 0.5, 0.0, 0.5036, 0.3704, positive
0.4126, 0.6603, 0.4797, 0.16, 0.5, 0.0, 0.4971, 0.2997, positive
0.4354, 0.5199, 0.4355, 0.1636, 0.5, 0.0, 0.5354, 0.7408, positive
0.3766, 0.4656, 0.4009, 0.2662, 0.5, 0.0, 0.4556, 0.22, positive
0.6813, 0.5269, 0.4449, 0.2325, 0.5, 0.0, 0.51, 0.2893, positive
0.5598, 0.4508, 0.5902, 0.1408, 0.5, 0.0, 0.51, 0.2592, positive
0.6612, 0.4688, 0.5695, 0.321, 0.5, 0.0, 0.5647, 0.27, positive
0.64, 0.7573, 0.511, 0.1802, 0.5, 0.0, 0.4595, 0.22, positive
0.5295, 0.4695, 0.56, 0.2524, 0.5, 0.0, 0.5224, 0.2318, positive
0.4923, 0.56, 0.6165, 0.25, 0.5, 0.0, 0.4219, 0.22, positive
0.4896, 0.4508, 0.5842, 0.17, 0.5, 0.0, 0.3361, 0.2339, positive
0.3839, 0.3432, 0.5025, 0.1568, 0.5, 0.0, 0.4639, 0.2361, positive
0.4595, 0.44, 0.516, 0.1695, 0.5, 0.0, 0.4665, 0.283, positive
0.5819, 0.4814, 0.5105, 0.4676, 0.5, 0.0, 0.5495, 0.2224, positive
0.509, 0.342, 0.49, 0.1595, 0.5, 0.0, 0.53, 0.212, positive
0.4409, 0.4134, 0.5277, 0.4979, 0.5, 0.0, 0.4911, 0.3179, positive
0.1874, 0.613, 0.5635, 0.1348, 0.5, 0.0, 0.1478, 0.25, positive
0.43, 0.3908, 0.5908, 0.1309, 0.5, 0.0, 0.4095, 0.4285, positive
0.5613, 0.4307, 0.542, 0.158, 0.5, 0.0, 0.5027, 0.22, positive
0.4651, 0.41, 0.5449, 0.15, 0.5, 0.0, 0.4351, 0.45, positive
0.29, 0.3946, 0.437, 0.4153, 0.5, 0.0, 0.5192, 0.2568, positive
0.3463, 0.6663, 0.4942, 0.16, 0.5, 0.0, 0.489, 0.3142, positive
0.4993, 0.4285, 0.5362, 0.5085, 0.5, 0.0, 0.49, 0.3531, positive
0.5578, 0.5161, 0.4783, 0.1678, 0.5, 0.0, 0.4611, 0.22, positive
0.4083, 0.4706, 0.5006, 0.1394, 0.5, 0.0, 0.5283, 0.3672, positive
0.3334, 0.4173, 0.4827, 0.186, 0.5, 0.0, 0.4666, 0.314, positive
0.4136, 0.2545, 0.5509, 0.2309, 0.5, 0.0, 0.4136, 0.22, positive
0.386, 0.476, 0.5239, 0.12, 0.5, 0.0, 0.502, 0.312, positive
0.4765, 0.4635, 0.5497, 0.2061, 0.5, 0.0, 0.4971, 0.3461, positive
0.5944, 0.4185, 0.5285, 0.1657, 0.5, 0.0, 0.4885, 0.22, positive
0.3674, 0.4313, 0.6097, 0.2687, 0.5, 0.0, 0.4851, 0.2251, positive
0.5176, 0.4819, 0.5838, 0.2124, 0.5, 0.0, 0.5019, 0.2687, positive
0.5639, 0.37, 0.5818, 0.1618, 0.5, 0.0, 0.51, 0.22, positive
0.495, 0.3325, 0.5037, 0.2087, 0.5, 0.0, 0.515, 0.2387, positive
0.3718, 0.58, 0.4928, 0.2182, 0.5, 0.0, 0.479, 0.22, positive
0.5165, 0.467, 0.567, 0.2395, 0.5, 0.0, 0.513, 0.2409, positive
0.4738, 0.4662, 0.5779, 0.2579, 0.5, 0.0, 0.4483, 0.22, positive
0.4345, 0.4063, 0.5755, 0.2145, 0.5, 0.0, 0.5055, 0.261, positive
0.4014, 0.4514, 0.5843, 0.0907, 0.5, 0.0, 0.51, 0.2671, positive
0.4549, 0.4711, 0.6338, 0.1775, 0.5, 0.0, 0.3364, 0.2864, positive
0.2896, 0.4004, 0.4984, 0.1608, 0.5, 0.0, 0.5084, 0.3419, positive
0.3324, 0.34, 0.61, 0.1762, 0.5, 0.0, 0.52, 0.32, positive
0.4032, 0.3665, 0.5402, 0.2732, 0.5, 0.0, 0.4267, 0.2065, positive
0.5731, 0.5772, 0.52, 0.2293, 0.5, 0.0, 0.5528, 0.3397, positive
0.4861, 0.5093, 0.5123, 0.1761, 0.5, 0.0, 0.5177, 0.2384, positive
0.4604, 0.5436, 0.5254, 0.17, 0.5, 0.0, 0.5264, 0.6887, positive
0.5834, 0.6025, 0.437, 0.2864, 0.5, 0.0, 0.5366, 0.2507, positive
0.4, 0.3774, 0.5326, 0.1522, 0.5, 0.0, 0.5096, 0.257, positive
0.475, 0.555, 0.5453, 0.1899, 0.5, 0.0, 0.4494, 0.6404, positive
0.4031, 0.5484, 0.6223, 0.1885, 0.5, 0.0, 0.4831, 0.33, positive
0.3361, 0.6173, 0.5595, 0.3721, 0.5, 0.0, 0.53, 0.3426, positive
0.4781, 0.547, 0.5006, 0.17, 0.5, 0.0, 0.5275, 0.22, positive
0.4565, 0.4304, 0.4908, 0.781, 0.5, 0.0, 0.4904, 0.6202, positive
0.5124, 0.6166, 0.5084, 0.28, 0.5, 0.0, 0.5375, 0.22, positive
0.5594, 0.4913, 0.5381, 0.1497, 0.5, 0.0, 0.4997, 0.3494, positive
0.4455, 0.5145, 0.421, 0.2245, 0.5, 0.0, 0.5429, 0.22, positive
0.5858, 0.5715, 0.5431, 0.2269, 0.5, 0.0, 0.5527, 0.3385, positive
0.4086, 0.3757, 0.5559, 0.1773, 0.5, 0.0, 0.52, 0.2786, positive
0.4082, 0.4885, 0.5, 0.2685, 0.5, 0.0, 0.5115, 0.3815, positive
0.6054, 0.5758, 0.4981, 0.3322, 0.5, 0.0, 0.5327, 0.2334, positive
0.5513, 0.4764, 0.5236, 0.1962, 0.5, 0.0, 0.4077, 0.22, positive
0.7075, 0.54, 0.585, 0.235, 0.5, 0.0, 0.49, 0.22, positive
0.449, 0.3032, 0.51, 0.2358, 0.5, 0.0, 0.5358, 0.27, positive
0.4593, 0.4206, 0.5353, 0.5006, 0.5, 0.0, 0.4927, 0.298, positive
0.5125, 0.31, 0.5406, 0.3725, 0.5, 0.0, 0.4875, 0.3349, positive
0.5072, 0.3648, 0.6448, 0.3414, 0.5, 0.0, 0.3843, 0.3038, positive
0.466, 0.4608, 0.5632, 0.5376, 0.5, 0.0, 0.4732, 0.236, positive
0.5312, 0.5026, 0.4904, 0.3608, 0.5, 0.0, 0.5252, 0.27, positive
0.5505, 0.5033, 0.4729, 0.1605, 0.5, 0.0, 0.4648, 0.22, positive
0.25, 0.3938, 0.5076, 0.1998, 0.5, 0.0, 0.5227, 0.28, positive
0.4907, 0.4433, 0.5793, 0.4527, 0.5, 0.0, 0.5173, 0.27, positive
0.5403, 0.455, 0.4749, 0.3201, 0.5, 0.0, 0.4851, 0.4151, positive
0.5083, 0.4678, 0.5444, 0.2305, 0.5, 0.0, 0.5317, 0.22, positive
0.8789, 0.4908, 0.597, 0.3896, 0.5, 0.0, 0.5573, 0.22, positive
0.442, 0.534, 0.52, 0.361, 0.5, 0.0, 0.502, 0.22, positive
0.5489, 0.6479, 0.5011, 0.2763, 0.5, 0.0, 0.55, 0.2243, positive
0.45, 0.4579, 0.5492, 0.4325, 0.5, 0.0, 0.5475, 0.3771, positive
0.3346, 0.3561, 0.5569, 0.1854, 0.5, 0.0, 0.5, 0.2292, positive
0.2842, 0.5065, 0.4948, 0.3394, 0.5, 0.0, 0.5042, 0.2906, positive
0.4496, 0.5104, 0.4291, 0.2204, 0.5, 0.0, 0.5674, 0.22, positive
0.4568, 0.5074, 0.4959, 0.3894, 0.5, 0.0, 0.5229, 0.3665, positive
0.3752, 0.3555, 0.5697, 0.2245, 0.5, 0.0, 0.4659, 0.2007, positive
0.3651, 0.4103, 0.5855, 0.2651, 0.5, 0.0, 0.4849, 0.22, positive
0.7442, 0.5217, 0.59, 0.2458, 0.5, 0.0, 0.5075, 0.22, positive
0.46, 0.5609, 0.5563, 0.2528, 0.5, 0.0, 0.4383, 0.22, positive
0.458, 0.4239, 0.5481, 0.1381, 0.5, 0.0, 0.516, 0.2319, positive
0.3977, 0.3145, 0.4866, 0.1634, 0.5, 0.0, 0.4943, 0.2334, positive
0.4245, 0.5036, 0.5106, 0.16, 0.5, 0.0, 0.5221, 0.9468, positive
0.5941, 0.6248, 0.54, 0.1111, 0.5, 0.0, 0.5138, 0.22, positive
0.2194, 0.4022, 0.5528, 0.1456, 0.5, 0.0, 0.5359, 0.2822, positive
0.61, 0.3798, 0.5368, 0.1377, 0.5, 0.0, 0.4368, 0.2611, positive
0.4565, 0.4135, 0.58, 0.0986, 0.5, 0.0, 0.4821, 0.2241, positive
0.4808, 0.539, 0.501, 0.1685, 0.5, 0.0, 0.5318, 0.22, positive
0.52, 0.3699, 0.4801, 0.1302, 0.5, 0.0, 0.5498, 0.22, positive
0.3406, 0.4666, 0.4828, 0.3172, 0.5, 0.0, 0.4228, 0.2239, positive
0.1826, 0.5273, 0.4968, 0.1253, 0.5, 0.0, 0.0526, 0.25, positive
0.4428, 0.46, 0.5527, 0.1018, 0.5, 0.0, 0.51, 0.2636, positive
0.25, 0.3929, 0.5059, 0.2065, 0.5, 0.0, 0.5177, 0.28, positive
0.3394, 0.4219, 0.4803, 0.1894, 0.5, 0.0, 0.4603, 0.3072, positive
0.4431, 0.5169, 0.4162, 0.2269, 0.5, 0.0, 0.5287, 0.22, positive
0.4449, 0.5039, 0.4349, 0.1879, 0.5, 0.0, 0.5367, 0.7891, positive
0.4873, 0.5047, 0.5227, 0.138, 0.5, 0.0, 0.51, 0.33, positive
0.4748, 0.4803, 0.6187, 0.17, 0.5, 0.0, 0.3165, 0.2535, positive
0.4315, 0.3987, 0.5785, 0.2115, 0.5, 0.0, 0.5085, 0.267, positive
0.4633, 0.4455, 0.4989, 0.3189, 0.5, 0.0, 0.4578, 0.2667, positive
0.424, 0.416, 0.5341, 0.3219, 0.5, 0.0, 0.4538, 0.2438, positive
0.5532, 0.4846, 0.5968, 0.1746, 0.5, 0.0, 0.5132, 0.22, positive
0.3661, 0.658, 0.5553, 0.3956, 0.5, 0.0, 0.5271, 0.36, positive
0.5465, 0.6638, 0.54, 0.1197, 0.5, 0.0, 0.5441, 0.22, positive
0.4317, 0.427, 0.5407, 0.3147, 0.5, 0.0, 0.437, 0.2293, positive
0.4693, 0.6116, 0.5216, 0.2658, 0.5, 0.0, 0.5109, 0.22, positive
0.2936, 0.6082, 0.6432, 0.1745, 0.5, 0.0, 0.4244, 0.2241, positive
0.5768, 0.6556, 0.5448, 0.1888, 0.5, 0.0, 0.468, 0.6108, positive
0.5563, 0.4529, 0.4718, 0.3353, 0.5, 0.0, 0.5047, 0.43, positive
0.4854, 0.4672, 0.5263, 0.1591, 0.5, 0.0, 0.4782, 0.27, positive
0.4082, 0.3759, 0.5545, 0.1763, 0.5, 0.0, 0.52, 0.2782, positive
0.5255, 0.4665, 0.5475, 0.221, 0.5, 0.0, 0.414, 0.22, positive
0.2592, 0.1533, 0.5158, 0.1571, 0.6459, 0.0, 0.5271, 0.5071, positive
0.4437, 0.5504, 0.5155, 0.1648, 0.5, 0.0, 0.5404, 0.2407, positive
0.4362, 0.4087, 0.5587, 0.2162, 0.5, 0.0, 0.5113, 0.2576, positive
0.3382, 0.5859, 0.5724, 0.1659, 0.5, 0.0, 0.4953, 0.22, positive
0.5951, 0.4099, 0.53, 0.1549, 0.5, 0.0, 0.4225, 0.2501, positive
0.4799, 0.3266, 0.5232, 0.2301, 0.5, 0.0, 0.5235, 0.2535, positive
0.4887, 0.5, 0.4743, 0.3117, 0.5, 0.0, 0.4861, 0.27, positive
0.3451, 0.6651, 0.4973, 0.16, 0.5, 0.0, 0.4852, 0.3173, positive
0.4348, 0.44, 0.5222, 0.5438, 0.5, 0.0, 0.4959, 0.38, positive
0.51, 0.34, 0.4943, 0.1729, 0.5, 0.0, 0.5171, 0.2143, positive
0.5067, 0.6204, 0.5122, 0.197, 0.5, 0.0, 0.5319, 0.3026, positive
0.4753, 0.5284, 0.5116, 0.1723, 0.5, 0.0, 0.537, 0.22, positive
0.5311, 0.5129, 0.5365, 0.2, 0.5, 0.0, 0.55, 0.2447, positive
0.2142, 0.4026, 0.5584, 0.1449, 0.5, 0.0, 0.5319, 0.2826, positive
0.2972, 0.5032, 0.5177, 0.3296, 0.5, 0.0, 0.5172, 0.3004, positive
0.4876, 0.5019, 0.5152, 0.1776, 0.5, 0.0, 0.5148, 0.2429, positive
0.712, 0.51, 0.5, 0.144, 0.5, 0.0, 0.536, 0.232, positive
0.4157, 0.3804, 0.54, 0.1352, 0.5, 0.0, 0.4748, 0.22, positive
0.5192, 0.3675, 0.4808, 0.1325, 0.5, 0.0, 0.5483, 0.2192, positive
0.4364, 0.4759, 0.5689, 0.1847, 0.5, 0.0, 0.5694, 0.2436, positive
0.42, 0.2931, 0.5056, 0.1951, 0.5, 0.0, 0.53, 0.2482, positive
0.574, 0.5559, 0.5279, 0.1699, 0.5, 0.0, 0.4999, 0.3781, positive
0.642, 0.5982, 0.5704, 0.1913, 0.5, 0.0, 0.4318, 0.22, positive
0.5088, 0.3644, 0.6022, 0.1922, 0.5, 0.0, 0.6411, 0.2811, positive
0.3432, 0.6406, 0.4971, 0.1503, 0.5, 0.0, 0.4861, 0.3623, positive
0.6357, 0.5983, 0.57, 0.1896, 0.5, 0.0, 0.4309, 0.2213, positive
0.5315, 0.3815, 0.657, 0.2477, 0.5, 0.0, 0.4255, 0.2245, positive
0.4392, 0.4432, 0.4932, 0.1524, 0.5, 0.0, 0.46, 0.266, positive
0.3602, 0.4574, 0.4977, 0.3175, 0.5, 0.0, 0.4225, 0.22, positive
0.4761, 0.457, 0.5561, 0.2678, 0.5, 0.0, 0.4491, 0.4356, positive
0.61, 0.3832, 0.5345, 0.1385, 0.5, 0.0, 0.4345, 0.2608, positive
0.5633, 0.5016, 0.4667, 0.1283, 0.5, 0.0, 0.5183, 0.22, positive
0.5065, 0.3492, 0.627, 0.3743, 0.5, 0.0, 0.3917, 0.3387, positive
0.5441, 0.3941, 0.6318, 0.2288, 0.5, 0.0, 0.3877, 0.2623, positive
0.46, 0.5297, 0.4703, 0.3703, 0.5, 0.0, 0.5102, 0.3601, positive
0.4236, 0.573, 0.5139, 0.2739, 0.5, 0.0, 0.517, 0.22, positive
0.4823, 0.4577, 0.5585, 0.2208, 0.5, 0.0, 0.4854, 0.3608, positive
0.4031, 0.4489, 0.4742, 0.1184, 0.5, 0.0, 0.5031, 0.6763, positive
0.55, 0.4641, 0.5376, 0.2017, 0.5, 0.0, 0.3975, 0.2251, positive
0.5117, 0.4804, 0.5808, 0.2183, 0.5, 0.0, 0.5004, 0.2775, positive
0.4417, 0.4083, 0.4435, 0.1312, 0.5, 0.0, 0.49, 0.4229, positive
0.3818, 0.5445, 0.5118, 0.2239, 0.5, 0.0, 0.4582, 0.2358, positive
0.5557, 0.4979, 0.5579, 0.2621, 0.5, 0.0, 0.5311, 0.2647, positive
0.5898, 0.6299, 0.5466, 0.2034, 0.5, 0.0, 0.5035, 0.3199, positive
0.5034, 0.4319, 0.57, 0.5036, 0.5, 0.0, 0.4851, 0.2615, positive
0.2959, 0.5035, 0.5153, 0.3306, 0.5, 0.0, 0.5159, 0.2994, positive
0.4289, 0.4339, 0.5133, 0.6541, 0.5, 0.0, 0.4822, 0.5834, positive
0.2506, 0.3092, 0.5869, 0.2085, 0.5, 0.0, 0.4892, 0.2815, positive
0.54, 0.5333, 0.5427, 0.1947, 0.5, 0.0, 0.5367, 0.242, positive
0.568, 0.632, 0.4964, 0.2872, 0.5, 0.0, 0.5428, 0.22, positive
0.3348, 0.3474, 0.61, 0.1848, 0.5, 0.0, 0.52, 0.2682, positive
0.5319, 0.4855, 0.5909, 0.1981, 0.5, 0.0, 0.5055, 0.2472, positive
0.5619, 0.51, 0.3265, 0.4877, 0.5, 0.0, 0.4819, 0.2216, positive
0.4472, 0.4704, 0.57, 0.2416, 0.5, 0.0, 0.4856, 0.2284, positive
0.5841, 0.477, 0.4582, 0.2953, 0.5, 0.0, 0.5241, 0.3453, positive
0.4679, 0.5, 0.4881, 0.284, 0.5, 0.0, 0.4841, 0.3303, positive
0.4063, 0.3954, 0.5446, 0.5119, 0.5, 0.0, 0.4025, 0.2006, positive
0.2186, 0.4813, 0.4826, 0.1267, 0.5, 0.0, 0.0413, 0.2513, positive
0.3723, 0.3061, 0.5115, 0.1508, 0.5, 0.0, 0.5754, 0.2608, positive
0.4518, 0.4882, 0.5706, 0.2506, 0.5, 0.0, 0.4776, 0.22, positive
0.44, 0.3608, 0.6183, 0.1217, 0.5, 0.0, 0.49, 0.26, positive
0.4593, 0.3368, 0.5935, 0.3119, 0.5, 0.0, 0.4281, 0.2951, positive
0.2484, 0.3308, 0.4743, 0.1881, 0.5, 0.0, 0.4265, 0.3252, positive
0.4392, 0.4983, 0.5483, 0.235, 0.5, 0.0, 0.4783, 0.22, positive
0.3089, 0.3351, 0.6063, 0.1762, 0.5, 0.0, 0.5151, 0.3138, positive
0.4131, 0.5469, 0.4324, 0.221, 0.5, 0.0, 0.5145, 0.22, positive
0.2815, 0.5215, 0.4749, 0.3352, 0.5, 0.0, 0.4933, 0.2701, positive
0.3441, 0.4453, 0.5006, 0.2994, 0.5, 0.0, 0.4406, 0.2488, positive
0.4933, 0.5467, 0.5111, 0.1722, 0.5, 0.0, 0.5233, 0.22, positive
0.556, 0.4496, 0.4932, 0.344, 0.5, 0.0, 0.5152, 0.3364, positive
0.4899, 0.6007, 0.4191, 0.1809, 0.5, 0.0, 0.5794, 0.2804, positive
0.4714, 0.7697, 0.5538, 0.1812, 0.5, 0.0, 0.5077, 0.3736, positive
0.4975, 0.475, 0.5225, 0.22, 0.5, 0.0, 0.5275, 0.22, positive
0.4521, 0.4021, 0.5996, 0.1039, 0.5, 0.0, 0.4839, 0.2357, positive
0.4585, 0.4697, 0.5617, 0.548, 0.5, 0.0, 0.4717, 0.2285, positive
0.2814, 0.4417, 0.4643, 0.3557, 0.5, 0.0, 0.5014, 0.2459, positive
0.3164, 0.5994, 0.65, 0.1775, 0.5, 0.0, 0.4619, 0.227, positive
0.4193, 0.3122, 0.5015, 0.1493, 0.5, 0.0, 0.5282, 0.22, positive
0.4746, 0.6326, 0.3667, 0.2387, 0.5, 0.0, 0.536, 0.298, positive
0.2511, 0.3899, 0.5004, 0.2304, 0.5, 0.0, 0.5003, 0.2799, positive
0.6445, 0.5192, 0.4977, 0.2585, 0.5, 0.0, 0.5115, 0.3055, positive
0.4807, 0.44, 0.5308, 0.5323, 0.5, 0.0, 0.4931, 0.38, positive
0.506, 0.3379, 0.574, 0.1647, 0.5, 0.0, 0.5314, 0.22, positive
0.5675, 0.5075, 0.5375, 0.2, 0.5, 0.0, 0.5525, 0.255, positive
0.4674, 0.4483, 0.5057, 0.3257, 0.5, 0.0, 0.4591, 0.2626, positive
0.43, 0.3959, 0.5959, 0.1476, 0.5, 0.0, 0.4802, 0.4066, positive
0.459, 0.3827, 0.5246, 0.1445, 0.5, 0.0, 0.4681, 0.459, positive
0.4049, 0.3554, 0.5303, 0.1349, 0.5, 0.0, 0.4921, 0.22, positive
0.4776, 0.4851, 0.5324, 0.1673, 0.5, 0.0, 0.51, 0.33, positive
0.4024, 0.6287, 0.3569, 0.1955, 0.5, 0.0, 0.5248, 0.2576, positive
0.5518, 0.4818, 0.4659, 0.13, 0.5, 0.0, 0.5118, 0.22, positive
0.5901, 0.4875, 0.5125, 0.4574, 0.5, 0.0, 0.5475, 0.2326, positive
0.5398, 0.3925, 0.6163, 0.2063, 0.5, 0.0, 0.6608, 0.3008, positive
0.4159, 0.3224, 0.5083, 0.1459, 0.5, 0.0, 0.5196, 0.22, positive
0.5624, 0.4312, 0.5437, 0.1563, 0.5, 0.0, 0.5049, 0.22, positive
0.4776, 0.4878, 0.4797, 0.2997, 0.5, 0.0, 0.46, 0.2676, positive
0.3528, 0.6725, 0.5695, 0.3934, 0.5, 0.0, 0.5277, 0.3581, positive
0.29, 0.3973, 0.4234, 0.4478, 0.5, 0.0, 0.5246, 0.2785, positive
0.4891, 0.598, 0.4202, 0.1809, 0.5, 0.0, 0.5798, 0.2787, positive
0.46, 0.4397, 0.4799, 0.2202, 0.5, 0.0, 0.52, 0.995, positive
0.2729, 0.319, 0.5943, 0.1962, 0.5, 0.0, 0.499, 0.2938, positive
0.54, 0.5616, 0.5483, 0.1834, 0.5, 0.0, 0.5084, 0.2251, positive
0.4046, 0.2985, 0.5731, 0.1985, 0.5, 0.0, 0.4262, 0.2077, positive
0.3537, 0.58, 0.5327, 0.171, 0.5, 0.0, 0.5027, 0.22, positive
0.4029, 0.3971, 0.4416, 0.3694, 0.5, 0.0, 0.5294, 0.2513, positive
0.4, 0.3791, 0.5309, 0.1573, 0.5, 0.0, 0.5165, 0.2656, positive
0.3479, 0.4225, 0.5196, 0.2804, 0.5, 0.0, 0.4596, 0.2754, positive
0.3923, 0.4718, 0.5387, 0.1095, 0.5, 0.0, 0.5041, 0.3036, positive
0.5056, 0.4696, 0.536, 0.2308, 0.5, 0.0, 0.5248, 0.22, positive
0.3826, 0.3336, 0.5184, 0.1542, 0.5, 0.0, 0.5548, 0.2642, positive
0.7131, 0.4622, 0.5843, 0.3366, 0.5, 0.0, 0.5743, 0.2592, positive
0.5041, 0.4352, 0.5295, 0.4944, 0.5, 0.0, 0.5336, 0.6364, positive
0.6817, 0.4717, 0.5819, 0.2903, 0.5, 0.0, 0.5583, 0.2603, positive
0.7271, 0.519, 0.5784, 0.249, 0.5, 0.0, 0.5119, 0.2229, positive
0.3762, 0.393, 0.583, 0.233, 0.5, 0.0, 0.4862, 0.22, positive
0.5104, 0.6002, 0.5102, 0.259, 0.5, 0.0, 0.5402, 0.2216, positive
0.5639, 0.5039, 0.5482, 0.2286, 0.5, 0.0, 0.5418, 0.2622, positive
0.4073, 0.2927, 0.57, 0.1482, 0.5, 0.0, 0.4455, 0.22, positive
0.4477, 0.4366, 0.5278, 0.3211, 0.5, 0.0, 0.4466, 0.2422, positive
0.4418, 0.5336, 0.52, 0.3618, 0.5, 0.0, 0.5018, 0.22, positive
0.4782, 0.3992, 0.4973, 0.15, 0.5, 0.0, 0.5064, 0.4591, positive
0.7136, 0.5145, 0.5243, 0.2445, 0.5, 0.0, 0.5209, 0.2364, positive
0.5394, 0.37, 0.5845, 0.1645, 0.5, 0.0, 0.51, 0.22, positive
0.4054, 0.3736, 0.5436, 0.1273, 0.5, 0.0, 0.48, 0.22, positive
0.5102, 0.5581, 0.4932, 0.184, 0.5, 0.0, 0.5751, 0.6938, positive
0.3895, 0.4562, 0.5005, 0.1491, 0.5, 0.0, 0.5048, 0.3391, positive
0.4779, 0.3791, 0.5809, 0.164, 0.5, 0.0, 0.513, 0.22, positive
0.4419, 0.5141, 0.4259, 0.2058, 0.5, 0.0, 0.5639, 0.2261, positive
0.4562, 0.44, 0.5116, 0.1662, 0.5, 0.0, 0.4654, 0.2808, positive
0.5968, 0.6105, 0.5258, 0.1116, 0.5, 0.0, 0.51, 0.22, positive
0.4677, 0.4484, 0.5416, 0.1154, 0.5, 0.0, 0.5031, 0.2431, positive
0.3693, 0.4274, 0.6154, 0.2693, 0.5, 0.0, 0.4807, 0.22, positive
0.5691, 0.5091, 0.5332, 0.18, 0.5, 0.0, 0.5577, 0.2486, positive
0.4538, 0.4176, 0.5459, 0.5976, 0.5, 0.0, 0.5148, 0.6362, positive
0.52, 0.4731, 0.5469, 0.2696, 0.5, 0.0, 0.5331, 0.22, positive
0.4463, 0.4242, 0.5616, 0.2116, 0.5, 0.0, 0.4937, 0.2584, positive
0.6316, 0.6168, 0.5658, 0.1942, 0.5, 0.0, 0.451, 0.2662, positive
0.4671, 0.4134, 0.5437, 0.49, 0.5, 0.0, 0.4866, 0.2963, positive
0.3293, 0.48, 0.4807, 0.1793, 0.5, 0.0, 0.4839, 0.257, positive
0.4638, 0.5994, 0.5054, 0.17, 0.5, 0.0, 0.5084, 0.22, positive
0.5658, 0.5017, 0.5051, 0.1592, 0.5, 0.0, 0.5434, 0.2375, positive
0.498, 0.364, 0.49, 0.154, 0.5, 0.0, 0.53, 0.234, positive
0.3851, 0.3219, 0.577, 0.2219, 0.5, 0.0, 0.434, 0.1921, positive
0.6092, 0.6346, 0.5528, 0.1982, 0.5, 0.0, 0.4872, 0.3282, positive
0.4779, 0.4891, 0.4857, 0.213, 0.5, 0.0, 0.5421, 0.22, positive
0.4265, 0.5218, 0.4182, 0.1788, 0.5, 0.0, 0.5523, 0.2377, positive
0.4863, 0.4499, 0.5901, 0.2587, 0.5, 0.0, 0.4387, 0.22, positive
0.5506, 0.3336, 0.6445, 0.2345, 0.5, 0.0, 0.4609, 0.2458, positive
0.4992, 0.3395, 0.5489, 0.2108, 0.5, 0.0, 0.4913, 0.2213, positive
0.452, 0.5899, 0.524, 0.276, 0.5, 0.0, 0.5081, 0.22, positive
0.3867, 0.5688, 0.4488, 0.1966, 0.5, 0.0, 0.5245, 0.2267, positive
0.3764, 0.3736, 0.5564, 0.2011, 0.5, 0.0, 0.4918, 0.2307, positive
0.4596, 0.4531, 0.5162, 0.1304, 0.5, 0.0, 0.4927, 0.2569, positive
0.493, 0.5, 0.4765, 0.3226, 0.5, 0.0, 0.4991, 0.27, positive
0.371, 0.5771, 0.501, 0.2203, 0.5, 0.0, 0.469, 0.2213, positive
0.3355, 0.2265, 0.519, 0.15, 0.7256, 0.0, 0.531, 0.4451, positive
0.456, 0.5407, 0.5048, 0.17, 0.5, 0.0, 0.5293, 0.7019, positive
0.1864, 0.5959, 0.5502, 0.1329, 0.5, 0.0, 0.1288, 0.25, positive
0.4342, 0.4142, 0.51, 0.3389, 0.5, 0.0, 0.4868, 0.2779, positive
0.4574, 0.5677, 0.5561, 0.2526, 0.5, 0.0, 0.4377, 0.22, positive
0.2698, 0.3703, 0.5266, 0.1599, 0.5, 0.0, 0.5468, 0.2833, positive
0.5664, 0.5125, 0.4636, 0.1268, 0.5, 0.0, 0.5168, 0.22, positive
0.5018, 0.4265, 0.57, 0.4974, 0.5, 0.0, 0.4828, 0.2654, positive
0.4915, 0.4256, 0.5352, 0.5056, 0.5, 0.0, 0.49, 0.3463, positive
0.3513, 0.4462, 0.5194, 0.5475, 0.5, 0.0, 0.5, 0.3675, positive
0.4502, 0.3758, 0.5947, 0.1147, 0.5, 0.0, 0.4849, 0.2395, positive
0.2594, 0.4063, 0.5216, 0.1626, 0.5, 0.0, 0.5522, 0.2863, positive
0.3162, 0.3287, 0.5836, 0.1738, 0.5, 0.0, 0.52, 0.3087, positive
0.47, 0.4699, 0.54, 0.19, 0.5, 0.0, 0.5099, 0.3299, positive
0.4855, 0.416, 0.5674, 0.494, 0.5, 0.0, 0.4655, 0.2555, positive
0.4525, 0.6407, 0.5092, 0.17, 0.5, 0.0, 0.4934, 0.22, positive
0.5919, 0.5958, 0.5038, 0.114, 0.5, 0.0, 0.51, 0.22, positive
0.5608, 0.6104, 0.5205, 0.1901, 0.5, 0.0, 0.5195, 0.3201, positive
0.4483, 0.6278, 0.3829, 0.1939, 0.5, 0.0, 0.5522, 0.2707, positive
0.5638, 0.427, 0.5392, 0.1585, 0.5, 0.0, 0.4947, 0.223, positive
0.5753, 0.3842, 0.5706, 0.16, 0.5, 0.0, 0.5076, 0.22, positive
0.5648, 0.4324, 0.5472, 0.1528, 0.5, 0.0, 0.5096, 0.22, positive
0.3869, 0.6553, 0.5006, 0.16, 0.5, 0.0, 0.4747, 0.3206, positive
0.5544, 0.4356, 0.5624, 0.1516, 0.5, 0.0, 0.5056, 0.2312, positive
0.475, 0.4844, 0.6294, 0.1731, 0.5, 0.0, 0.3137, 0.2612, positive
0.6993, 0.5085, 0.517, 0.0859, 0.5, 0.0, 0.5311, 0.2244, positive
0.666, 0.468, 0.5694, 0.2947, 0.5, 0.0, 0.562, 0.2753, positive
0.4237, 0.4325, 0.5556, 0.2106, 0.5, 0.0, 0.5731, 0.3112, positive
0.5731, 0.5547, 0.5262, 0.1678, 0.5, 0.0, 0.4978, 0.3807, positive
0.3925, 0.3825, 0.54, 0.2325, 0.5, 0.0, 0.5375, 0.2325, positive
0.2706, 0.5063, 0.4697, 0.3503, 0.5, 0.0, 0.4906, 0.2782, positive
0.5187, 0.366, 0.4827, 0.138, 0.5, 0.0, 0.5434, 0.22, positive
0.3294, 0.4658, 0.4912, 0.2042, 0.5, 0.0, 0.5035, 0.3071, positive
0.376, 0.58, 0.4759, 0.214, 0.5, 0.0, 0.5001, 0.22, positive
0.4431, 0.4421, 0.4942, 0.1469, 0.5, 0.0, 0.4652, 0.2679, positive
0.3431, 0.3553, 0.56, 0.1953, 0.5, 0.0, 0.4974, 0.22, positive
0.4109, 0.2909, 0.5718, 0.1909, 0.5, 0.0, 0.4236, 0.2127, positive
0.389, 0.4318, 0.5344, 0.5031, 0.5, 0.0, 0.4944, 0.3231, positive
0.4168, 0.3716, 0.5804, 0.1936, 0.5, 0.0, 0.52, 0.2868, positive
0.4882, 0.47, 0.5309, 0.1627, 0.5, 0.0, 0.4827, 0.2754, positive
0.5146, 0.4707, 0.5707, 0.2339, 0.5, 0.0, 0.5093, 0.2521, positive
0.5587, 0.663, 0.56, 0.1617, 0.5, 0.0, 0.549, 0.33, positive
0.4466, 0.466, 0.57, 0.2397, 0.5, 0.0, 0.4869, 0.2303, positive
0.6779, 0.5047, 0.5253, 0.0905, 0.5, 0.0, 0.5242, 0.22, positive
0.4036, 0.6138, 0.3649, 0.1887, 0.5, 0.0, 0.5271, 0.2564, positive
0.5205, 0.5011, 0.573, 0.206, 0.5, 0.0, 0.486, 0.2835, positive
0.7309, 0.4748, 0.5568, 0.47, 0.5, 0.0, 0.5708, 0.22, positive
0.5158, 0.3575, 0.4842, 0.1425, 0.5, 0.0, 0.5417, 0.2158, positive
0.5211, 0.5074, 0.5147, 0.0979, 0.5, 0.0, 0.48, 0.25, positive
0.5123, 0.5665, 0.4256, 0.1354, 0.5, 0.0, 0.5744, 0.3023, positive
0.5169, 0.4372, 0.6241, 0.1993, 0.5, 0.0, 0.3452, 0.2717, positive
0.3156, 0.3269, 0.5795, 0.1744, 0.5, 0.0, 0.52, 0.3069, positive
0.4011, 0.3024, 0.4811, 0.15, 0.5, 0.0, 0.5148, 0.22, positive
0.5634, 0.5034, 0.5499, 0.233, 0.5, 0.0, 0.5401, 0.2633, positive
0.518, 0.483, 0.57, 0.562, 0.5, 0.0, 0.507, 0.225, positive
0.5161, 0.3582, 0.4878, 0.1535, 0.5, 0.0, 0.5304, 0.22, positive
0.3051, 0.4453, 0.5082, 0.5102, 0.5, 0.0, 0.5073, 0.3302, positive
0.4451, 0.3001, 0.51, 0.235, 0.5, 0.0, 0.535, 0.27, positive
0.5302, 0.7504, 0.4665, 0.2599, 0.5, 0.0, 0.4836, 0.22, positive
0.4493, 0.65, 0.5087, 0.1693, 0.5, 0.0, 0.4893, 0.226, positive
0.5795, 0.6397, 0.4207, 0.2997, 0.5, 0.0, 0.54, 0.22, positive
0.4468, 0.5345, 0.4615, 0.17, 0.5, 0.0, 0.5355, 0.7297, positive
0.3663, 0.3, 0.5063, 0.1646, 0.5, 0.0, 0.569, 0.2746, positive
0.5395, 0.4841, 0.4646, 0.1495, 0.5, 0.0, 0.4702, 0.22, positive
0.56, 0.447, 0.5825, 0.143, 0.5, 0.0, 0.5085, 0.254, positive
0.5618, 0.6056, 0.52, 0.1953, 0.5, 0.0, 0.5244, 0.3226, positive
0.5419, 0.4578, 0.6161, 0.1397, 0.5, 0.0, 0.5181, 0.2522, positive
0.3417, 0.4694, 0.4755, 0.3172, 0.5, 0.0, 0.4217, 0.22, positive
0.5768, 0.4384, 0.5653, 0.1347, 0.5, 0.0, 0.5337, 0.22, positive
0.4331, 0.4805, 0.5295, 0.18, 0.5, 0.0, 0.4626, 0.2215, positive
0.5091, 0.4998, 0.5402, 0.1113, 0.5, 0.0, 0.5993, 0.22, positive
0.4612, 0.6139, 0.5239, 0.267, 0.5, 0.0, 0.5052, 0.22, positive
0.4701, 0.4999, 0.4701, 0.2198, 0.5, 0.0, 0.5301, 0.4499, positive
0.371, 0.58, 0.4959, 0.219, 0.5, 0.0, 0.4752, 0.22, positive
0.5515, 0.6354, 0.537, 0.173, 0.5, 0.0, 0.5412, 0.3242, positive
0.5267, 0.6183, 0.5217, 0.2034, 0.5, 0.0, 0.5525, 0.2934, positive
0.4401, 0.65, 0.4901, 0.1601, 0.5, 0.0, 0.4801, 0.3095, positive
0.502, 0.4502, 0.4893, 0.301, 0.5, 0.0, 0.4707, 0.4007, positive
0.3751, 0.3553, 0.5698, 0.2247, 0.5, 0.0, 0.4655, 0.2004, positive
0.4078, 0.39, 0.5483, 0.1317, 0.5, 0.0, 0.4728, 0.22, positive
0.4036, 0.2964, 0.57, 0.139, 0.5, 0.0, 0.4528, 0.22, positive
0.3916, 0.5153, 0.5216, 0.2272, 0.5, 0.0, 0.4484, 0.2487, positive
0.3968, 0.3146, 0.4861, 0.1639, 0.5, 0.0, 0.4928, 0.2339, positive
0.4905, 0.5123, 0.6062, 0.2548, 0.5, 0.0, 0.4295, 0.22, positive
0.4465, 0.4265, 0.5716, 0.2265, 0.5, 0.0, 0.4903, 0.2452, positive
0.5621, 0.4941, 0.4823, 0.1403, 0.5, 0.0, 0.5282, 0.2262, positive
0.6187, 0.4087, 0.5219, 0.1697, 0.5, 0.0, 0.481, 0.22, positive
0.4, 0.3202, 0.5613, 0.13, 0.5, 0.0, 0.4658, 0.22, positive
0.44, 0.7881, 0.544, 0.22, 0.5, 0.0, 0.478, 0.394, positive
0.5006, 0.5842, 0.4226, 0.1589, 0.5, 0.0, 0.5774, 0.2906, positive
0.4794, 0.4741, 0.5253, 0.1482, 0.5, 0.0, 0.51, 0.25, positive
0.4141, 0.3071, 0.5205, 0.1441, 0.5, 0.0, 0.5095, 0.22, positive
0.4637, 0.4523, 0.6207, 0.19, 0.5, 0.0, 0.58, 0.2316, positive
0.3126, 0.3135, 0.5461, 0.1809, 0.5, 0.0, 0.52, 0.2865, positive
0.4499, 0.5498, 0.52, 0.3255, 0.5, 0.0, 0.5099, 0.22, positive
0.4446, 0.4586, 0.5473, 0.4388, 0.5, 0.0, 0.5466, 0.38, positive
0.6647, 0.5164, 0.47, 0.2464, 0.5, 0.0, 0.53, 0.2692, positive
0.4838, 0.56, 0.6016, 0.25, 0.5, 0.0, 0.4241, 0.22, positive
0.3326, 0.3463, 0.61, 0.1826, 0.5, 0.0, 0.52, 0.2758, positive
0.4636, 0.4645, 0.5682, 0.4209, 0.5, 0.0, 0.5545, 0.33, positive
0.3374, 0.3045, 0.5181, 0.1855, 0.5, 0.0, 0.5365, 0.2955, positive
0.4835, 0.4774, 0.479, 0.1884, 0.5, 0.0, 0.539, 0.441, positive
0.55, 0.4141, 0.6018, 0.216, 0.5, 0.0, 0.3761, 0.2679, positive
0.4668, 0.4442, 0.5458, 0.1137, 0.5, 0.0, 0.5005, 0.2405, positive
0.3435, 0.3518, 0.6056, 0.1918, 0.5, 0.0, 0.5174, 0.2474, positive
0.5814, 0.6247, 0.4269, 0.2944, 0.5, 0.0, 0.5386, 0.2325, positive
0.5501, 0.4899, 0.5999, 0.1799, 0.5, 0.0, 0.5101, 0.22, positive
0.49, 0.48, 0.5188, 0.2012, 0.5, 0.0, 0.5477, 0.22, positive
0.6558, 0.4884, 0.5421, 0.2811, 0.5, 0.0, 0.5416, 0.2889, positive
0.4558, 0.65, 0.4388, 0.1915, 0.5, 0.0, 0.5036, 0.31, positive
0.3721, 0.58, 0.4918, 0.2179, 0.5, 0.0, 0.4803, 0.22, positive
0.3368, 0.4757, 0.4764, 0.1943, 0.5, 0.0, 0.5011, 0.3021, positive
0.5, 0.433, 0.5555, 0.176, 0.5, 0.0, 0.3396, 0.22, positive
0.3349, 0.4352, 0.4825, 0.1849, 0.5, 0.0, 0.4625, 0.2871, positive
0.3704, 0.3818, 0.5577, 0.1182, 0.5, 0.0, 0.48, 0.22, positive
0.338, 0.2954, 0.5187, 0.1507, 0.5, 0.0, 0.5107, 0.8694, positive
0.4397, 0.5201, 0.41, 0.2293, 0.5, 0.0, 0.5103, 0.2203, positive
0.4979, 0.3462, 0.5582, 0.2018, 0.5, 0.0, 0.4941, 0.22, positive
0.4376, 0.3938, 0.5476, 0.1438, 0.5, 0.0, 0.489, 0.22, positive
0.4056, 0.5318, 0.5607, 0.2703, 0.5, 0.0, 0.4837, 0.3229, positive
0.5467, 0.6016, 0.5311, 0.21, 0.5, 0.0, 0.5472, 0.3084, positive
0.3814, 0.4795, 0.5095, 0.1305, 0.5, 0.0, 0.5014, 0.3224, positive
0.4656, 0.4006, 0.4687, 0.2538, 0.5, 0.0, 0.52, 0.9922, positive
0.372, 0.7058, 0.4755, 0.1669, 0.5, 0.0, 0.5197, 0.3006, positive
0.5375, 0.465, 0.53, 0.2025, 0.5, 0.0, 0.3701, 0.22, positive
0.518, 0.364, 0.484, 0.142, 0.5, 0.0, 0.54, 0.22, positive
0.4678, 0.5435, 0.5052, 0.1683, 0.5, 0.0, 0.5335, 0.227, positive
0.4763, 0.5, 0.4756, 0.2881, 0.5, 0.0, 0.4675, 0.2886, positive
0.4147, 0.4506, 0.5782, 0.1971, 0.5, 0.0, 0.5776, 0.2841, positive
0.481, 0.4056, 0.4963, 0.15, 0.5, 0.0, 0.512, 0.4554, positive
0.6382, 0.6037, 0.5691, 0.1909, 0.5, 0.0, 0.4346, 0.2301, positive
0.2753, 0.3868, 0.5095, 0.2395, 0.5, 0.0, 0.5063, 0.2768, positive
0.5635, 0.4441, 0.5906, 0.13, 0.5, 0.0, 0.5318, 0.2365, positive
0.5505, 0.61, 0.52, 0.1963, 0.5, 0.0, 0.5295, 0.3137, positive
0.4555, 0.4055, 0.571, 0.1226, 0.5, 0.0, 0.4981, 0.22, positive
0.5171, 0.3614, 0.4857, 0.1472, 0.5, 0.0, 0.5357, 0.22, positive
0.48, 0.402, 0.63, 0.193, 0.5, 0.0, 0.5361, 0.32, positive
0.5987, 0.5662, 0.4237, 0.2777, 0.5, 0.0, 0.515, 0.4764, positive
0.4792, 0.4538, 0.53, 0.1708, 0.5, 0.0, 0.4746, 0.2808, positive
0.3588, 0.4032, 0.5832, 0.1188, 0.5, 0.0, 0.4932, 0.22, positive
0.4873, 0.4669, 0.5723, 0.1931, 0.5, 0.0, 0.2927, 0.2369, positive
0.4036, 0.4442, 0.4936, 0.1593, 0.5, 0.0, 0.5171, 0.3636, positive
0.4817, 0.4796, 0.5261, 0.1083, 0.5, 0.0, 0.4983, 0.25, positive
0.384, 0.4513, 0.49, 0.1434, 0.5, 0.0, 0.4887, 0.3334, positive
0.5613, 0.4307, 0.542, 0.158, 0.5, 0.0, 0.5027, 0.22, positive
0.39, 0.39, 0.55, 0.52, 0.5, 0.0, 0.37, 0.16, positive
0.59, 0.5083, 0.4591, 0.2383, 0.5, 0.0, 0.4866, 0.31, positive
0.4641, 0.3143, 0.5202, 0.3155, 0.5, 0.0, 0.4927, 0.2814, positive
0.5067, 0.33, 0.5533, 0.1934, 0.5, 0.0, 0.51, 0.22, positive
0.3704, 0.4916, 0.5581, 0.2238, 0.5, 0.0, 0.4311, 0.6754, positive
0.4253, 0.4692, 0.5777, 0.1869, 0.5, 0.0, 0.5739, 0.2547, positive
0.29, 0.3983, 0.4183, 0.46, 0.5, 0.0, 0.5267, 0.2867, positive
0.2724, 0.4966, 0.4627, 0.3658, 0.5, 0.0, 0.4949, 0.2824, positive
0.59, 0.5102, 0.4601, 0.2402, 0.5, 0.0, 0.4904, 0.31, positive
0.1826, 0.5265, 0.4962, 0.1252, 0.5, 0.0, 0.0517, 0.25, positive
0.4771, 0.56, 0.5899, 0.25, 0.5, 0.0, 0.4257, 0.22, positive
0.47, 0.56, 0.5102, 0.2, 0.5, 0.0, 0.5197, 0.5902, positive
