@relation yeast1
@attribute Mcg real [0.11, 1.0]
@attribute Gvh real [0.13, 1.0]
@attribute Alm real [0.21, 1.0]
@attribute Mit real [0.0, 1.0]
@attribute Erl real [0.5, 1.0]
@attribute Pox real [0.0, 0.83]
@attribute Vac real [0.0, 0.73]
@attribute Nuc real [0.0, 1.0]
@attribute Class {positive,negative}
@inputs Mcg, Gvh, Alm, Mit, Erl, Pox, Vac, Nuc
@outputs Class
@data
0.58, 0.61, 0.47, 0.13, 0.5, 0.0, 0.48, 0.22, negative
0.64, 0.62, 0.49, 0.15, 0.5, 0.0, 0.53, 0.22, negative
0.42, 0.44, 0.48, 0.54, 0.5, 0.0, 0.48, 0.22, negative
0.48, 0.45, 0.59, 0.2, 0.5, 0.0, 0.58, 0.34, positive
0.4, 0.39, 0.6, 0.15, 0.5, 0.0, 0.58, 0.3, negative
0.42, 0.37, 0.59, 0.2, 0.5, 0.0, 0.52, 0.29, positive
0.4, 0.42, 0.57, 0.35, 0.5, 0.0, 0.53, 0.25, negative
0.6, 0.4, 0.52, 0.46, 0.5, 0.0, 0.53, 0.22, negative
0.66, 0.55, 0.45, 0.19, 0.5, 0.0, 0.46, 0.22, negative
0.47, 0.39, 0.5, 0.11, 0.5, 0.0, 0.49, 0.4, negative
0.58, 0.47, 0.54, 0.11, 0.5, 0.0, 0.51, 0.26, positive
0.5, 0.34, 0.55, 0.21, 0.5, 0.0, 0.49, 0.22, positive
0.61, 0.6, 0.55, 0.21, 0.5, 0.0, 0.5, 0.25, positive
0.45, 0.4, 0.5, 0.16, 0.5, 0.0, 0.5, 0.22, negative
0.43, 0.44, 0.48, 0.22, 0.5, 0.0, 0.51, 0.22, negative
0.73, 0.63, 0.42, 0.3, 0.5, 0.0, 0.49, 0.22, negative
0.43, 0.53, 0.52, 0.13, 0.5, 0.0, 0.55, 0.22, negative
0.46, 0.53, 0.52, 0.15, 0.5, 0.0, 0.58, 0.22, negative
0.51, 0.51, 0.52, 0.51, 0.5, 0.0, 0.54, 0.22, negative
0.59, 0.45, 0.53, 0.19, 0.5, 0.0, 0.59, 0.27, negative
0.57, 0.47, 0.6, 0.18, 0.5, 0.0, 0.51, 0.22, negative
0.63, 0.67, 0.57, 0.24, 0.5, 0.0, 0.49, 0.22, negative
0.8, 0.88, 0.36, 0.39, 0.5, 0.0, 0.56, 0.33, negative
0.53, 0.54, 0.43, 0.1, 0.5, 0.0, 0.57, 0.32, positive
0.51, 0.51, 0.43, 0.87, 0.5, 0.0, 0.52, 0.22, negative
0.38, 0.61, 0.61, 0.12, 0.5, 0.0, 0.53, 0.47, negative
0.33, 0.55, 0.51, 0.43, 0.5, 0.0, 0.51, 0.22, positive
0.74, 0.67, 0.47, 0.34, 0.5, 0.0, 0.42, 0.22, negative
0.72, 0.61, 0.45, 0.3, 0.5, 0.0, 0.54, 0.25, negative
0.4, 0.45, 0.57, 0.18, 0.5, 0.0, 0.56, 0.26, negative
0.59, 0.53, 0.43, 0.44, 0.5, 0.0, 0.5, 0.22, negative
0.57, 0.53, 0.53, 0.34, 0.5, 0.0, 0.53, 0.22, negative
0.86, 0.68, 0.39, 0.24, 0.5, 0.0, 0.54, 0.22, negative
0.86, 0.74, 0.51, 0.4, 0.5, 0.0, 0.55, 0.22, negative
0.79, 0.57, 0.41, 0.28, 0.5, 0.0, 0.59, 0.22, negative
0.37, 0.36, 0.56, 0.18, 0.5, 0.0, 0.48, 0.26, negative
0.49, 0.39, 0.52, 0.29, 0.5, 0.0, 0.48, 0.22, negative
0.42, 0.24, 0.34, 0.16, 0.5, 0.0, 0.5, 0.22, negative
0.48, 0.39, 0.51, 0.21, 0.5, 0.0, 0.52, 0.28, negative
0.41, 0.53, 0.45, 0.14, 0.5, 0.0, 0.52, 0.66, negative
0.45, 0.46, 0.55, 0.43, 0.5, 0.0, 0.55, 0.38, positive
0.56, 0.48, 0.58, 0.27, 0.5, 0.0, 0.51, 0.22, negative
0.64, 0.56, 0.56, 0.22, 0.5, 0.0, 0.45, 0.22, negative
0.66, 0.62, 0.49, 0.1, 0.5, 0.0, 0.49, 0.22, negative
0.53, 0.44, 0.51, 0.33, 0.5, 0.0, 0.55, 0.22, negative
0.38, 0.49, 0.53, 0.19, 0.5, 0.0, 0.5, 0.22, negative
0.45, 0.58, 0.48, 0.67, 0.5, 0.0, 0.52, 0.22, negative
0.37, 0.32, 0.47, 0.18, 0.5, 0.0, 0.45, 0.25, positive
0.48, 0.43, 0.51, 0.32, 0.5, 0.0, 0.52, 0.43, positive
0.41, 0.46, 0.59, 0.19, 0.5, 0.0, 0.58, 0.27, positive
0.6, 0.47, 0.45, 0.22, 0.5, 0.0, 0.51, 0.29, negative
0.34, 0.46, 0.57, 0.09, 0.5, 0.0, 0.55, 0.22, negative
0.81, 0.85, 0.47, 0.37, 0.5, 0.0, 0.56, 0.22, negative
0.48, 0.42, 0.52, 0.24, 0.5, 0.0, 0.56, 0.22, negative
0.58, 0.51, 0.49, 0.27, 0.5, 0.0, 0.57, 0.29, negative
0.6, 0.5, 0.44, 0.61, 0.5, 0.0, 0.47, 0.22, negative
0.45, 0.55, 0.54, 0.66, 0.5, 0.0, 0.47, 0.22, negative
0.46, 0.49, 0.58, 0.23, 0.5, 0.0, 0.44, 0.22, negative
0.49, 0.42, 0.56, 0.55, 0.5, 0.0, 0.42, 0.25, negative
0.63, 0.53, 0.54, 0.4, 0.5, 0.0, 0.5, 0.22, negative
0.5, 0.54, 0.53, 0.54, 0.5, 0.0, 0.51, 0.27, negative
0.63, 0.57, 0.59, 0.4, 0.5, 0.0, 0.38, 0.22, negative
0.43, 0.57, 0.51, 0.49, 0.5, 0.0, 0.48, 0.22, negative
0.48, 0.45, 0.55, 0.5, 0.5, 0.0, 0.53, 0.22, negative
0.5, 0.58, 0.46, 0.46, 0.5, 0.0, 0.46, 0.22, negative
0.51, 0.54, 0.6, 0.57, 0.5, 0.0, 0.58, 0.22, negative
0.54, 0.52, 0.63, 0.37, 0.5, 0.0, 0.46, 0.22, negative
0.67, 0.62, 0.4, 0.43, 0.5, 0.83, 0.5, 0.22, negative
0.28, 0.58, 0.21, 0.13, 0.5, 0.0, 0.51, 0.22, negative
0.39, 0.44, 0.35, 0.16, 0.5, 0.0, 0.55, 0.22, negative
0.8, 0.63, 0.45, 0.29, 0.5, 0.0, 0.51, 0.22, negative
0.5, 0.52, 0.59, 0.3, 0.5, 0.0, 0.51, 0.35, positive
0.36, 0.46, 0.62, 0.46, 0.5, 0.0, 0.51, 0.33, negative
0.46, 0.38, 0.47, 0.22, 0.5, 0.0, 0.52, 0.27, negative
0.33, 0.43, 0.64, 0.16, 0.5, 0.0, 0.52, 0.52, positive
0.38, 0.5, 0.37, 0.26, 0.5, 0.0, 0.43, 0.22, negative
0.69, 0.7, 0.52, 0.36, 0.5, 0.0, 0.46, 0.22, negative
0.61, 0.72, 0.39, 0.33, 0.5, 0.0, 0.58, 0.22, negative
0.78, 0.75, 0.4, 0.28, 0.5, 0.0, 0.53, 0.22, negative
0.36, 0.58, 0.35, 0.24, 0.5, 0.0, 0.44, 0.22, negative
0.36, 0.43, 0.39, 0.12, 0.5, 0.0, 0.49, 0.22, negative
0.47, 0.52, 0.5, 0.4, 0.5, 0.0, 0.41, 0.22, negative
0.48, 0.23, 0.57, 0.27, 0.5, 0.0, 0.48, 0.47, positive
0.47, 0.39, 0.55, 0.24, 0.5, 0.0, 0.47, 0.22, negative
0.44, 0.59, 0.36, 0.16, 0.5, 0.0, 0.52, 0.22, negative
0.42, 0.35, 0.54, 0.18, 0.5, 0.0, 0.56, 0.22, negative
0.3, 0.56, 0.55, 0.18, 0.5, 0.0, 0.5, 0.22, negative
0.65, 0.65, 0.52, 0.16, 0.5, 0.0, 0.6, 0.22, negative
0.27, 0.6, 0.48, 0.23, 0.5, 0.0, 0.55, 0.22, negative
0.3, 0.32, 0.57, 0.19, 0.5, 0.0, 0.48, 0.55, positive
0.4, 0.44, 0.49, 0.47, 0.5, 0.0, 0.49, 0.27, positive
0.45, 0.51, 0.5, 0.16, 0.5, 0.0, 0.52, 1.0, positive
0.45, 0.45, 0.5, 0.6, 0.5, 0.0, 0.49, 0.22, negative
0.59, 0.67, 0.56, 0.41, 0.5, 0.0, 0.47, 0.22, negative
0.47, 0.47, 0.57, 0.48, 0.5, 0.0, 0.48, 0.22, negative
0.47, 0.41, 0.66, 0.26, 0.5, 0.0, 0.53, 0.22, negative
0.64, 0.62, 0.29, 0.28, 0.5, 0.0, 0.51, 0.22, negative
0.55, 0.53, 0.55, 0.46, 0.5, 0.0, 0.52, 0.22, negative
0.59, 0.6, 0.49, 0.43, 0.5, 0.0, 0.53, 0.31, negative
0.54, 0.55, 0.34, 0.31, 0.5, 0.0, 0.54, 0.22, negative
0.58, 0.62, 0.54, 0.17, 0.5, 0.0, 0.48, 0.22, negative
0.46, 0.71, 0.48, 0.53, 0.5, 0.0, 0.53, 0.22, negative
0.53, 0.51, 0.55, 0.05, 0.5, 0.0, 0.45, 0.25, positive
0.5, 0.64, 0.57, 0.15, 0.5, 0.0, 0.47, 0.22, negative
0.4, 0.62, 0.52, 0.31, 0.5, 0.0, 0.49, 0.31, negative
0.35, 0.58, 0.54, 0.16, 0.5, 0.0, 0.51, 0.22, positive
0.34, 0.54, 0.5, 0.21, 0.5, 0.0, 0.54, 0.31, negative
0.39, 0.58, 0.5, 0.26, 0.5, 0.0, 0.54, 0.59, negative
0.29, 0.32, 0.58, 0.15, 0.5, 0.0, 0.5, 0.3, negative
0.47, 0.32, 0.64, 0.3, 0.5, 0.0, 0.63, 0.22, positive
0.43, 0.57, 0.53, 0.16, 0.5, 0.0, 0.54, 0.22, negative
0.28, 0.37, 0.61, 0.09, 0.5, 0.0, 0.52, 0.55, positive
0.59, 0.48, 0.5, 0.14, 0.5, 0.0, 0.45, 0.25, negative
0.39, 0.55, 0.48, 0.31, 0.5, 0.0, 0.54, 0.29, negative
0.51, 0.34, 0.5, 0.19, 0.5, 0.0, 0.5, 0.22, positive
0.44, 0.39, 0.53, 0.14, 0.5, 0.0, 0.54, 0.44, negative
0.41, 0.39, 0.44, 0.34, 0.5, 0.0, 0.48, 0.4, positive
0.45, 0.43, 0.51, 0.24, 0.5, 0.0, 0.54, 0.33, negative
0.36, 0.68, 0.46, 0.16, 0.5, 0.0, 0.53, 0.28, positive
0.42, 0.31, 0.5, 0.15, 0.5, 0.0, 0.53, 0.22, positive
0.42, 0.43, 0.56, 0.1, 0.5, 0.0, 0.49, 0.22, negative
0.67, 0.71, 0.52, 0.65, 0.5, 0.0, 0.53, 0.36, positive
0.49, 0.47, 0.53, 0.16, 0.5, 0.0, 0.48, 0.27, positive
0.71, 0.59, 0.48, 0.43, 0.5, 0.0, 0.59, 0.22, negative
0.4, 0.42, 0.71, 0.21, 0.5, 0.0, 0.54, 0.32, negative
0.4, 0.42, 0.71, 0.21, 0.5, 0.0, 0.54, 0.32, negative
0.54, 0.49, 0.49, 0.2, 0.5, 0.0, 0.52, 0.22, negative
0.57, 0.51, 0.53, 0.18, 0.5, 0.0, 0.56, 0.25, positive
0.35, 0.45, 0.43, 0.11, 0.5, 0.0, 0.56, 0.22, negative
0.42, 0.42, 0.42, 0.2, 0.5, 0.0, 0.49, 0.22, negative
0.26, 0.5, 0.33, 0.28, 0.5, 0.0, 0.51, 0.22, negative
0.26, 0.44, 0.3, 0.11, 0.5, 0.0, 0.51, 0.47, negative
0.31, 0.44, 0.53, 0.23, 0.5, 0.0, 0.51, 0.32, positive
0.21, 0.41, 0.55, 0.11, 0.5, 0.0, 0.5, 0.27, negative
0.38, 0.68, 0.44, 0.45, 0.5, 0.0, 0.53, 0.22, negative
0.44, 0.38, 0.48, 0.32, 0.5, 0.83, 0.53, 0.22, negative
0.31, 0.31, 0.56, 0.33, 0.5, 0.0, 0.52, 0.33, positive
0.49, 0.31, 0.49, 0.35, 0.5, 0.0, 0.51, 0.29, positive
0.38, 0.37, 0.56, 0.21, 0.5, 0.0, 0.49, 0.22, positive
0.39, 0.4, 0.53, 0.67, 0.5, 0.0, 0.47, 0.22, negative
0.24, 0.34, 0.69, 0.18, 0.5, 0.0, 0.52, 0.22, negative
0.43, 0.57, 0.53, 0.53, 0.5, 0.0, 0.53, 0.25, negative
0.48, 0.64, 0.61, 0.23, 0.5, 0.0, 0.6, 0.22, negative
0.31, 0.55, 0.52, 0.17, 0.5, 0.0, 0.52, 0.22, negative
0.32, 0.57, 0.5, 0.15, 0.5, 0.0, 0.53, 0.22, negative
0.32, 0.42, 0.52, 0.24, 0.5, 0.0, 0.6, 0.22, negative
0.59, 0.5, 0.52, 0.28, 0.5, 0.0, 0.55, 0.25, negative
0.37, 0.42, 0.51, 0.11, 0.5, 0.0, 0.57, 0.22, negative
0.75, 0.7, 0.38, 0.27, 0.5, 0.0, 0.49, 0.22, negative
0.61, 0.72, 0.31, 0.33, 0.5, 0.0, 0.56, 0.22, negative
0.63, 0.56, 0.45, 0.58, 0.5, 0.0, 0.51, 0.22, negative
0.52, 0.56, 0.54, 0.53, 0.5, 0.0, 0.45, 0.22, negative
0.58, 0.58, 0.58, 0.49, 0.5, 0.0, 0.49, 0.26, negative
0.72, 0.61, 0.37, 0.3, 0.5, 0.0, 0.57, 0.22, negative
0.46, 0.43, 0.38, 0.33, 0.5, 0.0, 0.48, 0.28, negative
0.57, 0.57, 0.44, 0.37, 0.5, 0.0, 0.52, 0.25, negative
0.42, 0.31, 0.62, 0.12, 0.5, 0.0, 0.4, 0.22, negative
0.49, 0.46, 0.45, 0.45, 0.5, 0.0, 0.52, 0.22, negative
0.42, 0.58, 0.41, 0.65, 0.5, 0.0, 0.46, 0.26, negative
0.59, 0.61, 0.34, 0.22, 0.5, 0.0, 0.51, 0.22, negative
0.52, 0.77, 0.38, 0.34, 0.5, 0.0, 0.51, 0.22, negative
0.5, 0.52, 0.6, 0.51, 0.5, 0.0, 0.48, 0.22, negative
0.49, 0.6, 0.43, 0.56, 0.5, 0.0, 0.36, 0.22, negative
0.5, 0.41, 0.44, 0.5, 0.5, 0.0, 0.42, 0.22, negative
0.5, 0.4, 0.56, 0.7, 0.5, 0.0, 0.5, 0.22, negative
0.37, 0.58, 0.44, 0.51, 0.5, 0.0, 0.44, 0.22, negative
0.55, 0.45, 0.45, 0.54, 0.5, 0.0, 0.5, 0.22, negative
0.67, 0.68, 0.46, 0.29, 0.5, 0.0, 0.46, 0.22, negative
0.53, 0.51, 0.46, 0.28, 0.5, 0.0, 0.48, 0.22, negative
0.52, 0.4, 0.6, 0.12, 0.5, 0.0, 0.55, 0.22, negative
0.77, 0.79, 0.58, 0.23, 0.5, 0.0, 0.48, 0.22, negative
0.47, 0.46, 0.59, 0.49, 0.5, 0.0, 0.56, 0.22, negative
0.73, 0.83, 0.43, 0.3, 0.5, 0.0, 0.55, 0.22, negative
0.78, 0.74, 0.58, 0.25, 1.0, 0.0, 0.53, 0.22, negative
0.7, 0.65, 0.54, 0.28, 0.5, 0.0, 0.6, 0.4, negative
0.56, 0.52, 0.48, 0.17, 0.5, 0.0, 0.46, 0.22, positive
0.57, 0.41, 0.59, 0.24, 0.5, 0.0, 0.4, 0.22, negative
0.56, 0.41, 0.58, 0.21, 0.5, 0.0, 0.42, 0.22, negative
0.34, 0.36, 0.54, 0.11, 0.5, 0.0, 0.36, 0.21, positive
0.69, 0.61, 0.38, 0.27, 0.5, 0.0, 0.52, 0.22, negative
0.37, 0.53, 0.6, 0.19, 0.5, 0.5, 0.42, 0.22, negative
0.41, 0.45, 0.53, 0.17, 0.5, 0.0, 0.51, 0.25, positive
0.31, 0.46, 0.54, 0.52, 0.5, 0.0, 0.5, 0.34, positive
0.36, 0.37, 0.33, 0.14, 0.5, 0.0, 0.57, 0.31, negative
0.82, 0.78, 0.49, 0.23, 0.5, 0.0, 0.46, 0.22, negative
0.41, 0.51, 0.58, 0.15, 0.5, 0.0, 0.45, 0.27, negative
0.38, 0.51, 0.75, 0.17, 0.5, 0.0, 0.55, 0.22, negative
0.38, 0.51, 0.75, 0.17, 0.5, 0.0, 0.55, 0.22, negative
0.53, 0.44, 0.51, 0.33, 0.5, 0.0, 0.52, 0.22, negative
0.46, 0.54, 0.71, 0.15, 0.5, 0.0, 0.59, 0.22, negative
0.4, 0.56, 0.48, 0.14, 0.5, 0.0, 0.47, 0.22, negative
0.53, 0.53, 0.6, 0.13, 0.5, 0.0, 0.49, 0.22, negative
0.42, 0.57, 0.72, 0.22, 0.5, 0.0, 0.57, 0.22, negative
0.2, 0.26, 0.52, 0.14, 0.5, 0.0, 0.53, 0.44, negative
0.27, 0.39, 0.66, 0.11, 0.5, 0.0, 0.44, 0.22, negative
0.34, 0.42, 0.3, 0.23, 0.5, 0.0, 0.53, 0.22, negative
0.44, 0.53, 0.52, 0.23, 0.5, 0.83, 0.51, 0.22, negative
0.39, 0.28, 0.46, 0.12, 0.5, 0.0, 0.41, 0.22, positive
0.36, 0.68, 0.38, 0.08, 0.5, 0.0, 0.53, 0.25, negative
0.35, 0.4, 0.59, 0.22, 0.5, 0.0, 0.47, 0.37, positive
0.42, 0.32, 0.5, 0.21, 0.5, 0.0, 0.51, 0.22, positive
0.23, 0.2, 0.53, 0.2, 0.5, 0.0, 0.44, 0.22, positive
0.55, 0.54, 0.56, 0.22, 0.5, 0.0, 0.5, 0.37, positive
0.36, 0.24, 0.49, 0.16, 0.5, 0.0, 0.51, 0.22, positive
0.6, 0.56, 0.47, 0.2, 0.5, 0.0, 0.5, 0.38, positive
0.41, 0.24, 0.54, 0.26, 0.5, 0.0, 0.41, 0.22, positive
0.47, 0.65, 0.54, 0.62, 0.5, 0.0, 0.53, 0.36, negative
0.43, 0.39, 0.54, 0.14, 0.5, 0.0, 0.47, 0.22, positive
0.5, 0.51, 0.52, 0.09, 0.5, 0.0, 0.48, 0.25, positive
0.53, 0.61, 0.52, 0.21, 0.5, 0.0, 0.55, 0.3, positive
0.54, 0.42, 0.41, 0.16, 0.5, 0.0, 0.52, 0.22, negative
0.46, 0.43, 0.49, 0.79, 0.5, 0.0, 0.49, 0.63, positive
0.51, 0.55, 0.35, 0.16, 0.5, 0.0, 0.51, 0.47, negative
0.56, 0.52, 0.55, 0.19, 0.5, 0.0, 0.54, 0.22, negative
0.61, 0.3, 0.59, 0.12, 0.5, 0.0, 0.49, 0.27, positive
0.37, 0.53, 0.46, 0.23, 0.5, 0.0, 0.47, 0.22, positive
0.83, 0.58, 0.33, 0.04, 0.5, 0.0, 0.53, 0.22, negative
0.39, 0.45, 0.53, 0.18, 0.5, 0.0, 0.54, 0.22, negative
0.52, 0.54, 0.5, 0.21, 0.5, 0.0, 0.48, 0.3, negative
0.35, 0.39, 0.57, 0.11, 0.5, 0.0, 0.48, 0.22, positive
0.36, 0.49, 0.3, 0.22, 0.5, 0.0, 0.52, 0.31, negative
0.78, 0.7, 0.32, 0.23, 0.5, 0.0, 0.53, 0.22, negative
0.55, 0.46, 0.53, 0.11, 0.5, 0.0, 0.52, 0.48, negative
0.45, 0.56, 0.54, 0.32, 0.5, 0.0, 0.57, 0.22, negative
0.29, 0.43, 0.4, 0.15, 0.5, 0.0, 0.53, 0.22, negative
0.52, 0.75, 0.37, 0.14, 0.5, 0.0, 0.46, 0.22, negative
0.71, 0.56, 0.39, 0.27, 0.5, 0.0, 0.52, 0.22, negative
0.58, 0.6, 0.43, 0.12, 0.5, 0.0, 0.55, 0.22, negative
0.54, 0.65, 0.49, 0.34, 0.5, 0.0, 0.52, 0.22, negative
0.57, 0.59, 0.44, 0.16, 0.5, 0.0, 0.52, 0.22, negative
0.59, 0.58, 0.46, 0.19, 0.5, 0.0, 0.56, 0.27, negative
0.92, 0.61, 0.4, 0.22, 0.5, 0.0, 0.54, 0.22, negative
0.58, 0.53, 0.38, 0.18, 0.5, 0.0, 0.52, 0.22, negative
0.32, 0.47, 0.55, 0.12, 0.5, 0.0, 0.52, 0.22, negative
0.34, 0.38, 0.45, 0.19, 0.5, 0.0, 0.51, 0.22, negative
0.62, 0.58, 0.46, 0.13, 0.5, 0.0, 0.53, 0.22, negative
0.53, 0.68, 0.42, 0.19, 0.5, 0.0, 0.53, 0.22, negative
0.73, 0.55, 0.41, 0.16, 0.5, 0.0, 0.46, 0.22, negative
0.55, 0.46, 0.46, 0.31, 0.5, 0.0, 0.58, 0.48, positive
0.35, 0.6, 0.47, 0.13, 0.5, 0.0, 0.52, 0.43, positive
0.77, 0.8, 0.51, 0.4, 1.0, 0.0, 0.54, 0.22, negative
0.77, 0.87, 0.47, 0.37, 0.5, 0.0, 0.48, 0.22, negative
0.35, 0.46, 0.49, 0.15, 1.0, 0.0, 0.55, 0.35, negative
0.43, 0.51, 0.48, 0.14, 0.5, 0.0, 0.5, 0.22, negative
0.56, 0.62, 0.53, 0.24, 0.5, 0.0, 0.57, 0.22, negative
0.71, 0.59, 0.53, 0.15, 0.5, 0.0, 0.49, 0.33, negative
0.46, 0.35, 0.33, 0.17, 0.5, 0.0, 0.55, 0.22, negative
0.54, 0.55, 0.42, 0.22, 0.5, 0.0, 0.48, 0.22, negative
0.39, 0.44, 0.28, 0.12, 0.5, 0.0, 0.46, 0.27, negative
0.33, 0.44, 0.49, 0.08, 0.5, 0.0, 0.48, 0.49, positive
0.81, 0.82, 0.41, 0.36, 0.5, 0.0, 0.39, 0.22, negative
0.69, 0.6, 0.51, 0.13, 0.5, 0.83, 0.52, 0.22, negative
0.46, 0.48, 0.44, 0.21, 0.5, 0.0, 0.55, 0.22, negative
0.35, 0.36, 0.57, 0.17, 0.5, 0.0, 0.52, 0.22, negative
0.74, 0.72, 0.47, 0.25, 0.5, 0.0, 0.57, 0.22, negative
0.54, 0.57, 0.52, 0.19, 0.5, 0.0, 0.59, 0.67, positive
0.42, 0.52, 0.4, 0.17, 0.5, 0.0, 0.5, 0.26, negative
0.47, 0.47, 0.58, 0.16, 0.5, 0.0, 0.49, 0.28, negative
0.41, 0.39, 0.51, 0.52, 0.5, 0.0, 0.49, 0.22, negative
0.37, 0.34, 0.32, 0.22, 0.5, 0.0, 0.56, 0.22, negative
0.69, 0.6, 0.5, 0.31, 0.5, 0.0, 0.55, 0.22, negative
0.35, 0.56, 0.36, 0.3, 0.5, 0.0, 0.53, 0.25, negative
0.51, 0.58, 0.54, 0.29, 0.5, 0.0, 0.53, 0.22, negative
0.37, 0.43, 0.62, 0.27, 0.5, 0.0, 0.48, 0.22, positive
0.55, 0.66, 0.57, 0.32, 0.5, 0.0, 0.57, 0.34, negative
0.48, 0.35, 0.42, 0.21, 0.5, 0.0, 0.57, 0.22, negative
0.56, 0.59, 0.53, 0.16, 0.5, 0.0, 0.24, 0.42, positive
0.44, 0.51, 0.37, 0.15, 0.5, 0.0, 0.51, 0.22, negative
0.5, 0.5, 0.48, 0.17, 0.5, 0.0, 0.47, 0.26, negative
0.49, 0.46, 0.34, 0.21, 0.5, 0.0, 0.55, 0.22, negative
0.7, 0.69, 0.43, 0.33, 0.5, 0.0, 0.58, 0.22, negative
0.23, 0.3, 0.58, 0.22, 0.5, 0.0, 0.48, 0.27, positive
0.45, 0.42, 0.52, 0.2, 0.5, 0.0, 0.5, 0.25, negative
0.51, 0.35, 0.46, 0.15, 0.5, 0.0, 0.51, 0.42, negative
0.59, 0.65, 0.52, 0.3, 0.5, 0.0, 0.46, 0.31, negative
0.41, 0.52, 0.41, 0.11, 0.5, 0.0, 0.54, 0.35, negative
0.37, 0.33, 0.5, 0.12, 0.5, 0.0, 0.51, 0.54, negative
0.45, 0.56, 0.49, 0.17, 0.5, 0.0, 0.52, 0.22, negative
0.56, 0.54, 0.59, 0.14, 0.5, 0.0, 0.52, 0.27, positive
0.31, 0.31, 0.54, 0.18, 0.5, 0.0, 0.52, 0.29, positive
0.54, 0.56, 0.57, 0.18, 0.5, 0.0, 0.45, 0.25, positive
0.17, 0.38, 0.45, 0.09, 0.5, 0.0, 0.54, 0.27, positive
0.43, 0.51, 0.54, 0.15, 0.5, 0.0, 0.45, 0.26, positive
0.6, 0.4, 0.59, 0.18, 0.5, 0.0, 0.48, 0.22, negative
0.91, 0.69, 0.57, 0.45, 0.5, 0.0, 0.56, 0.22, negative
0.38, 0.47, 0.53, 0.12, 0.5, 0.0, 0.48, 0.22, negative
0.59, 0.43, 0.52, 0.19, 0.5, 0.0, 0.55, 0.27, negative
0.64, 0.53, 0.45, 0.13, 0.5, 0.0, 0.53, 0.22, negative
0.49, 0.31, 0.34, 0.13, 0.5, 0.0, 0.52, 0.22, negative
0.49, 0.47, 0.52, 0.16, 0.5, 0.0, 0.53, 0.28, negative
0.48, 0.39, 0.49, 0.18, 0.5, 0.0, 0.51, 0.22, negative
0.43, 0.54, 0.58, 0.16, 0.5, 0.0, 0.5, 0.36, positive
0.49, 0.42, 0.54, 0.17, 0.5, 0.0, 0.5, 0.36, negative
0.2, 0.34, 0.33, 0.1, 0.5, 0.0, 0.48, 0.31, negative
0.74, 0.53, 0.5, 0.08, 0.5, 0.0, 0.55, 0.31, negative
0.69, 0.48, 0.38, 0.15, 0.5, 0.0, 0.55, 0.22, negative
0.3, 0.5, 0.47, 0.11, 0.5, 0.0, 0.46, 0.22, negative
0.31, 0.45, 0.5, 0.17, 0.5, 0.0, 0.49, 0.22, negative
0.55, 0.41, 0.56, 0.21, 0.5, 0.0, 0.52, 0.22, negative
0.4, 0.48, 0.5, 0.17, 0.5, 0.0, 0.54, 0.5, negative
0.58, 0.48, 0.56, 0.1, 0.5, 0.0, 0.46, 0.25, positive
0.58, 0.48, 0.56, 0.12, 0.5, 0.0, 0.46, 0.25, positive
0.58, 0.45, 0.48, 0.24, 0.5, 0.0, 0.52, 0.37, negative
0.58, 0.41, 0.51, 0.26, 0.5, 0.0, 0.51, 0.37, negative
0.41, 0.6, 0.53, 0.29, 0.5, 0.0, 0.47, 0.43, positive
0.38, 0.49, 0.61, 0.13, 0.5, 0.0, 0.54, 0.22, negative
0.6, 0.48, 0.44, 0.52, 0.5, 0.0, 0.54, 0.63, positive
0.28, 0.51, 0.55, 0.11, 0.5, 0.0, 0.46, 0.22, positive
0.21, 0.38, 0.49, 0.16, 0.5, 0.0, 0.51, 0.45, negative
0.46, 0.57, 0.57, 0.15, 0.5, 0.0, 0.52, 0.26, positive
0.43, 0.42, 0.54, 0.22, 0.5, 0.0, 0.57, 0.33, positive
0.57, 0.59, 0.5, 0.58, 0.5, 0.0, 0.53, 0.22, negative
0.48, 0.34, 0.47, 0.14, 0.5, 0.0, 0.47, 0.26, negative
0.35, 0.4, 0.53, 0.18, 0.5, 0.0, 0.42, 0.38, negative
0.47, 0.45, 0.53, 0.62, 0.5, 0.0, 0.46, 0.22, negative
0.53, 0.43, 0.47, 0.15, 0.5, 0.0, 0.58, 0.22, negative
0.46, 0.45, 0.56, 0.16, 0.5, 0.0, 0.56, 0.22, negative
0.44, 0.42, 0.62, 0.14, 0.5, 0.0, 0.55, 0.37, positive
0.37, 0.34, 0.58, 0.24, 0.5, 0.0, 0.44, 0.18, positive
0.37, 0.34, 0.58, 0.24, 0.5, 0.0, 0.44, 0.18, positive
0.39, 0.39, 0.55, 0.52, 0.5, 0.0, 0.37, 0.16, positive
0.48, 0.46, 0.38, 0.29, 0.5, 0.0, 0.53, 0.22, negative
0.48, 0.57, 0.5, 0.09, 0.5, 0.0, 0.52, 0.42, positive
0.56, 0.44, 0.56, 0.19, 0.5, 0.0, 0.54, 0.22, negative
0.53, 0.68, 0.34, 0.42, 0.5, 0.0, 0.54, 0.27, negative
0.37, 0.22, 0.64, 0.35, 0.5, 0.0, 0.47, 0.22, positive
0.51, 0.48, 0.58, 0.22, 0.5, 0.0, 0.5, 0.28, positive
0.49, 0.37, 0.59, 0.17, 0.5, 0.0, 0.51, 0.22, positive
0.53, 0.53, 0.53, 0.17, 0.5, 0.0, 0.49, 0.37, positive
0.29, 0.68, 0.47, 0.26, 0.5, 0.0, 0.47, 0.37, positive
0.5, 0.45, 0.49, 0.15, 0.5, 0.0, 0.55, 0.43, positive
0.33, 0.28, 0.31, 0.24, 0.5, 0.0, 0.53, 0.22, negative
0.85, 0.85, 0.3, 0.31, 0.5, 0.0, 0.55, 0.42, negative
0.43, 0.39, 0.51, 0.28, 0.5, 0.0, 0.4, 0.22, positive
0.61, 0.54, 0.49, 0.16, 0.5, 0.0, 0.54, 0.42, negative
0.34, 0.35, 0.61, 0.19, 0.5, 0.0, 0.52, 0.25, positive
0.55, 0.53, 0.56, 0.29, 0.5, 0.0, 0.48, 0.22, negative
0.66, 0.62, 0.52, 0.17, 0.5, 0.0, 0.49, 0.22, negative
0.44, 0.41, 0.58, 0.2, 0.5, 0.0, 0.57, 0.25, negative
0.37, 0.62, 0.34, 0.25, 0.5, 0.0, 0.51, 0.22, negative
0.45, 0.56, 0.51, 0.64, 0.5, 0.0, 0.54, 0.22, negative
0.38, 0.46, 0.52, 0.75, 0.5, 0.0, 0.5, 0.26, negative
0.61, 0.54, 0.49, 0.19, 0.5, 0.0, 0.54, 0.47, negative
0.44, 0.53, 0.52, 0.37, 0.5, 0.0, 0.5, 0.22, positive
0.44, 0.53, 0.52, 0.37, 0.5, 0.0, 0.5, 0.22, positive
0.32, 0.34, 0.61, 0.17, 0.5, 0.0, 0.52, 0.32, positive
0.34, 0.34, 0.61, 0.18, 0.5, 0.0, 0.52, 0.32, positive
0.41, 0.3, 0.49, 0.28, 0.5, 0.0, 0.54, 0.22, negative
0.41, 0.43, 0.5, 0.28, 0.5, 0.0, 0.5, 0.22, negative
0.3, 0.5, 0.34, 0.26, 0.5, 0.0, 0.51, 0.22, negative
0.49, 0.4, 0.34, 0.26, 0.5, 0.0, 0.5, 0.22, negative
0.34, 0.4, 0.3, 0.23, 0.5, 0.0, 0.51, 0.22, negative
0.43, 0.44, 0.3, 0.18, 0.5, 0.0, 0.51, 0.22, negative
0.43, 0.45, 0.37, 0.12, 0.5, 0.0, 0.48, 0.22, negative
0.45, 0.57, 0.3, 0.17, 0.5, 0.0, 0.51, 0.22, negative
0.45, 0.57, 0.3, 0.17, 0.5, 0.0, 0.51, 0.22, negative
0.42, 0.44, 0.33, 0.17, 0.5, 0.0, 0.54, 0.27, negative
0.53, 0.56, 0.49, 0.46, 0.5, 0.0, 0.52, 0.22, negative
0.51, 0.43, 0.63, 0.18, 0.5, 0.0, 0.52, 0.22, negative
0.51, 0.52, 0.48, 0.5, 0.5, 0.0, 0.51, 0.22, negative
0.55, 0.49, 0.5, 0.46, 0.5, 0.0, 0.52, 0.25, negative
0.5, 0.53, 0.45, 0.44, 0.5, 0.0, 0.49, 0.22, negative
0.45, 0.59, 0.53, 0.74, 0.5, 0.0, 0.47, 0.25, negative
0.57, 0.61, 0.55, 0.67, 0.5, 0.0, 0.48, 0.22, negative
0.54, 0.45, 0.62, 0.13, 0.5, 0.0, 0.52, 0.26, positive
0.67, 0.51, 0.53, 0.28, 0.5, 0.0, 0.51, 0.22, negative
0.35, 0.49, 0.47, 0.22, 0.5, 0.0, 0.5, 0.28, negative
0.47, 0.63, 0.66, 0.45, 0.5, 0.0, 0.37, 0.11, negative
0.51, 0.34, 0.43, 0.18, 0.5, 0.0, 0.48, 0.25, negative
0.56, 0.45, 0.59, 0.14, 0.5, 0.0, 0.51, 0.26, positive
0.45, 0.38, 0.59, 0.18, 0.5, 0.0, 0.44, 0.45, positive
0.43, 0.51, 0.6, 0.25, 0.5, 0.0, 0.55, 0.22, negative
0.47, 0.59, 0.43, 0.13, 0.5, 0.0, 0.56, 0.3, negative
0.4, 0.45, 0.42, 0.17, 0.5, 0.0, 0.54, 0.26, negative
0.89, 0.81, 0.36, 0.71, 0.5, 0.0, 0.55, 0.63, negative
0.58, 0.55, 0.52, 0.22, 0.5, 0.0, 0.44, 0.22, negative
0.59, 0.57, 0.46, 0.14, 0.5, 0.0, 0.52, 0.22, negative
0.49, 0.41, 0.32, 0.21, 0.5, 0.0, 0.5, 0.32, negative
0.42, 0.32, 0.61, 0.13, 0.5, 0.0, 0.14, 0.27, positive
0.5, 0.46, 0.42, 0.32, 0.5, 0.0, 0.56, 0.55, negative
0.68, 0.5, 0.43, 0.27, 0.5, 0.0, 0.61, 0.22, negative
0.4, 0.51, 0.42, 0.13, 0.5, 0.0, 0.45, 0.25, negative
0.7, 0.73, 0.37, 0.37, 0.5, 0.0, 0.48, 0.31, negative
0.81, 0.76, 0.32, 0.37, 0.5, 0.0, 0.51, 0.22, negative
0.65, 0.61, 0.39, 0.3, 0.5, 0.0, 0.57, 0.28, negative
0.47, 0.43, 0.35, 0.32, 0.5, 0.0, 0.54, 0.22, negative
0.42, 0.25, 0.6, 0.14, 0.5, 0.0, 0.45, 0.22, negative
0.23, 0.34, 0.41, 0.28, 0.5, 0.0, 0.5, 0.27, positive
0.85, 0.56, 0.33, 0.38, 1.0, 0.0, 0.55, 0.25, negative
0.34, 0.31, 0.6, 0.37, 0.5, 0.0, 0.5, 0.3, positive
0.59, 0.53, 0.47, 0.26, 0.5, 0.0, 0.53, 0.31, positive
0.67, 0.63, 0.34, 0.41, 0.5, 0.0, 0.6, 0.33, negative
0.7, 0.73, 0.38, 0.36, 0.5, 0.0, 0.54, 0.22, negative
0.54, 0.51, 0.54, 0.52, 0.5, 0.0, 0.47, 0.25, negative
0.53, 0.5, 0.54, 0.56, 0.5, 0.0, 0.49, 0.41, negative
0.84, 0.63, 0.38, 0.23, 0.5, 0.0, 0.53, 0.22, negative
0.89, 0.77, 0.36, 0.34, 0.5, 0.0, 0.44, 0.22, negative
0.48, 0.43, 0.45, 0.17, 0.5, 0.0, 0.48, 0.37, negative
0.36, 0.35, 0.47, 0.22, 0.5, 0.0, 0.44, 0.31, negative
0.57, 0.49, 0.48, 0.16, 0.5, 0.0, 0.51, 0.22, positive
0.43, 0.52, 0.53, 0.52, 1.0, 0.0, 0.49, 0.22, negative
0.38, 0.49, 0.54, 1.0, 0.5, 0.0, 0.5, 0.27, negative
0.43, 0.32, 0.56, 0.27, 0.5, 0.0, 0.47, 0.27, positive
0.84, 0.87, 0.45, 0.54, 0.5, 0.0, 0.28, 0.22, negative
0.89, 0.82, 0.6, 0.49, 0.5, 0.0, 0.55, 0.22, negative
0.37, 0.55, 0.29, 0.32, 0.5, 0.0, 0.51, 0.22, negative
0.87, 0.83, 0.57, 0.36, 0.5, 0.0, 0.36, 0.22, negative
0.43, 0.45, 0.54, 0.14, 0.5, 0.0, 0.5, 0.31, negative
0.52, 0.48, 0.54, 0.28, 0.5, 0.0, 0.54, 0.22, positive
0.77, 0.6, 0.42, 0.33, 0.5, 0.0, 0.57, 0.22, negative
0.76, 0.74, 0.56, 0.34, 0.5, 0.0, 0.51, 0.3, negative
0.94, 0.6, 0.33, 0.49, 0.5, 0.0, 0.54, 0.22, negative
0.36, 0.44, 0.57, 0.18, 0.5, 0.0, 0.42, 0.22, negative
0.42, 0.51, 0.39, 0.22, 0.5, 0.0, 0.49, 0.26, negative
0.42, 0.32, 0.48, 0.16, 0.5, 0.0, 0.55, 0.22, negative
0.43, 0.38, 0.51, 0.24, 0.5, 0.0, 0.46, 0.33, positive
0.48, 0.57, 0.52, 0.61, 0.5, 0.0, 0.51, 0.22, negative
0.36, 0.34, 0.46, 0.19, 0.5, 0.0, 0.52, 0.22, negative
0.51, 0.43, 0.47, 0.19, 0.5, 0.0, 0.52, 0.37, negative
0.54, 0.54, 0.49, 0.14, 0.5, 0.0, 0.56, 0.22, negative
0.44, 0.41, 0.44, 0.13, 0.5, 0.0, 0.49, 0.42, positive
0.52, 0.62, 0.54, 0.19, 0.5, 0.0, 0.5, 0.22, negative
0.46, 0.4, 0.38, 0.18, 0.5, 0.0, 0.49, 0.22, negative
0.68, 0.5, 0.55, 0.65, 0.5, 0.0, 0.46, 0.31, negative
0.53, 0.44, 0.47, 0.22, 0.5, 0.0, 0.53, 0.22, positive
0.46, 0.14, 0.36, 0.21, 0.5, 0.0, 0.5, 0.25, negative
0.5, 0.45, 0.48, 0.17, 0.5, 0.0, 0.5, 0.26, negative
0.44, 0.53, 0.43, 0.17, 0.5, 0.0, 0.54, 0.75, positive
0.52, 0.49, 0.57, 0.57, 0.5, 0.0, 0.51, 0.22, positive
0.62, 0.64, 0.56, 0.2, 0.5, 0.0, 0.48, 0.33, positive
0.46, 0.32, 0.58, 0.17, 0.5, 0.0, 0.61, 0.25, positive
0.78, 0.48, 0.47, 0.3, 0.5, 0.0, 0.53, 0.47, negative
0.49, 0.62, 0.65, 0.18, 0.5, 0.0, 0.46, 0.43, positive
0.5, 0.34, 0.62, 0.19, 0.5, 0.0, 0.57, 0.22, negative
0.39, 0.37, 0.33, 0.23, 0.5, 0.0, 0.53, 0.26, negative
0.33, 0.37, 0.54, 0.28, 0.5, 0.0, 0.53, 0.27, positive
0.39, 0.37, 0.33, 0.23, 0.5, 0.0, 0.52, 0.26, negative
0.33, 0.38, 0.53, 0.26, 0.5, 0.0, 0.52, 0.27, positive
0.48, 0.51, 0.57, 0.24, 0.5, 0.0, 0.5, 0.22, negative
0.5, 0.62, 0.54, 0.66, 0.5, 0.0, 0.49, 0.22, negative
0.41, 0.41, 0.51, 0.19, 0.5, 0.0, 0.57, 0.22, negative
0.26, 0.38, 0.52, 0.36, 0.5, 0.0, 0.48, 0.56, positive
0.53, 0.51, 0.51, 0.11, 0.5, 0.0, 0.49, 0.41, positive
0.58, 0.49, 0.5, 0.41, 0.5, 0.0, 0.57, 0.22, negative
0.62, 0.6, 0.47, 0.16, 0.5, 0.0, 0.53, 0.22, negative
0.68, 0.58, 0.51, 0.19, 0.5, 0.83, 0.54, 0.22, negative
0.4, 0.52, 0.53, 0.52, 0.5, 0.0, 0.51, 0.22, negative
0.51, 0.47, 0.41, 0.44, 0.5, 0.0, 0.5, 0.22, negative
0.49, 0.44, 0.45, 0.22, 0.5, 0.0, 0.51, 0.22, negative
0.53, 0.48, 0.45, 0.44, 0.5, 0.0, 0.49, 0.27, negative
0.49, 0.48, 0.46, 0.63, 0.5, 0.0, 0.52, 0.22, negative
0.7, 0.53, 0.42, 0.22, 0.5, 0.0, 0.51, 0.28, positive
0.68, 0.68, 0.49, 0.15, 0.5, 0.0, 0.53, 0.22, negative
0.55, 0.49, 0.45, 0.18, 0.5, 0.0, 0.49, 0.22, positive
0.4, 0.53, 0.61, 0.21, 0.5, 0.0, 0.48, 0.33, positive
0.57, 0.44, 0.42, 0.2, 0.5, 0.0, 0.54, 0.22, negative
0.4, 0.47, 0.48, 0.18, 0.5, 0.0, 0.46, 0.22, negative
0.34, 0.54, 0.54, 0.13, 0.5, 0.0, 0.52, 0.22, negative
0.43, 0.83, 0.55, 0.2, 0.5, 0.0, 0.47, 0.4, positive
0.55, 0.65, 0.5, 0.28, 0.5, 0.0, 0.55, 0.22, positive
0.29, 0.46, 0.54, 0.27, 0.5, 0.0, 0.49, 0.22, negative
0.46, 0.42, 0.6, 0.21, 0.5, 0.0, 0.4, 0.22, negative
0.8, 0.81, 0.55, 0.35, 0.5, 0.0, 0.42, 0.22, negative
0.79, 0.74, 0.49, 0.33, 0.5, 0.0, 0.48, 0.22, negative
0.66, 0.52, 0.52, 0.44, 0.5, 0.0, 0.56, 0.27, negative
0.5, 0.49, 0.59, 0.47, 0.5, 0.0, 0.49, 0.36, negative
0.54, 0.52, 0.54, 0.2, 0.5, 0.0, 0.55, 0.25, positive
0.37, 0.31, 0.53, 0.16, 0.5, 0.0, 0.53, 0.44, positive
0.48, 0.47, 0.54, 0.55, 0.5, 0.0, 0.51, 0.65, negative
0.6, 0.59, 0.45, 0.23, 0.5, 0.0, 0.55, 0.22, negative
0.45, 0.73, 0.47, 0.65, 0.5, 0.0, 0.54, 0.43, negative
0.66, 0.54, 0.49, 0.16, 0.5, 0.0, 0.54, 0.36, positive
0.46, 0.55, 0.61, 0.13, 0.5, 0.0, 0.47, 0.22, negative
0.42, 0.5, 0.53, 0.22, 0.5, 0.83, 0.5, 0.22, negative
0.66, 0.66, 0.32, 0.54, 0.5, 0.0, 0.51, 0.22, negative
0.74, 0.56, 0.35, 0.36, 0.5, 0.0, 0.51, 0.25, negative
0.89, 0.52, 0.41, 0.26, 0.5, 0.0, 0.52, 0.31, negative
0.39, 0.3, 0.56, 0.12, 0.5, 0.0, 0.53, 0.38, positive
0.6, 0.62, 0.54, 0.4, 0.5, 0.0, 0.5, 0.22, negative
0.36, 0.4, 0.53, 0.48, 0.5, 0.0, 0.48, 0.22, negative
0.41, 0.54, 0.58, 0.2, 0.5, 0.0, 0.52, 0.22, negative
0.57, 0.4, 0.62, 0.3, 0.5, 0.0, 0.48, 0.11, negative
0.52, 0.5, 0.59, 0.31, 0.5, 0.0, 0.5, 0.22, negative
0.42, 0.53, 0.53, 0.64, 0.5, 0.0, 0.47, 0.22, negative
0.5, 0.46, 0.64, 0.36, 0.5, 0.0, 0.49, 0.22, negative
0.6, 0.51, 0.6, 0.38, 0.5, 0.83, 0.52, 0.24, negative
0.45, 0.38, 0.64, 0.14, 0.5, 0.0, 0.54, 0.22, negative
0.6, 0.57, 0.64, 0.52, 0.5, 0.0, 0.47, 0.28, negative
0.53, 0.42, 0.58, 0.29, 0.5, 0.0, 0.5, 0.22, negative
0.44, 0.44, 0.67, 0.35, 0.5, 0.0, 0.48, 0.26, negative
0.57, 0.61, 0.55, 0.27, 0.5, 0.0, 0.44, 0.21, negative
0.64, 0.64, 0.56, 0.21, 0.5, 0.0, 0.5, 0.22, negative
0.56, 0.5, 0.61, 0.49, 0.5, 0.0, 0.46, 0.28, negative
0.6, 0.46, 0.59, 0.16, 0.5, 0.0, 0.49, 0.22, negative
0.53, 0.52, 0.61, 0.35, 0.5, 0.0, 0.5, 0.22, negative
0.62, 0.59, 0.54, 0.47, 0.5, 0.0, 0.46, 0.22, negative
0.55, 0.5, 0.6, 0.31, 0.5, 0.0, 0.46, 0.27, negative
0.58, 0.53, 0.57, 0.46, 0.5, 0.0, 0.51, 0.27, negative
0.65, 0.53, 0.55, 0.52, 0.5, 0.0, 0.47, 0.27, negative
0.38, 0.54, 0.54, 0.41, 0.5, 0.0, 0.51, 0.22, negative
0.58, 0.53, 0.5, 0.53, 0.5, 0.0, 0.47, 0.31, negative
0.54, 0.64, 0.5, 0.13, 0.5, 0.0, 0.49, 0.22, negative
0.4, 0.74, 0.49, 0.16, 0.5, 0.0, 0.51, 0.22, negative
0.76, 0.76, 0.35, 0.27, 0.5, 0.0, 0.44, 0.22, negative
0.51, 0.56, 0.51, 0.42, 0.5, 0.0, 0.53, 0.36, negative
0.43, 0.32, 0.5, 0.29, 0.5, 0.0, 0.5, 0.22, negative
0.49, 0.44, 0.45, 0.55, 0.5, 0.0, 0.48, 0.22, negative
0.32, 0.45, 0.44, 0.2, 0.5, 0.0, 0.55, 0.33, positive
0.51, 0.6, 0.51, 0.26, 0.5, 0.0, 0.54, 0.22, positive
0.49, 0.46, 0.42, 0.46, 0.5, 0.0, 0.55, 0.22, positive
0.5, 0.56, 0.49, 0.61, 0.5, 0.0, 0.5, 0.22, negative
0.51, 0.48, 0.51, 0.43, 0.5, 0.0, 0.49, 0.22, negative
0.52, 0.38, 0.62, 0.12, 0.5, 0.0, 0.41, 0.28, positive
0.53, 0.4, 0.57, 0.12, 0.5, 0.0, 0.53, 0.32, positive
0.51, 0.56, 0.62, 0.24, 0.5, 0.0, 0.52, 0.51, positive
0.63, 0.6, 0.5, 0.27, 0.5, 0.0, 0.55, 0.22, negative
0.46, 0.44, 0.53, 0.31, 0.5, 0.0, 0.48, 0.22, negative
0.63, 0.47, 0.56, 0.12, 0.5, 0.0, 0.5, 0.22, negative
0.44, 0.53, 0.53, 0.37, 0.5, 0.0, 0.51, 0.22, negative
0.46, 0.46, 0.56, 0.12, 0.5, 0.0, 0.55, 0.22, negative
0.47, 0.46, 0.55, 0.28, 0.5, 0.0, 0.44, 0.46, positive
0.39, 0.35, 0.49, 0.17, 0.5, 0.0, 0.49, 0.22, positive
0.58, 0.38, 0.4, 0.21, 0.5, 0.0, 0.5, 0.22, negative
0.53, 0.41, 0.5, 0.24, 1.0, 0.0, 0.47, 0.22, negative
0.43, 0.4, 0.5, 0.18, 0.5, 0.0, 0.5, 0.28, negative
0.41, 0.59, 0.46, 0.19, 0.5, 0.0, 0.36, 0.22, negative
0.58, 0.56, 0.52, 0.25, 0.5, 0.0, 0.57, 0.35, positive
0.51, 0.65, 0.53, 0.19, 0.5, 0.0, 0.49, 0.22, negative
0.81, 0.79, 0.32, 0.37, 0.5, 0.0, 0.41, 0.22, negative
0.49, 0.6, 0.55, 0.17, 0.5, 0.0, 0.44, 0.22, negative
0.56, 0.63, 0.52, 0.2, 0.5, 0.0, 0.34, 0.26, positive
0.42, 0.28, 0.57, 0.18, 0.5, 0.0, 0.42, 0.22, positive
0.51, 0.46, 0.54, 0.41, 0.5, 0.0, 0.53, 0.22, negative
0.6, 0.51, 0.52, 0.45, 0.5, 0.0, 0.5, 0.27, negative
0.37, 0.41, 0.45, 0.14, 0.5, 0.0, 0.47, 0.22, negative
0.37, 0.51, 0.57, 0.4, 0.5, 0.0, 0.48, 0.27, negative
0.36, 0.39, 0.55, 0.26, 0.5, 0.0, 0.49, 0.22, positive
0.59, 0.58, 0.39, 0.52, 0.5, 0.0, 0.5, 0.31, negative
0.47, 0.59, 0.37, 0.31, 0.5, 0.0, 0.51, 0.36, positive
0.48, 0.62, 0.52, 0.3, 0.5, 0.0, 0.51, 0.37, positive
0.53, 0.61, 0.51, 0.49, 0.5, 0.0, 0.54, 0.27, negative
0.48, 0.54, 0.53, 0.6, 0.5, 0.0, 0.53, 0.31, positive
0.33, 0.46, 0.53, 0.29, 0.5, 0.0, 0.5, 0.55, positive
0.39, 0.34, 0.68, 0.3, 0.5, 0.0, 0.5, 0.29, positive
0.11, 0.41, 0.67, 0.13, 0.5, 0.0, 0.45, 0.29, positive
0.4, 0.53, 0.44, 0.18, 0.5, 0.0, 0.54, 0.31, positive
0.47, 0.5, 0.55, 0.19, 0.5, 0.0, 0.62, 0.22, negative
0.36, 0.3, 0.5, 0.19, 0.5, 0.0, 0.55, 0.3, positive
0.43, 0.28, 0.53, 0.34, 0.5, 0.0, 0.55, 0.57, positive
0.45, 0.21, 0.49, 0.24, 0.5, 0.0, 0.46, 0.31, positive
0.87, 0.47, 0.6, 0.47, 0.5, 0.0, 0.59, 0.22, positive
0.3, 0.55, 0.58, 0.16, 0.5, 0.0, 0.61, 0.28, positive
0.29, 0.34, 0.55, 0.24, 0.5, 0.0, 0.51, 0.22, negative
0.75, 0.67, 0.51, 0.29, 0.5, 0.0, 0.52, 0.36, negative
0.51, 0.34, 0.49, 0.16, 0.5, 0.0, 0.53, 0.21, positive
0.45, 0.41, 0.58, 0.48, 0.5, 0.0, 0.53, 0.64, positive
0.9, 0.54, 0.59, 0.2, 0.5, 0.0, 0.48, 0.22, positive
0.88, 0.59, 0.54, 0.39, 0.5, 0.0, 0.41, 0.3, positive
0.7, 0.51, 0.47, 0.24, 0.5, 0.0, 0.53, 0.25, positive
0.25, 0.36, 0.58, 0.3, 0.5, 0.0, 0.58, 0.31, positive
0.69, 0.62, 0.49, 0.0, 1.0, 0.0, 0.47, 0.22, positive
0.83, 0.57, 0.42, 0.57, 0.5, 0.0, 0.5, 0.32, negative
0.78, 0.65, 0.4, 0.16, 0.5, 0.0, 0.63, 0.22, negative
0.52, 0.64, 0.34, 0.16, 0.5, 0.0, 0.57, 0.22, negative
0.75, 0.66, 0.64, 0.39, 0.5, 0.0, 0.46, 0.32, negative
0.41, 0.49, 0.58, 0.22, 0.5, 0.0, 0.52, 0.22, negative
0.58, 0.51, 0.56, 0.16, 0.5, 0.0, 0.34, 0.22, positive
0.48, 0.49, 0.45, 0.23, 0.5, 0.0, 0.51, 0.22, negative
0.39, 0.42, 0.49, 0.1, 0.5, 0.0, 0.49, 0.65, positive
0.31, 0.42, 0.48, 0.17, 0.5, 0.0, 0.49, 0.53, positive
0.39, 0.28, 0.54, 0.14, 0.5, 0.0, 0.59, 0.22, negative
0.76, 0.67, 0.37, 0.22, 0.5, 0.0, 0.54, 0.22, negative
0.28, 0.48, 0.56, 0.16, 0.5, 0.0, 0.48, 0.26, negative
0.69, 0.39, 0.52, 0.12, 0.5, 0.0, 0.38, 0.35, negative
0.56, 0.48, 0.5, 0.3, 0.5, 0.0, 0.51, 0.22, negative
0.5, 0.5, 0.54, 0.16, 0.5, 0.0, 0.49, 0.22, negative
0.47, 0.43, 0.59, 0.27, 0.5, 0.0, 0.55, 0.22, negative
0.68, 0.59, 0.44, 0.49, 0.5, 0.0, 0.4, 0.26, negative
0.5, 0.51, 0.57, 0.27, 0.5, 0.0, 0.48, 0.22, negative
0.45, 0.46, 0.61, 0.2, 0.5, 0.0, 0.62, 0.22, negative
0.49, 0.52, 0.53, 0.7, 0.5, 0.0, 0.51, 0.22, negative
0.49, 0.45, 0.46, 0.18, 0.5, 0.0, 0.49, 0.31, negative
0.52, 0.46, 0.51, 0.18, 0.5, 0.0, 0.5, 0.22, negative
0.39, 0.58, 0.5, 0.1, 0.5, 0.0, 0.51, 0.25, negative
0.33, 0.38, 0.45, 0.19, 0.5, 0.0, 0.54, 0.37, positive
0.61, 0.46, 0.44, 0.47, 0.5, 0.0, 0.5, 0.37, positive
0.41, 0.48, 0.38, 0.13, 0.5, 0.0, 0.51, 0.35, negative
0.74, 0.89, 0.32, 0.24, 0.5, 0.0, 0.54, 0.32, negative
0.28, 0.46, 0.26, 0.18, 0.5, 0.0, 0.39, 0.22, negative
0.51, 0.46, 0.49, 0.21, 0.5, 0.0, 0.55, 0.22, negative
0.8, 0.82, 0.57, 0.26, 0.5, 0.0, 0.57, 0.27, negative
0.46, 0.49, 0.45, 0.28, 0.5, 0.0, 0.55, 0.22, negative
0.4, 0.36, 0.55, 0.15, 0.5, 0.0, 0.53, 0.22, negative
0.67, 0.46, 0.58, 0.3, 0.5, 0.0, 0.57, 0.27, positive
0.5, 0.32, 0.49, 0.49, 0.5, 0.0, 0.48, 0.32, negative
0.45, 0.53, 0.47, 0.43, 0.5, 0.0, 0.5, 0.27, negative
0.75, 0.6, 0.43, 0.35, 0.5, 0.0, 0.45, 0.27, negative
0.56, 0.68, 0.52, 0.39, 0.5, 0.0, 0.36, 0.22, negative
0.48, 0.45, 0.59, 0.35, 0.5, 0.0, 0.55, 0.3, negative
0.26, 0.28, 0.6, 0.2, 0.5, 0.0, 0.54, 0.31, negative
0.48, 0.52, 0.49, 0.35, 0.5, 0.5, 0.51, 0.22, negative
0.59, 0.58, 0.47, 0.61, 0.5, 0.0, 0.44, 0.3, negative
0.5, 0.57, 0.62, 0.25, 0.5, 0.0, 0.51, 0.22, negative
0.57, 0.49, 0.5, 0.2, 0.5, 0.0, 0.51, 0.28, negative
0.47, 0.49, 0.6, 0.15, 0.5, 0.0, 0.38, 0.22, negative
0.41, 0.48, 0.54, 0.24, 0.5, 0.0, 0.37, 0.51, positive
0.48, 0.42, 0.48, 0.19, 0.5, 0.0, 0.58, 0.22, negative
0.43, 0.45, 0.53, 0.19, 0.5, 0.0, 0.56, 0.22, negative
0.48, 0.46, 0.58, 0.26, 0.5, 0.0, 0.44, 0.22, positive
0.74, 0.72, 0.5, 0.28, 0.5, 0.0, 0.5, 0.27, negative
0.38, 0.62, 0.52, 0.14, 0.5, 0.0, 0.53, 0.22, negative
0.77, 0.72, 0.48, 0.26, 0.5, 0.0, 0.51, 0.22, negative
0.44, 0.42, 0.57, 0.22, 0.5, 0.0, 0.5, 0.25, positive
0.74, 0.74, 0.51, 0.27, 0.5, 0.0, 0.5, 0.22, negative
0.39, 0.81, 0.35, 0.28, 0.5, 0.0, 0.51, 0.45, negative
0.53, 0.54, 0.43, 0.18, 0.5, 0.0, 0.53, 0.31, positive
0.38, 0.45, 0.37, 0.19, 0.5, 0.0, 0.52, 0.3, negative
0.31, 0.3, 0.34, 0.19, 0.5, 0.0, 0.55, 0.3, negative
0.5, 0.42, 0.57, 0.49, 0.5, 0.0, 0.48, 0.27, positive
0.59, 0.61, 0.51, 0.62, 0.5, 0.0, 0.51, 0.38, negative
0.45, 0.4, 0.43, 0.22, 0.5, 0.0, 0.51, 0.48, positive
0.47, 0.54, 0.53, 0.77, 0.5, 0.0, 0.52, 0.36, negative
0.77, 0.78, 0.51, 0.28, 0.5, 0.0, 0.33, 0.22, negative
0.74, 0.71, 0.52, 0.3, 0.5, 0.0, 0.27, 0.22, negative
0.77, 0.73, 0.51, 0.27, 0.5, 0.0, 0.34, 0.22, negative
0.47, 0.61, 0.5, 0.23, 0.5, 0.0, 0.49, 0.22, negative
0.49, 0.6, 0.3, 0.34, 0.5, 0.0, 0.5, 0.43, negative
0.27, 0.56, 0.3, 0.14, 0.5, 0.0, 0.52, 0.39, negative
0.4, 0.39, 0.33, 0.17, 0.5, 0.0, 0.51, 0.31, negative
0.55, 0.51, 0.54, 0.2, 0.5, 0.0, 0.56, 0.22, negative
0.97, 0.71, 0.29, 0.42, 0.5, 0.0, 0.35, 0.22, negative
0.44, 0.43, 0.34, 0.21, 0.5, 0.0, 0.55, 0.4, negative
0.37, 0.51, 0.39, 0.18, 0.5, 0.0, 0.51, 0.27, negative
0.49, 0.48, 0.52, 0.2, 0.5, 0.0, 0.55, 0.22, positive
0.36, 0.39, 0.54, 0.16, 0.5, 0.0, 0.5, 0.28, positive
0.54, 0.53, 0.48, 0.14, 0.5, 0.0, 0.49, 0.33, positive
0.37, 0.48, 0.5, 0.26, 0.5, 0.0, 0.52, 0.39, positive
0.25, 0.39, 0.5, 0.23, 0.5, 0.0, 0.5, 0.28, positive
0.49, 0.71, 0.54, 0.13, 0.5, 0.0, 0.58, 0.22, positive
0.56, 0.5, 0.56, 0.26, 0.5, 0.0, 0.53, 0.27, positive
0.41, 0.53, 0.41, 0.15, 0.5, 0.0, 0.54, 0.25, positive
0.5, 0.45, 0.53, 0.21, 0.5, 0.0, 0.28, 0.22, positive
0.46, 0.37, 0.48, 0.36, 0.5, 0.0, 0.48, 0.22, negative
0.66, 0.55, 0.34, 0.2, 0.5, 0.0, 0.62, 0.22, negative
0.42, 0.65, 0.58, 0.34, 0.5, 0.0, 0.5, 0.22, negative
0.45, 0.47, 0.53, 0.15, 0.5, 0.0, 0.52, 0.27, negative
0.42, 0.28, 0.51, 0.23, 0.5, 0.0, 0.53, 0.27, positive
0.75, 0.69, 0.48, 0.13, 0.5, 0.0, 0.57, 0.4, negative
0.69, 0.7, 0.5, 0.3, 0.5, 0.0, 0.54, 0.22, negative
0.63, 0.55, 0.53, 0.51, 0.5, 0.0, 0.55, 0.22, negative
0.55, 0.63, 0.54, 0.16, 0.5, 0.0, 0.45, 0.27, negative
0.46, 0.62, 0.54, 0.25, 0.5, 0.0, 0.46, 0.22, negative
0.53, 0.59, 0.48, 0.14, 0.5, 0.0, 0.51, 0.22, negative
0.42, 0.53, 0.57, 0.17, 0.5, 0.0, 0.49, 0.22, negative
0.53, 0.43, 0.57, 0.24, 0.5, 0.0, 0.39, 0.28, negative
0.33, 0.35, 0.56, 0.19, 0.5, 0.0, 0.5, 0.22, positive
0.45, 0.48, 0.56, 0.56, 0.5, 0.0, 0.47, 0.22, positive
0.56, 0.48, 0.5, 0.17, 0.5, 0.0, 0.51, 0.26, negative
0.56, 0.59, 0.54, 0.18, 0.5, 0.0, 0.48, 0.46, positive
0.33, 0.39, 0.52, 0.09, 0.5, 0.0, 0.47, 0.28, positive
0.48, 0.41, 0.54, 0.39, 0.5, 0.0, 0.51, 0.22, positive
0.3, 0.3, 0.46, 0.32, 0.5, 0.0, 0.45, 0.22, positive
0.38, 0.26, 0.6, 0.1, 0.5, 0.0, 0.48, 0.44, positive
0.68, 0.39, 0.5, 0.15, 0.5, 0.0, 0.48, 0.37, positive
0.62, 0.41, 0.52, 0.17, 0.5, 0.0, 0.48, 0.22, positive
0.52, 0.37, 0.48, 0.13, 0.5, 0.0, 0.55, 0.22, positive
0.34, 0.35, 0.58, 0.2, 0.5, 0.0, 0.46, 0.32, positive
0.49, 0.45, 0.57, 0.24, 0.5, 0.0, 0.47, 0.38, positive
0.4, 0.28, 0.48, 0.06, 0.5, 0.0, 0.49, 0.42, positive
0.51, 0.39, 0.56, 0.25, 0.5, 0.0, 0.51, 0.33, positive
0.45, 0.45, 0.52, 0.17, 0.5, 0.0, 0.54, 0.22, negative
0.51, 0.51, 0.56, 0.28, 0.5, 0.0, 0.54, 0.27, negative
0.48, 0.56, 0.49, 0.32, 0.5, 0.0, 0.5, 0.22, negative
0.59, 0.46, 0.48, 0.46, 0.5, 0.0, 0.49, 0.22, negative
0.51, 0.46, 0.4, 0.65, 0.5, 0.0, 0.49, 0.22, negative
0.37, 0.44, 0.51, 0.56, 0.5, 0.0, 0.5, 0.38, positive
0.81, 0.55, 0.35, 0.34, 0.5, 0.0, 0.51, 0.22, negative
0.53, 0.45, 0.53, 0.18, 0.5, 0.0, 0.42, 0.22, negative
0.45, 0.27, 0.5, 0.33, 0.5, 0.0, 0.53, 0.26, negative
0.48, 0.5, 0.56, 0.11, 0.5, 0.0, 0.33, 0.22, negative
0.35, 0.47, 0.53, 0.19, 0.5, 0.0, 0.48, 0.22, negative
0.48, 0.48, 0.56, 0.18, 0.5, 0.0, 0.58, 0.22, negative
0.6, 0.59, 0.47, 0.47, 0.5, 0.0, 0.53, 0.22, negative
0.45, 0.53, 0.51, 0.42, 0.5, 0.0, 0.52, 0.22, negative
0.58, 0.53, 0.33, 0.26, 0.5, 0.0, 0.51, 0.22, negative
0.61, 0.55, 0.51, 0.26, 0.5, 0.0, 0.52, 0.22, negative
0.5, 0.62, 0.52, 0.3, 0.5, 0.0, 0.56, 0.22, negative
0.49, 0.45, 0.54, 0.4, 0.5, 0.0, 0.55, 0.22, negative
0.64, 0.53, 0.59, 0.14, 0.5, 0.0, 0.53, 0.22, negative
0.57, 0.6, 0.54, 0.17, 0.5, 0.0, 0.52, 0.22, negative
0.68, 0.53, 0.44, 0.31, 0.5, 0.0, 0.51, 0.22, negative
0.24, 0.41, 0.47, 0.16, 0.5, 0.0, 0.51, 0.38, positive
0.61, 0.39, 0.53, 0.14, 0.5, 0.0, 0.43, 0.26, positive
0.39, 0.16, 0.59, 0.08, 0.5, 0.0, 0.51, 0.27, positive
0.33, 0.28, 0.5, 0.4, 0.5, 0.0, 0.46, 0.61, positive
0.43, 0.48, 0.53, 0.18, 0.5, 0.0, 0.46, 0.22, positive
0.47, 0.43, 0.48, 0.16, 0.5, 0.0, 0.46, 0.27, positive
0.52, 0.5, 0.51, 0.2, 0.5, 0.0, 0.51, 0.22, positive
0.33, 0.28, 0.52, 0.15, 0.5, 0.0, 0.51, 0.86, positive
0.55, 0.59, 0.53, 0.15, 0.5, 0.0, 0.49, 0.22, positive
0.31, 0.39, 0.55, 0.28, 0.5, 0.0, 0.46, 0.31, positive
0.43, 0.41, 0.51, 0.34, 0.5, 0.0, 0.49, 0.28, positive
0.64, 0.5, 0.53, 0.1, 0.5, 0.0, 0.51, 0.22, positive
0.41, 0.52, 0.56, 0.26, 0.5, 0.0, 0.48, 0.32, positive
0.48, 0.47, 0.59, 0.41, 0.5, 0.0, 0.56, 0.27, positive
0.49, 0.49, 0.51, 0.29, 0.5, 0.0, 0.52, 0.71, positive
0.41, 0.52, 0.51, 0.22, 0.5, 0.0, 0.52, 0.44, positive
0.51, 0.61, 0.5, 0.23, 0.5, 0.0, 0.52, 0.61, positive
0.59, 0.47, 0.51, 0.53, 0.5, 0.0, 0.53, 0.26, negative
0.54, 0.53, 0.53, 0.17, 0.5, 0.0, 0.51, 0.39, positive
0.66, 0.55, 0.54, 0.18, 0.5, 0.0, 0.43, 0.22, negative
0.53, 0.46, 0.54, 0.37, 0.5, 0.0, 0.51, 0.3, positive
0.41, 0.41, 0.43, 0.61, 0.5, 0.0, 0.53, 0.22, negative
0.58, 0.31, 0.6, 0.12, 0.5, 0.0, 0.47, 0.33, positive
0.44, 0.33, 0.55, 0.16, 0.5, 0.0, 0.49, 0.22, positive
0.44, 0.45, 0.53, 0.19, 0.5, 0.0, 0.41, 0.28, positive
0.57, 0.55, 0.52, 0.16, 0.5, 0.0, 0.49, 0.39, positive
0.45, 0.66, 0.39, 0.11, 0.5, 0.0, 0.54, 0.22, negative
0.35, 0.42, 0.56, 0.28, 0.5, 0.0, 0.47, 0.22, positive
0.46, 0.41, 0.58, 0.1, 0.5, 0.0, 0.48, 0.22, positive
0.57, 0.51, 0.58, 0.22, 0.5, 0.0, 0.51, 0.22, positive
0.47, 0.47, 0.54, 0.19, 0.5, 0.0, 0.51, 0.33, positive
0.55, 0.45, 0.58, 0.25, 0.5, 0.0, 0.49, 0.22, positive
0.4, 0.66, 0.34, 0.21, 0.5, 0.0, 0.52, 0.26, positive
0.42, 0.21, 0.59, 0.3, 0.5, 0.0, 0.47, 0.27, positive
0.6, 0.48, 0.46, 0.32, 0.5, 0.0, 0.4, 0.33, negative
0.64, 0.44, 0.51, 0.35, 0.5, 0.0, 0.53, 0.22, negative
0.35, 0.4, 0.44, 0.25, 0.5, 0.0, 0.53, 0.57, positive
0.55, 0.38, 0.64, 0.42, 0.5, 0.0, 0.47, 0.22, negative
0.45, 0.43, 0.5, 0.25, 0.5, 0.0, 0.47, 0.22, negative
0.47, 0.53, 0.48, 0.51, 0.5, 0.0, 0.54, 0.22, negative
0.45, 0.49, 0.57, 0.25, 0.5, 0.0, 0.48, 0.22, positive
0.45, 0.52, 0.5, 0.12, 0.5, 0.0, 0.6, 0.22, negative
0.56, 0.51, 0.32, 0.49, 0.5, 0.0, 0.48, 0.22, positive
0.37, 0.58, 0.5, 0.22, 0.5, 0.0, 0.47, 0.22, positive
0.47, 0.45, 0.51, 0.33, 0.5, 0.0, 0.46, 0.26, positive
0.5, 0.36, 0.64, 0.37, 0.5, 0.0, 0.37, 0.33, positive
0.38, 0.4, 0.59, 0.25, 0.5, 0.0, 0.44, 0.22, negative
0.39, 0.39, 0.59, 0.25, 0.5, 0.0, 0.45, 0.22, negative
0.54, 0.55, 0.56, 0.14, 0.5, 0.0, 0.5, 0.25, negative
0.45, 0.5, 0.57, 0.29, 0.5, 0.0, 0.44, 0.11, negative
0.45, 0.5, 0.57, 0.29, 0.5, 0.0, 0.44, 0.11, negative
0.61, 0.38, 0.57, 0.36, 0.5, 0.0, 0.44, 0.21, negative
0.43, 0.33, 0.54, 0.37, 0.5, 0.0, 0.38, 0.16, negative
0.72, 0.51, 0.52, 0.08, 0.5, 0.0, 0.54, 0.22, positive
0.35, 0.41, 0.53, 0.27, 0.5, 0.0, 0.47, 0.29, positive
0.56, 0.49, 0.54, 0.15, 0.5, 0.0, 0.5, 0.35, positive
0.57, 0.37, 0.43, 0.27, 0.5, 0.0, 0.53, 0.28, positive
0.57, 0.49, 0.61, 0.26, 0.5, 0.0, 0.52, 0.22, positive
0.34, 0.48, 0.47, 0.19, 0.5, 0.0, 0.5, 0.3, positive
0.54, 0.57, 0.55, 0.18, 0.5, 0.0, 0.5, 0.22, positive
0.38, 0.44, 0.55, 0.44, 0.5, 0.0, 0.47, 0.51, positive
0.4, 0.3, 0.57, 0.13, 0.5, 0.0, 0.46, 0.22, positive
0.27, 0.31, 0.55, 0.13, 0.5, 0.0, 0.5, 0.22, positive
0.44, 0.5, 0.55, 0.24, 0.5, 0.0, 0.48, 0.22, positive
0.5, 0.56, 0.63, 0.25, 0.5, 0.0, 0.42, 0.22, positive
0.46, 0.53, 0.47, 0.37, 0.5, 0.0, 0.51, 0.36, positive
0.31, 0.6, 0.65, 0.18, 0.5, 0.0, 0.46, 0.22, positive
0.57, 0.42, 0.63, 0.22, 0.5, 0.0, 0.68, 0.32, positive
0.37, 0.45, 0.53, 0.14, 0.5, 0.0, 0.49, 0.22, positive
0.36, 0.49, 0.55, 0.21, 0.5, 0.0, 0.55, 0.33, positive
0.29, 0.4, 0.5, 0.16, 0.5, 0.0, 0.51, 0.34, positive
0.37, 0.3, 0.51, 0.15, 0.5, 0.0, 0.58, 0.26, positive
0.35, 0.33, 0.48, 0.42, 0.5, 0.0, 0.47, 0.43, negative
0.46, 0.35, 0.69, 0.18, 0.5, 0.0, 0.3, 0.25, negative
0.57, 0.43, 0.52, 0.3, 0.5, 0.0, 0.37, 0.11, negative
0.59, 0.51, 0.48, 0.12, 0.5, 0.0, 0.54, 0.31, negative
0.59, 0.51, 0.48, 0.12, 0.5, 0.0, 0.54, 0.31, negative
0.61, 0.48, 0.56, 0.19, 0.5, 0.0, 0.53, 0.31, negative
0.44, 0.56, 0.52, 0.18, 0.5, 0.0, 0.5, 0.11, negative
0.36, 0.56, 0.52, 0.18, 0.5, 0.0, 0.45, 0.16, negative
0.37, 0.44, 0.64, 0.48, 0.5, 0.0, 0.36, 0.27, negative
0.72, 0.37, 0.63, 0.38, 0.5, 0.0, 0.4, 0.14, negative
0.72, 0.37, 0.63, 0.38, 0.5, 0.0, 0.4, 0.14, negative
0.44, 0.36, 0.64, 0.45, 0.5, 0.0, 0.53, 0.11, negative
0.58, 0.45, 0.55, 0.27, 0.5, 0.0, 0.48, 0.11, negative
0.63, 0.64, 0.45, 0.26, 0.5, 0.0, 0.43, 0.22, negative
0.63, 0.64, 0.45, 0.26, 0.5, 0.0, 0.43, 0.22, negative
0.43, 0.33, 0.67, 0.12, 0.5, 0.0, 0.45, 0.23, negative
0.43, 0.33, 0.67, 0.12, 0.5, 0.0, 0.43, 0.23, negative
0.58, 0.44, 0.5, 0.26, 0.5, 0.0, 0.52, 0.22, negative
0.38, 0.43, 0.53, 0.22, 0.5, 0.0, 0.48, 0.11, negative
0.4, 0.45, 0.61, 0.29, 0.5, 0.0, 0.44, 0.22, negative
0.4, 0.45, 0.61, 0.29, 0.5, 0.0, 0.44, 0.22, negative
0.43, 0.22, 0.79, 0.79, 0.5, 0.0, 0.22, 0.0, negative
0.35, 0.21, 1.0, 0.8, 0.5, 0.0, 0.13, 0.01, negative
0.35, 0.21, 1.0, 0.8, 0.5, 0.0, 0.13, 0.01, negative
0.56, 0.35, 0.47, 0.41, 0.5, 0.0, 0.5, 0.22, negative
0.56, 0.35, 0.47, 0.35, 0.5, 0.0, 0.52, 0.22, negative
0.54, 0.44, 0.55, 0.48, 0.5, 0.0, 0.47, 0.22, negative
0.35, 0.39, 0.56, 0.2, 0.5, 0.0, 0.49, 0.41, negative
0.48, 0.46, 0.58, 0.16, 0.5, 0.0, 0.45, 0.22, negative
0.48, 0.55, 0.48, 0.1, 0.5, 0.0, 0.55, 0.22, negative
0.66, 0.6, 0.52, 0.19, 0.5, 0.0, 0.69, 0.22, negative
0.69, 0.54, 0.55, 0.23, 0.5, 0.0, 0.73, 0.22, negative
0.73, 0.6, 0.47, 0.2, 0.5, 0.0, 0.72, 0.22, negative
0.78, 0.82, 0.56, 0.21, 0.5, 0.0, 0.69, 0.22, negative
0.42, 0.49, 0.49, 0.36, 0.5, 0.0, 0.57, 0.26, negative
0.44, 0.62, 0.53, 0.27, 0.5, 0.0, 0.49, 0.22, positive
0.56, 0.61, 0.52, 0.19, 0.5, 0.0, 0.52, 0.32, positive
0.47, 0.56, 0.46, 0.5, 0.5, 0.0, 0.51, 0.22, negative
0.46, 0.33, 0.45, 0.22, 0.5, 0.0, 0.41, 0.37, negative
0.52, 0.43, 0.61, 0.22, 0.5, 0.0, 0.45, 0.22, negative
0.52, 0.43, 0.61, 0.22, 0.5, 0.0, 0.45, 0.22, negative
0.32, 0.44, 0.54, 0.21, 0.5, 0.0, 0.4, 0.19, negative
0.32, 0.44, 0.54, 0.21, 0.5, 0.0, 0.4, 0.19, negative
0.48, 0.41, 0.52, 0.33, 0.5, 0.0, 0.51, 0.26, negative
0.46, 0.39, 0.54, 0.22, 0.5, 0.0, 0.48, 0.25, negative
0.42, 0.5, 0.64, 0.13, 0.5, 0.0, 0.49, 0.22, negative
0.46, 0.54, 0.59, 0.41, 0.5, 0.0, 0.53, 0.21, negative
0.39, 0.65, 0.57, 0.19, 0.5, 0.0, 0.44, 0.25, negative
0.51, 0.52, 0.58, 0.17, 0.5, 0.0, 0.47, 0.28, negative
0.57, 0.48, 0.54, 0.22, 0.5, 0.0, 0.5, 0.11, negative
0.5, 0.5, 0.62, 0.23, 0.5, 0.0, 0.35, 0.11, negative
0.41, 0.49, 0.65, 0.28, 0.5, 0.0, 0.59, 0.57, negative
0.53, 0.57, 0.6, 0.36, 0.5, 0.0, 0.5, 0.22, negative
0.37, 0.3, 0.62, 0.43, 0.5, 0.0, 0.44, 0.39, negative
0.37, 0.3, 0.62, 0.43, 0.5, 0.0, 0.44, 0.39, negative
0.42, 0.38, 0.52, 0.29, 0.5, 0.0, 0.42, 0.22, positive
0.41, 0.46, 0.58, 0.08, 0.5, 0.0, 0.51, 0.28, positive
0.49, 0.4, 0.58, 0.23, 0.5, 0.0, 0.47, 0.27, negative
0.37, 0.37, 0.51, 0.38, 0.5, 0.0, 0.44, 0.22, negative
0.57, 0.5, 0.4, 0.08, 0.5, 0.0, 0.47, 0.22, negative
0.51, 0.4, 0.5, 0.28, 0.5, 0.0, 0.48, 0.27, negative
0.34, 0.25, 0.55, 0.28, 0.5, 0.0, 0.51, 0.49, negative
0.77, 0.86, 0.44, 0.27, 0.5, 0.0, 0.48, 0.22, negative
0.59, 0.54, 0.53, 0.14, 0.5, 0.0, 0.48, 0.22, negative
0.5, 0.48, 0.48, 0.23, 0.5, 0.0, 0.53, 0.68, negative
0.39, 1.0, 0.38, 0.41, 0.5, 0.0, 0.5, 0.27, negative
0.56, 0.42, 0.52, 0.14, 0.5, 0.0, 0.51, 0.22, negative
0.39, 0.46, 0.33, 0.18, 0.5, 0.0, 0.53, 0.22, negative
0.52, 0.54, 0.47, 0.49, 0.5, 0.0, 0.54, 0.22, negative
0.46, 0.49, 0.55, 0.18, 0.5, 0.0, 0.56, 0.22, positive
0.56, 0.65, 0.49, 0.56, 0.5, 0.0, 0.49, 0.22, negative
0.53, 0.51, 0.55, 0.57, 0.5, 0.0, 0.46, 0.22, negative
0.6, 0.51, 0.49, 0.18, 0.5, 0.0, 0.53, 0.38, negative
0.55, 0.52, 0.44, 0.2, 0.5, 0.0, 0.56, 0.22, negative
0.38, 0.4, 0.53, 0.12, 0.5, 0.0, 0.55, 0.22, negative
0.55, 0.55, 0.52, 0.13, 0.5, 0.0, 0.53, 0.25, negative
0.34, 0.46, 0.52, 0.19, 0.5, 0.0, 0.53, 0.26, negative
0.58, 0.56, 0.46, 0.14, 0.5, 0.0, 0.51, 0.22, negative
0.46, 0.47, 0.44, 0.18, 1.0, 0.0, 0.46, 0.22, negative
0.44, 0.71, 0.5, 0.21, 0.5, 0.0, 0.54, 0.27, negative
0.56, 0.49, 0.32, 0.22, 0.5, 0.0, 0.5, 0.22, negative
0.41, 0.49, 0.47, 0.09, 0.5, 0.0, 0.49, 0.22, negative
0.44, 0.51, 0.53, 0.3, 0.5, 0.0, 0.53, 0.22, negative
0.54, 0.51, 0.56, 0.15, 0.5, 0.0, 0.54, 0.31, negative
0.51, 0.51, 0.32, 0.27, 0.5, 0.0, 0.54, 0.22, negative
0.46, 0.38, 0.51, 0.2, 0.5, 0.0, 0.51, 0.22, negative
0.55, 0.72, 0.35, 0.26, 0.5, 0.0, 0.49, 0.22, negative
0.54, 0.44, 0.35, 0.19, 0.5, 0.0, 0.51, 0.27, negative
0.65, 0.66, 0.37, 0.12, 0.5, 0.0, 0.52, 0.27, negative
0.39, 0.71, 0.38, 0.14, 0.5, 0.0, 0.5, 0.22, negative
0.37, 0.42, 0.46, 0.15, 0.5, 0.0, 0.51, 0.31, negative
0.59, 0.55, 0.57, 0.18, 0.5, 0.0, 0.51, 0.22, negative
0.48, 0.51, 0.5, 0.24, 0.5, 0.0, 0.54, 0.38, negative
0.39, 0.3, 0.63, 0.2, 0.5, 0.0, 0.43, 0.47, negative
0.47, 0.52, 0.54, 0.25, 0.5, 0.0, 0.54, 0.29, negative
0.77, 0.82, 0.4, 0.36, 0.5, 0.0, 0.38, 0.22, negative
0.52, 0.55, 0.39, 0.09, 1.0, 0.0, 0.55, 0.25, negative
0.42, 0.28, 0.33, 0.23, 0.5, 0.0, 0.39, 0.26, negative
0.47, 0.37, 0.46, 0.28, 0.5, 0.0, 0.52, 0.99, positive
0.48, 0.5, 0.47, 0.29, 0.5, 0.0, 0.46, 0.27, positive
0.3, 0.33, 0.55, 0.12, 0.5, 0.0, 0.53, 0.38, negative
0.49, 0.49, 0.52, 0.18, 0.5, 0.0, 0.51, 0.25, positive
0.54, 0.59, 0.57, 0.34, 0.5, 0.0, 0.49, 0.22, positive
0.7, 0.78, 0.53, 0.24, 0.5, 0.0, 0.48, 0.22, negative
0.85, 0.69, 0.34, 0.31, 0.5, 0.0, 0.57, 0.3, negative
0.47, 0.56, 0.53, 0.44, 0.5, 0.0, 0.53, 0.22, negative
0.53, 0.49, 0.47, 0.21, 0.5, 0.0, 0.53, 0.22, negative
0.7, 0.57, 0.34, 0.19, 0.5, 0.0, 0.53, 0.27, negative
0.42, 0.43, 0.67, 0.7, 0.5, 0.0, 0.42, 0.25, negative
0.47, 0.44, 0.53, 0.18, 0.5, 0.0, 0.47, 0.29, positive
0.4, 0.49, 0.53, 0.23, 0.5, 0.0, 0.44, 0.26, positive
0.45, 0.65, 0.51, 0.17, 0.5, 0.0, 0.49, 0.22, positive
0.42, 0.42, 0.55, 0.31, 0.5, 0.0, 0.43, 0.22, positive
0.42, 0.28, 0.49, 0.22, 0.5, 0.0, 0.55, 0.34, positive
0.47, 0.5, 0.47, 0.22, 0.5, 0.0, 0.53, 0.45, positive
0.56, 0.55, 0.57, 0.15, 0.5, 0.0, 0.54, 0.25, negative
0.32, 0.6, 0.48, 0.13, 0.5, 0.0, 0.53, 0.22, positive
0.38, 0.42, 0.31, 0.35, 0.5, 0.0, 0.52, 0.22, negative
0.46, 0.56, 0.56, 0.25, 0.5, 0.0, 0.43, 0.22, positive
0.47, 0.55, 0.57, 0.17, 0.5, 0.0, 0.52, 0.66, positive
0.37, 0.55, 0.52, 0.13, 0.5, 0.0, 0.42, 0.8, negative
0.8, 0.69, 0.53, 0.33, 0.5, 0.0, 0.51, 0.22, negative
0.52, 0.65, 0.36, 0.37, 0.5, 0.0, 0.52, 0.34, negative
0.19, 0.16, 0.68, 0.36, 0.5, 0.0, 0.49, 0.21, positive
0.64, 0.31, 0.53, 0.15, 0.5, 0.0, 0.53, 0.31, negative
0.4, 0.43, 0.36, 0.33, 0.5, 0.0, 0.51, 0.22, negative
0.47, 0.56, 0.51, 0.2, 0.5, 0.0, 0.52, 0.59, positive
0.4, 0.75, 0.44, 0.12, 0.5, 0.0, 0.49, 0.22, positive
0.48, 0.55, 0.58, 0.18, 0.5, 0.0, 0.38, 0.69, positive
0.57, 0.51, 0.34, 0.13, 0.5, 0.0, 0.53, 0.27, negative
0.23, 0.37, 0.32, 0.13, 0.5, 0.0, 0.53, 0.22, negative
0.54, 0.5, 0.51, 0.26, 0.5, 0.0, 0.52, 0.22, negative
0.6, 0.64, 0.56, 0.36, 0.5, 0.0, 0.46, 0.27, negative
0.27, 0.41, 0.24, 0.2, 0.5, 0.0, 0.49, 0.22, negative
0.39, 0.45, 0.51, 0.29, 0.5, 0.0, 0.54, 0.22, negative
0.43, 0.47, 0.47, 0.18, 0.5, 0.0, 0.47, 0.22, negative
0.55, 0.4, 0.62, 0.22, 0.5, 0.0, 0.37, 0.28, positive
0.33, 0.46, 0.6, 0.18, 0.5, 0.0, 0.51, 0.26, positive
0.51, 0.5, 0.54, 0.11, 0.5, 0.0, 0.6, 0.22, positive
0.54, 0.6, 0.57, 0.17, 0.5, 0.0, 0.44, 0.22, positive
0.55, 0.57, 0.51, 0.07, 0.5, 0.0, 0.55, 0.22, negative
0.54, 0.47, 0.58, 0.4, 0.5, 0.0, 0.46, 0.27, negative
0.36, 0.32, 0.55, 0.27, 0.5, 0.0, 0.47, 0.43, positive
0.46, 0.41, 0.45, 0.23, 0.5, 0.0, 0.48, 0.22, positive
0.4, 0.39, 0.6, 0.23, 0.5, 0.0, 0.52, 0.31, positive
0.52, 0.47, 0.58, 0.18, 0.5, 0.0, 0.34, 0.11, negative
0.5, 0.45, 0.51, 0.19, 0.5, 0.0, 0.53, 0.25, negative
0.57, 0.55, 0.51, 0.18, 0.5, 0.0, 0.51, 0.43, positive
0.44, 0.43, 0.46, 0.28, 0.5, 0.0, 0.45, 0.29, positive
0.46, 0.5, 0.5, 0.28, 0.5, 0.0, 0.5, 0.37, positive
0.66, 0.65, 0.54, 0.4, 0.5, 0.0, 0.51, 0.22, negative
0.77, 0.73, 0.49, 0.46, 0.5, 0.0, 0.38, 0.22, negative
0.38, 0.58, 0.46, 0.21, 0.5, 0.0, 0.52, 0.22, positive
0.32, 0.68, 0.51, 0.16, 0.5, 0.83, 0.55, 0.22, negative
0.27, 0.46, 0.52, 0.17, 0.5, 0.0, 0.49, 0.44, positive
0.37, 0.48, 0.67, 0.37, 0.5, 0.0, 0.56, 0.62, positive
0.44, 0.59, 0.54, 0.18, 0.5, 0.0, 0.49, 0.22, positive
0.59, 0.49, 0.45, 0.22, 0.5, 0.0, 0.45, 0.31, positive
0.73, 0.52, 0.59, 0.25, 0.5, 0.0, 0.51, 0.22, positive
0.5, 0.43, 0.5, 0.17, 0.5, 0.0, 0.46, 0.47, positive
0.23, 0.13, 0.51, 0.16, 0.5, 0.0, 0.53, 0.51, positive
0.49, 0.6, 0.54, 0.35, 0.5, 0.0, 0.53, 0.46, positive
0.52, 0.31, 0.56, 0.16, 0.5, 0.0, 0.55, 0.22, positive
0.49, 0.48, 0.51, 0.21, 0.5, 0.0, 0.53, 0.22, positive
0.49, 0.6, 0.42, 0.18, 0.5, 0.0, 0.58, 0.28, positive
0.6, 0.62, 0.54, 0.11, 0.5, 0.0, 0.51, 0.22, positive
0.53, 0.25, 0.59, 0.27, 0.5, 0.0, 0.45, 0.26, positive
0.31, 0.5, 0.54, 0.32, 0.5, 0.0, 0.53, 0.31, positive
0.25, 0.33, 0.48, 0.18, 0.5, 0.0, 0.42, 0.33, positive
0.55, 0.46, 0.47, 0.15, 0.5, 0.0, 0.47, 0.22, negative
0.61, 0.5, 0.61, 0.21, 0.5, 0.0, 0.55, 0.54, negative
0.62, 0.33, 0.49, 0.24, 0.5, 0.0, 0.51, 0.42, negative
0.56, 0.52, 0.46, 0.17, 0.5, 0.0, 0.49, 0.73, negative
0.52, 0.56, 0.55, 0.16, 0.5, 0.0, 0.53, 0.39, negative
0.53, 0.48, 0.51, 0.18, 0.5, 0.0, 0.52, 0.27, negative
0.51, 0.48, 0.51, 0.19, 0.5, 0.0, 0.51, 0.27, negative
0.51, 0.48, 0.51, 0.26, 0.5, 0.0, 0.51, 0.27, negative
0.53, 0.48, 0.51, 0.18, 0.5, 0.0, 0.51, 0.27, negative
0.6, 0.46, 0.51, 0.1, 0.5, 0.0, 0.48, 0.31, negative
0.6, 0.46, 0.51, 0.1, 0.5, 0.0, 0.48, 0.31, negative
0.44, 0.39, 0.63, 0.11, 0.5, 0.0, 0.49, 0.26, positive
0.51, 0.5, 0.49, 0.45, 0.5, 0.0, 0.48, 0.22, negative
0.45, 0.45, 0.51, 0.3, 0.5, 0.0, 0.48, 0.44, negative
0.38, 0.42, 0.47, 0.12, 0.5, 0.0, 0.47, 0.53, positive
0.19, 0.66, 0.6, 0.14, 0.5, 0.0, 0.2, 0.25, positive
0.25, 0.42, 0.21, 0.14, 0.5, 0.0, 0.41, 0.22, negative
0.7, 0.58, 0.53, 0.39, 0.5, 0.0, 0.59, 0.22, negative
0.49, 0.31, 0.43, 0.24, 0.5, 0.0, 0.54, 0.22, negative
0.83, 0.81, 0.45, 0.38, 0.5, 0.0, 0.4, 0.26, negative
0.38, 0.51, 0.56, 0.21, 0.5, 0.0, 0.48, 0.31, positive
0.32, 0.36, 0.28, 0.38, 0.5, 0.0, 0.5, 0.4, negative
0.4, 0.65, 0.38, 0.17, 0.5, 0.0, 0.57, 0.22, negative
0.49, 0.55, 0.41, 0.19, 0.5, 0.0, 0.48, 0.31, negative
0.3, 0.45, 0.55, 0.19, 0.5, 0.0, 0.53, 0.4, negative
0.88, 0.72, 0.32, 0.3, 0.5, 0.0, 0.52, 0.33, negative
0.44, 0.4, 0.53, 0.19, 0.5, 0.0, 0.48, 0.27, negative
0.45, 0.57, 0.52, 0.21, 0.5, 0.0, 0.54, 0.38, positive
0.46, 0.61, 0.38, 0.35, 0.5, 0.0, 0.49, 0.22, negative
0.55, 0.41, 0.67, 0.61, 0.5, 0.0, 0.49, 0.14, negative
0.28, 0.18, 0.72, 0.26, 0.5, 0.0, 0.49, 0.25, negative
0.36, 0.5, 0.39, 0.23, 0.5, 0.0, 0.5, 0.22, negative
0.48, 0.54, 0.56, 0.29, 0.5, 0.0, 0.51, 0.43, positive
0.33, 0.37, 0.49, 0.22, 0.5, 0.0, 0.55, 0.22, negative
0.58, 0.64, 0.42, 0.3, 0.5, 0.0, 0.54, 0.22, positive
0.74, 0.82, 0.46, 0.24, 0.5, 0.0, 0.48, 0.22, negative
0.75, 0.76, 0.58, 0.22, 0.5, 0.0, 0.49, 0.22, negative
0.58, 0.37, 0.58, 0.16, 0.5, 0.0, 0.51, 0.22, positive
0.39, 0.39, 0.65, 0.16, 0.5, 0.0, 0.45, 0.22, negative
0.51, 0.59, 0.55, 0.21, 0.5, 0.0, 0.52, 0.22, negative
0.41, 0.35, 0.6, 0.22, 0.5, 0.0, 0.56, 0.79, negative
0.43, 0.28, 0.41, 0.32, 0.5, 0.0, 0.52, 0.22, negative
0.23, 0.29, 0.46, 0.0, 0.5, 0.0, 0.43, 0.31, negative
0.25, 0.48, 0.45, 0.32, 0.5, 0.0, 0.4, 0.22, negative
0.38, 0.34, 0.55, 0.44, 0.5, 0.0, 0.48, 0.26, negative
0.48, 0.17, 0.37, 0.33, 0.5, 0.0, 0.44, 0.36, positive
0.47, 0.47, 0.5, 0.19, 0.5, 0.0, 0.51, 0.26, positive
0.55, 0.38, 0.52, 0.16, 0.5, 0.0, 0.49, 0.64, positive
0.41, 0.39, 0.61, 0.17, 0.5, 0.0, 0.5, 0.61, positive
0.41, 0.56, 0.53, 0.16, 0.5, 0.0, 0.55, 0.26, positive
0.78, 0.73, 0.27, 0.28, 0.5, 0.0, 0.56, 0.22, negative
0.31, 0.51, 0.38, 0.18, 0.5, 0.0, 0.46, 0.31, negative
0.63, 0.64, 0.49, 0.2, 0.5, 0.0, 0.52, 0.25, negative
0.31, 0.4, 0.31, 0.17, 0.5, 0.0, 0.52, 0.22, negative
0.44, 0.65, 0.49, 0.16, 0.5, 0.0, 0.48, 0.31, positive
0.5, 0.49, 0.46, 0.22, 0.5, 0.0, 0.53, 0.25, negative
0.62, 0.42, 0.47, 0.16, 0.5, 0.0, 0.52, 0.22, negative
0.5, 0.45, 0.52, 0.18, 0.5, 0.0, 0.52, 0.22, negative
0.59, 0.51, 0.47, 0.21, 0.5, 0.0, 0.47, 0.22, negative
0.39, 0.47, 0.49, 0.2, 0.5, 0.0, 0.53, 0.26, negative
0.49, 0.48, 0.52, 0.24, 0.5, 0.0, 0.5, 0.22, negative
0.59, 0.48, 0.49, 0.42, 0.5, 0.0, 0.52, 0.22, negative
0.63, 0.43, 0.48, 0.11, 0.5, 0.0, 0.51, 0.22, negative
0.63, 0.43, 0.48, 0.11, 0.5, 0.0, 0.51, 0.22, negative
0.52, 0.45, 0.53, 0.34, 0.5, 0.0, 0.52, 0.44, negative
0.54, 0.48, 0.55, 0.33, 0.5, 0.0, 0.55, 0.4, negative
0.55, 0.79, 0.45, 0.25, 0.5, 0.0, 0.51, 0.22, positive
0.58, 0.51, 0.63, 0.2, 0.5, 0.0, 0.5, 0.42, positive
0.63, 0.58, 0.57, 0.1, 0.5, 0.0, 0.52, 0.33, positive
0.54, 0.67, 0.56, 0.15, 0.5, 0.0, 0.57, 0.33, positive
0.47, 0.38, 0.5, 0.15, 0.5, 0.0, 0.49, 0.47, positive
0.33, 0.17, 0.52, 0.13, 0.5, 0.0, 0.51, 0.75, positive
0.42, 0.5, 0.59, 0.17, 0.5, 0.0, 0.51, 0.22, negative
0.54, 0.55, 0.55, 0.4, 0.5, 0.0, 0.53, 0.22, negative
0.31, 0.31, 0.57, 0.15, 0.5, 0.0, 0.5, 0.22, negative
0.38, 0.42, 0.5, 0.19, 0.5, 0.0, 0.44, 0.22, negative
0.33, 0.36, 0.62, 0.26, 0.5, 0.0, 0.55, 0.22, negative
0.38, 0.42, 0.5, 0.19, 0.5, 0.0, 0.44, 0.22, negative
0.47, 0.56, 0.58, 0.19, 0.5, 0.0, 0.44, 0.64, negative
0.32, 0.32, 0.52, 0.18, 0.5, 0.0, 0.48, 0.34, negative
0.44, 0.54, 0.51, 0.16, 0.5, 0.0, 0.58, 0.22, negative
0.77, 0.7, 0.44, 0.29, 0.5, 0.0, 0.56, 0.22, negative
0.4, 0.56, 0.53, 0.15, 0.5, 0.0, 0.49, 0.22, negative
0.58, 0.55, 0.51, 0.13, 0.5, 0.0, 0.52, 0.22, negative
0.55, 0.69, 0.51, 0.12, 0.5, 0.0, 0.51, 0.22, negative
0.47, 0.46, 0.53, 0.12, 0.5, 0.0, 0.51, 0.25, positive
0.57, 0.29, 0.63, 0.22, 0.5, 0.0, 0.49, 0.27, positive
0.52, 0.49, 0.59, 0.21, 0.5, 0.0, 0.47, 0.22, positive
0.41, 0.42, 0.53, 0.17, 0.5, 0.0, 0.48, 0.58, positive
0.45, 0.36, 0.5, 0.19, 0.5, 0.0, 0.53, 0.7, positive
0.53, 0.51, 0.54, 0.21, 0.5, 0.0, 0.45, 0.22, positive
0.49, 0.5, 0.42, 0.43, 0.5, 0.0, 0.5, 0.36, negative
0.44, 0.49, 0.49, 0.27, 0.5, 0.0, 0.52, 0.22, negative
0.25, 0.26, 0.53, 0.17, 0.5, 0.0, 0.45, 0.22, negative
0.49, 0.46, 0.54, 0.18, 0.5, 0.0, 0.35, 0.22, negative
0.42, 0.45, 0.75, 0.21, 0.5, 0.0, 0.48, 0.22, negative
0.39, 0.45, 0.75, 0.17, 0.5, 0.0, 0.51, 0.22, negative
0.63, 0.54, 0.53, 0.27, 0.5, 0.0, 0.49, 0.22, negative
0.54, 0.43, 0.48, 0.27, 0.5, 0.0, 0.44, 0.41, negative
0.4, 0.44, 0.5, 0.13, 0.5, 0.0, 0.52, 0.39, negative
0.55, 0.39, 0.39, 0.47, 0.5, 0.0, 0.5, 0.83, negative
0.59, 0.48, 0.41, 0.53, 0.5, 0.0, 0.48, 0.56, negative
0.49, 0.38, 0.49, 0.15, 0.5, 0.0, 0.53, 0.25, positive
0.62, 0.6, 0.54, 0.22, 0.5, 0.0, 0.54, 0.27, negative
0.33, 0.46, 0.53, 0.12, 0.5, 0.0, 0.5, 0.27, negative
0.57, 0.36, 0.51, 0.25, 0.5, 0.0, 0.54, 0.25, negative
0.45, 0.76, 0.51, 0.25, 0.5, 0.0, 0.59, 0.22, negative
0.48, 0.44, 0.51, 0.24, 0.5, 0.0, 0.49, 0.22, negative
0.79, 0.56, 0.53, 0.19, 0.5, 0.0, 0.47, 0.35, negative
0.5, 0.5, 0.48, 0.34, 0.5, 0.0, 0.52, 0.27, positive
0.79, 0.62, 0.35, 0.35, 0.5, 0.0, 0.6, 0.28, negative
0.52, 0.5, 0.6, 0.2, 0.5, 0.0, 0.52, 0.22, negative
0.59, 0.46, 0.57, 0.17, 0.5, 0.0, 0.52, 0.22, negative
0.53, 0.42, 0.53, 0.19, 0.5, 0.0, 0.47, 0.22, negative
0.59, 0.46, 0.55, 0.17, 0.5, 0.0, 0.52, 0.25, negative
0.61, 0.73, 0.5, 0.58, 0.5, 0.0, 0.5, 0.22, negative
0.36, 0.52, 0.61, 0.33, 0.5, 0.0, 0.52, 0.37, positive
0.66, 0.54, 0.53, 0.17, 0.5, 0.0, 0.54, 0.22, negative
0.52, 0.51, 0.48, 0.12, 0.5, 0.0, 0.54, 0.31, negative
0.43, 0.48, 0.36, 0.26, 0.5, 0.0, 0.52, 0.22, negative
0.46, 0.47, 0.62, 0.3, 0.5, 0.0, 0.38, 0.22, negative
0.19, 0.41, 0.55, 0.13, 0.5, 0.0, 0.52, 0.25, negative
0.42, 0.46, 0.44, 0.17, 0.5, 0.0, 0.51, 0.42, negative
0.49, 0.36, 0.47, 0.28, 0.5, 0.0, 0.56, 0.54, positive
0.42, 0.51, 0.33, 0.16, 0.5, 0.0, 0.54, 0.22, negative
0.6, 0.57, 0.63, 0.22, 0.5, 0.0, 0.5, 0.49, positive
0.53, 0.44, 0.54, 0.52, 0.5, 0.0, 0.49, 0.38, positive
0.48, 0.39, 0.56, 0.23, 0.5, 0.0, 0.6, 0.22, negative
0.4, 0.28, 0.58, 0.44, 0.5, 0.0, 0.41, 0.22, negative
0.54, 0.35, 0.55, 0.19, 0.5, 0.0, 0.3, 0.22, negative
0.5, 0.47, 0.45, 0.14, 0.5, 0.0, 0.53, 0.32, negative
0.55, 0.44, 0.5, 0.09, 0.5, 0.0, 0.55, 0.22, negative
0.51, 0.49, 0.48, 0.55, 0.5, 0.0, 0.52, 0.58, negative
0.36, 0.51, 0.51, 0.17, 0.5, 0.0, 0.52, 0.22, negative
0.73, 0.59, 0.35, 0.15, 0.5, 0.0, 0.54, 0.22, negative
0.6, 0.37, 0.52, 0.15, 0.5, 0.0, 0.55, 0.26, negative
0.64, 0.61, 0.56, 0.15, 0.5, 0.0, 0.54, 0.22, negative
0.48, 0.58, 0.58, 0.12, 0.5, 0.0, 0.49, 0.22, negative
0.65, 0.58, 0.53, 0.21, 0.5, 0.0, 0.51, 0.22, negative
0.57, 0.54, 0.32, 0.15, 0.5, 0.0, 0.52, 0.25, negative
0.4, 0.36, 0.32, 0.16, 0.5, 0.0, 0.51, 0.27, negative
0.5, 0.55, 0.52, 0.16, 0.5, 0.0, 0.51, 0.31, negative
0.65, 0.63, 0.47, 0.22, 0.5, 0.0, 0.52, 0.27, negative
0.25, 0.4, 0.54, 0.16, 0.5, 0.0, 0.43, 0.22, negative
0.63, 0.56, 0.52, 0.21, 0.5, 0.0, 0.5, 0.22, negative
0.56, 0.68, 0.42, 0.36, 0.5, 0.0, 0.49, 0.22, negative
0.57, 0.47, 0.48, 0.17, 0.5, 0.0, 0.52, 0.26, negative
0.46, 0.52, 0.51, 0.13, 0.5, 0.0, 0.47, 0.22, negative
0.5, 0.4, 0.57, 0.17, 0.5, 0.0, 0.59, 0.22, negative
0.78, 0.71, 0.35, 0.25, 0.5, 0.0, 0.49, 0.22, negative
0.64, 0.56, 0.52, 0.17, 0.5, 0.0, 0.54, 0.47, positive
0.51, 0.39, 0.56, 0.55, 0.5, 0.0, 0.46, 0.64, negative
0.4, 0.45, 0.45, 0.15, 0.5, 0.0, 0.53, 0.48, positive
0.39, 0.63, 0.41, 0.27, 0.5, 0.0, 0.49, 0.22, negative
0.45, 0.51, 0.43, 0.22, 0.5, 0.0, 0.57, 0.22, positive
0.77, 0.78, 0.27, 0.37, 0.5, 0.0, 0.49, 0.22, negative
0.49, 0.49, 0.4, 0.2, 0.5, 0.0, 0.48, 0.26, negative
0.53, 0.52, 0.49, 0.27, 0.5, 0.0, 0.51, 0.22, negative
0.5, 0.47, 0.56, 0.31, 0.5, 0.0, 0.56, 0.26, negative
0.71, 0.79, 0.41, 0.38, 0.5, 0.0, 0.54, 0.22, negative
0.33, 0.49, 0.46, 0.22, 0.5, 0.0, 0.53, 0.33, negative
0.47, 0.41, 0.46, 0.18, 0.5, 0.0, 0.53, 0.22, negative
0.45, 0.39, 0.46, 0.29, 0.5, 0.0, 0.42, 0.22, negative
0.59, 0.56, 0.5, 0.48, 0.5, 0.0, 0.46, 0.22, negative
0.32, 0.3, 0.57, 0.38, 0.5, 0.0, 0.5, 0.25, positive
0.26, 0.3, 0.37, 0.15, 0.5, 0.0, 0.53, 0.25, negative
0.28, 0.41, 0.46, 0.18, 0.5, 0.0, 0.47, 0.39, positive
0.45, 0.5, 0.43, 0.16, 0.5, 0.0, 0.52, 0.28, negative
0.54, 0.44, 0.38, 0.22, 0.5, 0.0, 0.54, 0.3, negative
0.22, 0.53, 0.36, 0.22, 0.5, 0.0, 0.54, 0.31, negative
0.25, 0.41, 0.47, 0.14, 0.5, 0.0, 0.56, 0.68, positive
0.4, 0.44, 0.47, 0.25, 0.5, 0.0, 0.54, 0.56, positive
0.46, 0.59, 0.38, 0.12, 0.5, 0.0, 0.5, 0.22, negative
0.8, 0.82, 0.4, 0.31, 0.5, 0.0, 0.57, 0.25, negative
0.29, 0.39, 0.46, 0.36, 0.5, 0.0, 0.51, 0.22, positive
0.4, 0.4, 0.43, 0.19, 0.5, 0.83, 0.48, 0.22, negative
0.57, 0.52, 0.46, 0.2, 0.5, 0.83, 0.52, 0.41, negative
0.43, 0.6, 0.4, 0.12, 0.5, 0.0, 0.49, 0.29, negative
0.65, 0.62, 0.26, 0.33, 0.5, 0.0, 0.55, 0.22, negative
0.77, 0.7, 0.37, 0.12, 0.5, 0.0, 0.49, 0.26, negative
0.47, 0.61, 0.32, 0.27, 0.5, 0.0, 0.5, 0.3, negative
0.71, 0.51, 0.49, 0.23, 0.5, 0.0, 0.3, 0.32, negative
0.59, 0.48, 0.49, 0.49, 0.5, 0.0, 0.36, 0.32, negative
0.58, 0.63, 0.52, 0.7, 0.5, 0.0, 0.46, 0.22, negative
0.3, 0.68, 0.41, 0.17, 0.5, 0.0, 0.51, 0.22, negative
0.74, 0.73, 0.32, 0.2, 0.5, 0.0, 0.55, 0.22, negative
0.55, 0.35, 0.36, 0.29, 0.5, 0.0, 0.51, 0.22, negative
0.35, 0.32, 0.31, 0.16, 0.5, 0.0, 0.56, 0.22, negative
0.69, 0.57, 0.39, 0.19, 0.5, 0.0, 0.48, 0.39, negative
0.47, 0.41, 0.53, 0.27, 0.5, 0.0, 0.47, 0.25, negative
0.39, 0.56, 0.34, 0.18, 0.5, 0.0, 0.49, 0.22, negative
0.51, 0.38, 0.42, 0.21, 0.5, 0.0, 0.46, 0.34, negative
0.32, 0.45, 0.39, 0.14, 0.5, 0.0, 0.45, 0.22, negative
0.75, 0.73, 0.35, 0.33, 0.5, 0.0, 0.49, 0.28, negative
0.54, 0.54, 0.56, 0.18, 0.5, 0.0, 0.46, 0.29, positive
0.71, 0.64, 0.42, 0.28, 0.5, 0.0, 0.43, 0.22, negative
0.28, 0.48, 0.36, 0.16, 0.5, 0.0, 0.53, 0.22, negative
0.58, 0.44, 0.45, 0.32, 0.5, 0.0, 0.52, 0.37, positive
0.52, 0.65, 0.36, 0.26, 0.5, 0.0, 0.44, 0.22, negative
0.64, 0.44, 0.56, 0.15, 0.5, 0.0, 0.56, 0.22, negative
0.48, 0.58, 0.47, 0.17, 0.5, 0.0, 0.53, 0.74, negative
0.42, 0.71, 0.45, 0.15, 0.5, 0.0, 0.48, 0.22, negative
0.38, 0.37, 0.36, 0.14, 0.5, 0.0, 0.54, 0.22, negative
0.4, 0.4, 0.44, 0.37, 0.5, 0.0, 0.53, 0.25, positive
0.38, 0.56, 0.38, 0.16, 0.5, 0.0, 0.53, 0.22, negative
0.8, 0.79, 0.43, 0.25, 0.5, 0.0, 0.52, 0.22, negative
0.63, 0.65, 0.42, 0.18, 0.5, 0.0, 0.54, 0.27, negative
0.47, 0.4, 0.63, 0.19, 0.5, 0.0, 0.52, 0.32, positive
0.83, 0.94, 0.32, 0.21, 0.5, 0.0, 0.51, 0.22, negative
0.61, 0.76, 0.3, 0.16, 0.5, 0.0, 0.45, 0.41, negative
0.39, 0.33, 0.33, 0.23, 0.5, 0.0, 0.47, 0.22, negative
0.5, 0.63, 0.45, 0.13, 0.5, 0.0, 0.45, 0.32, negative
0.2, 0.6, 0.5, 0.29, 0.5, 0.0, 0.51, 0.22, negative
0.29, 0.26, 0.43, 0.17, 0.5, 0.0, 0.55, 0.3, negative
0.51, 0.46, 0.41, 0.36, 0.5, 0.0, 0.49, 0.22, negative
0.49, 0.56, 0.37, 0.2, 0.5, 0.0, 0.53, 0.22, negative
0.86, 0.78, 0.34, 0.15, 0.5, 0.0, 0.53, 0.22, negative
0.72, 0.73, 0.41, 0.28, 0.5, 0.0, 0.44, 0.22, negative
0.8, 0.73, 0.47, 0.19, 0.5, 0.0, 0.49, 0.22, negative
0.49, 0.55, 0.35, 0.23, 0.5, 0.0, 0.57, 0.22, negative
0.6, 0.68, 0.3, 0.27, 0.5, 0.0, 0.55, 0.22, negative
0.82, 0.63, 0.47, 0.18, 0.5, 0.0, 0.5, 0.22, negative
0.77, 0.68, 0.35, 0.19, 0.5, 0.0, 0.53, 0.43, negative
0.52, 0.46, 0.34, 0.2, 0.5, 0.0, 0.51, 0.25, negative
0.35, 0.29, 0.46, 0.14, 0.5, 0.0, 0.54, 0.66, positive
0.58, 0.67, 0.49, 0.16, 0.5, 0.0, 0.47, 0.28, negative
0.36, 0.48, 0.61, 0.26, 0.5, 0.0, 0.5, 0.16, positive
0.41, 0.25, 0.59, 0.44, 0.5, 0.0, 0.6, 0.69, positive
0.3, 0.37, 0.4, 0.45, 0.5, 0.0, 0.48, 0.41, negative
0.57, 0.59, 0.49, 0.86, 0.5, 0.0, 0.47, 0.22, positive
0.77, 0.74, 0.37, 0.29, 0.5, 0.0, 0.45, 0.22, negative
0.47, 0.38, 0.58, 0.19, 0.5, 0.0, 0.57, 0.22, negative
0.5, 0.61, 0.44, 0.2, 0.5, 0.0, 0.49, 0.22, negative
0.41, 0.45, 0.46, 0.23, 0.5, 0.0, 0.5, 0.7, negative
0.46, 0.62, 0.46, 0.54, 0.5, 0.0, 0.51, 0.27, negative
0.74, 0.75, 0.45, 0.44, 0.5, 0.0, 0.52, 0.22, negative
0.52, 0.53, 0.58, 0.69, 0.5, 0.0, 0.5, 0.22, negative
0.41, 0.47, 0.5, 0.14, 0.5, 0.0, 0.53, 0.37, positive
0.25, 0.4, 0.52, 0.15, 0.5, 0.0, 0.56, 0.28, positive
0.58, 0.56, 0.38, 0.39, 0.5, 0.0, 0.54, 0.57, positive
0.32, 0.29, 0.29, 0.08, 0.5, 0.0, 0.52, 0.22, negative
0.38, 0.48, 0.57, 0.3, 0.5, 0.0, 0.41, 0.11, negative
0.39, 0.58, 0.47, 0.18, 0.5, 0.0, 0.48, 0.22, negative
0.38, 0.47, 0.47, 0.18, 0.5, 0.0, 0.44, 0.26, negative
0.51, 0.45, 0.62, 0.25, 0.5, 0.0, 0.59, 0.22, negative
0.59, 0.67, 0.54, 0.19, 0.5, 0.0, 0.48, 0.6, positive
0.6, 0.61, 0.54, 0.11, 0.5, 0.0, 0.46, 0.22, negative
0.48, 0.61, 0.57, 0.17, 0.5, 0.0, 0.45, 0.22, negative
0.61, 0.48, 0.54, 0.25, 0.5, 0.0, 0.5, 0.22, negative
0.38, 0.32, 0.64, 0.41, 0.5, 0.0, 0.44, 0.11, negative
0.38, 0.4, 0.66, 0.35, 0.5, 0.0, 0.43, 0.11, negative
0.81, 0.62, 0.43, 0.17, 0.5, 0.0, 0.53, 0.22, negative
0.47, 0.43, 0.61, 0.4, 0.5, 0.0, 0.48, 0.47, positive
0.67, 0.57, 0.36, 0.19, 0.5, 0.0, 0.56, 0.22, negative
0.43, 0.4, 0.6, 0.16, 0.5, 0.0, 0.53, 0.39, positive
0.65, 0.54, 0.54, 0.13, 0.5, 0.0, 0.53, 0.22, negative
0.47, 0.5526, 0.5544, 0.1778, 0.5, 0.0, 0.52, 0.6418, positive
0.4183, 0.5417, 0.4436, 0.2155, 0.5, 0.0, 0.5473, 0.22, positive
0.3129, 0.4594, 0.5384, 0.5184, 0.5, 0.0, 0.4997, 0.3377, positive
0.6692, 0.5156, 0.47, 0.2456, 0.5, 0.0, 0.53, 0.2668, positive
0.5136, 0.4564, 0.4864, 0.2159, 0.5, 0.0, 0.53, 0.22, positive
0.4779, 0.47, 0.5119, 0.1781, 0.5, 0.0, 0.4981, 0.264, positive
0.4135, 0.7229, 0.459, 0.1335, 0.5, 0.0, 0.49, 0.22, positive
0.23, 0.2133, 0.5367, 0.2027, 0.5, 0.0, 0.4453, 0.2267, positive
0.3146, 0.5985, 0.6386, 0.183, 0.5, 0.0, 0.4608, 0.22, positive
0.5294, 0.443, 0.5418, 0.523, 0.5, 0.0, 0.4912, 0.3705, positive
0.435, 0.46, 0.5592, 0.0967, 0.5, 0.0, 0.51, 0.2675, positive
0.6251, 0.5516, 0.4784, 0.1832, 0.5, 0.0, 0.5168, 0.3716, positive
0.4584, 0.4084, 0.584, 0.1008, 0.5, 0.0, 0.4808, 0.2232, positive
0.3217, 0.3408, 0.61, 0.1717, 0.5, 0.0, 0.52, 0.3142, positive
0.5012, 0.34, 0.5426, 0.2038, 0.5, 0.0, 0.4949, 0.2188, positive
0.3907, 0.539, 0.5155, 0.3969, 0.5, 0.0, 0.5045, 0.22, positive
0.5, 0.4467, 0.4916, 0.1533, 0.5, 0.0, 0.5352, 0.4366, positive
0.2535, 0.3059, 0.5623, 0.167, 0.5, 0.0, 0.4918, 0.2406, positive
0.4444, 0.5133, 0.5522, 0.2422, 0.5, 0.0, 0.4689, 0.22, positive
0.6227, 0.6056, 0.5092, 0.0721, 0.7598, 0.0, 0.4796, 0.22, positive
0.49, 0.48, 0.5101, 0.2099, 0.5, 0.0, 0.5303, 0.22, positive
0.3964, 0.5951, 0.5113, 0.2388, 0.5, 0.0, 0.4775, 0.22, positive
0.4575, 0.2, 0.4599, 0.2625, 0.5, 0.0, 0.455, 0.3225, positive
0.5521, 0.5321, 0.5704, 0.1636, 0.5, 0.0, 0.5318, 0.2621, positive
0.4815, 0.3734, 0.5968, 0.1597, 0.5, 0.0, 0.5066, 0.2268, positive
0.4671, 0.4729, 0.5757, 0.2557, 0.5, 0.0, 0.4572, 0.22, positive
0.4432, 0.3887, 0.6275, 0.1138, 0.5, 0.0, 0.4913, 0.2575, positive
0.4511, 0.4822, 0.5589, 0.5615, 0.5, 0.0, 0.4722, 0.2233, positive
0.47, 0.4387, 0.5233, 0.1773, 0.5, 0.0, 0.4687, 0.2873, positive
0.6411, 0.5001, 0.5299, 0.0997, 0.5, 0.0, 0.5104, 0.22, positive
0.3383, 0.5485, 0.5108, 0.4255, 0.5, 0.0, 0.5092, 0.22, positive
0.4431, 0.6085, 0.5308, 0.1769, 0.5, 0.0, 0.49, 0.22, positive
0.566, 0.4493, 0.4547, 0.3153, 0.5, 0.0, 0.5479, 0.4212, positive
0.6375, 0.57, 0.55, 0.115, 0.5, 0.0, 0.525, 0.3375, positive
0.3909, 0.2983, 0.5531, 0.1148, 0.5, 0.0, 0.5265, 0.3835, positive
0.4241, 0.2966, 0.5307, 0.2466, 0.5, 0.0, 0.5051, 0.27, positive
0.5145, 0.3182, 0.5573, 0.1737, 0.5, 0.0, 0.5336, 0.22, positive
0.4521, 0.3397, 0.5597, 0.1624, 0.5, 0.0, 0.4949, 0.22, positive
0.3624, 0.4273, 0.5451, 0.1287, 0.5, 0.0, 0.4862, 0.22, positive
0.4355, 0.4583, 0.5576, 0.5504, 0.5, 0.0, 0.4459, 0.2055, positive
0.54, 0.5938, 0.5659, 0.1721, 0.5, 0.0, 0.4523, 0.22, positive
0.57, 0.505, 0.5174, 0.175, 0.5, 0.0, 0.5474, 0.2425, positive
0.4455, 0.3955, 0.6163, 0.1073, 0.5, 0.0, 0.4873, 0.249, positive
0.5062, 0.4241, 0.5638, 0.4962, 0.5, 0.0, 0.4821, 0.2928, positive
0.4051, 0.45, 0.53, 0.1663, 0.5, 0.0, 0.5076, 0.2463, positive
0.3624, 0.2594, 0.4851, 0.1649, 0.5, 0.0, 0.4954, 0.2273, positive
0.43, 0.5086, 0.5395, 0.1514, 0.5, 0.0, 0.4505, 0.2581, positive
0.4981, 0.3773, 0.4873, 0.1446, 0.5, 0.0, 0.5354, 0.2419, positive
0.5298, 0.5098, 0.5393, 0.2098, 0.5, 0.0, 0.4513, 0.22, positive
0.34, 0.39, 0.5449, 0.1, 0.5, 0.0, 0.475, 0.2501, positive
0.4557, 0.4405, 0.4862, 0.3062, 0.5, 0.0, 0.4552, 0.2743, positive
0.4535, 0.3883, 0.6283, 0.1117, 0.5, 0.0, 0.4765, 0.2634, positive
0.5546, 0.4869, 0.5885, 0.2662, 0.5, 0.0, 0.5262, 0.22, positive
0.3337, 0.39, 0.5292, 0.0937, 0.5, 0.0, 0.4718, 0.269, positive
0.2378, 0.409, 0.4694, 0.1578, 0.5, 0.0, 0.511, 0.3765, positive
0.55, 0.7776, 0.4544, 0.2527, 0.5, 0.0, 0.5135, 0.22, positive
0.3529, 0.5458, 0.5121, 0.4175, 0.5, 0.0, 0.5079, 0.22, positive
0.4582, 0.4526, 0.4836, 0.2092, 0.5, 0.0, 0.52, 0.9959, positive
0.51, 0.34, 0.4948, 0.1744, 0.5, 0.0, 0.5156, 0.2148, positive
0.5326, 0.4732, 0.5858, 0.2268, 0.5, 0.0, 0.4784, 0.22, positive
0.4828, 0.422, 0.5472, 0.1928, 0.5, 0.0, 0.2499, 0.2308, positive
0.5408, 0.5028, 0.5208, 0.1244, 0.5, 0.0, 0.4936, 0.3884, positive
0.4642, 0.5461, 0.5427, 0.17, 0.5, 0.0, 0.5239, 0.6775, positive
0.489, 0.4958, 0.5168, 0.2793, 0.5, 0.0, 0.5064, 0.7081, positive
0.4523, 0.583, 0.5485, 0.2577, 0.5, 0.0, 0.453, 0.22, positive
0.58, 0.4702, 0.5404, 0.1102, 0.5, 0.0, 0.509, 0.2598, positive
0.4539, 0.4874, 0.5186, 0.4065, 0.5, 0.0, 0.5343, 0.3722, positive
0.5473, 0.5527, 0.5773, 0.1655, 0.5, 0.0, 0.4754, 0.2573, positive
0.5511, 0.5089, 0.5511, 0.2333, 0.5, 0.0, 0.5389, 0.2611, positive
0.4764, 0.4636, 0.5773, 0.2582, 0.5, 0.0, 0.4436, 0.22, positive
0.4754, 0.4555, 0.4927, 0.1473, 0.5, 0.0, 0.5445, 0.4136, positive
0.5055, 0.34, 0.5172, 0.1826, 0.5, 0.0, 0.5119, 0.2145, positive
0.3635, 0.58, 0.5039, 0.1825, 0.5, 0.0, 0.5145, 0.22, positive
0.5309, 0.53, 0.5255, 0.1673, 0.5, 0.0, 0.49, 0.3664, positive
0.6221, 0.494, 0.5389, 0.1, 0.5, 0.0, 0.4951, 0.2289, positive
0.5938, 0.4519, 0.4991, 0.1648, 0.5, 0.0, 0.4957, 0.22, positive
0.327, 0.4012, 0.447, 0.193, 0.5, 0.0, 0.543, 0.3579, positive
0.5441, 0.5583, 0.5519, 0.1841, 0.5, 0.0, 0.4356, 0.2839, positive
0.5692, 0.4638, 0.5762, 0.1216, 0.5, 0.0, 0.487, 0.2554, positive
0.5653, 0.5116, 0.5737, 0.2168, 0.5, 0.0, 0.5163, 0.2247, positive
0.4361, 0.4592, 0.5577, 0.5508, 0.5, 0.0, 0.4469, 0.2061, positive
0.5233, 0.4913, 0.5893, 0.2107, 0.5, 0.0, 0.4726, 0.22, positive
0.4991, 0.5209, 0.5886, 0.2995, 0.5, 0.0, 0.51, 0.3537, positive
0.3317, 0.3938, 0.4524, 0.3638, 0.5, 0.0, 0.5176, 0.2314, positive
0.2369, 0.2452, 0.5126, 0.1931, 0.5, 0.0, 0.4331, 0.2582, positive
0.1867, 0.3842, 0.4646, 0.1025, 0.5, 0.0, 0.5442, 0.2721, positive
0.3642, 0.4152, 0.5358, 0.1516, 0.5, 0.0, 0.4958, 0.2548, positive
0.6753, 0.5098, 0.5968, 0.2534, 0.5, 0.0, 0.5134, 0.22, positive
0.3546, 0.4478, 0.5831, 0.2707, 0.5, 0.0, 0.4839, 0.1922, positive
0.5662, 0.514, 0.4168, 0.3532, 0.5, 0.0, 0.5584, 0.5286, positive
0.5066, 0.5751, 0.4242, 0.18, 0.5, 0.0, 0.5592, 0.2925, positive
0.534, 0.42, 0.59, 0.124, 0.5, 0.0, 0.526, 0.296, positive
0.427, 0.3381, 0.5479, 0.276, 0.5, 0.0, 0.4549, 0.2549, positive
0.5044, 0.3208, 0.4792, 0.3356, 0.5, 0.0, 0.5136, 0.2882, positive
0.5291, 0.4709, 0.5521, 0.2709, 0.5, 0.0, 0.5248, 0.22, positive
0.57, 0.4982, 0.5977, 0.2435, 0.5, 0.0, 0.5159, 0.22, positive
0.2949, 0.6075, 0.6437, 0.175, 0.5, 0.0, 0.4273, 0.2238, positive
0.4112, 0.4503, 0.5306, 0.493, 0.5, 0.0, 0.5258, 0.38, positive
0.4008, 0.4003, 0.4419, 0.3692, 0.5, 0.0, 0.5289, 0.2508, positive
0.478, 0.4101, 0.484, 0.156, 0.5, 0.0, 0.4879, 0.262, positive
0.521, 0.5534, 0.4278, 0.18, 0.5, 0.0, 0.5412, 0.3033, positive
0.2853, 0.526, 0.5678, 0.1225, 0.5, 0.0, 0.46, 0.22, positive
0.5169, 0.6035, 0.5135, 0.2427, 0.5, 0.0, 0.5435, 0.2476, positive
0.3861, 0.7257, 0.447, 0.1339, 0.5, 0.0, 0.5039, 0.2409, positive
0.4403, 0.621, 0.5294, 0.2668, 0.5, 0.0, 0.49, 0.22, positive
0.3035, 0.4226, 0.4729, 0.1781, 0.5, 0.0, 0.5281, 0.3355, positive
0.4621, 0.4886, 0.5347, 0.1553, 0.5, 0.0, 0.466, 0.2653, positive
0.5122, 0.4756, 0.5364, 0.5485, 0.5, 0.0, 0.5042, 0.3551, positive
0.5637, 0.5089, 0.5311, 0.1726, 0.5, 0.0, 0.5642, 0.2468, positive
0.4713, 0.55, 0.5713, 0.1713, 0.5, 0.0, 0.502, 0.6639, positive
0.4099, 0.3297, 0.5601, 0.1333, 0.5, 0.0, 0.4633, 0.22, positive
0.4339, 0.4671, 0.5375, 0.5311, 0.5, 0.0, 0.4764, 0.2361, positive
0.5291, 0.5082, 0.5446, 0.21, 0.5, 0.0, 0.4518, 0.22, positive
0.4611, 0.3581, 0.4996, 0.3452, 0.5, 0.0, 0.5004, 0.2852, positive
0.5275, 0.46, 0.4262, 0.4631, 0.5, 0.0, 0.5344, 0.2668, positive
0.4207, 0.436, 0.5551, 0.5405, 0.5, 0.0, 0.4212, 0.1907, positive
0.2826, 0.3226, 0.5531, 0.1269, 0.5, 0.0, 0.4969, 0.22, positive
0.4062, 0.53, 0.4213, 0.1613, 0.5, 0.0, 0.54, 0.2726, positive
0.36, 0.4798, 0.6098, 0.26, 0.5, 0.0, 0.5, 0.1602, positive
0.54, 0.53, 0.5234, 0.166, 0.5, 0.0, 0.5074, 0.3821, positive
0.3017, 0.3, 0.4693, 0.3251, 0.5, 0.0, 0.4542, 0.2225, positive
0.5321, 0.4739, 0.586, 0.2261, 0.5, 0.0, 0.4781, 0.22, positive
0.3399, 0.35, 0.6093, 0.19, 0.5, 0.0, 0.5197, 0.2496, positive
0.4861, 0.4868, 0.5246, 0.1039, 0.5, 0.0, 0.4939, 0.25, positive
0.5846, 0.4723, 0.5392, 0.1092, 0.5, 0.0, 0.51, 0.257, positive
0.5529, 0.61, 0.52, 0.1947, 0.5, 0.0, 0.5271, 0.3153, positive
0.3164, 0.3924, 0.4552, 0.3624, 0.5, 0.0, 0.5148, 0.2272, positive
0.5494, 0.5294, 0.5634, 0.1719, 0.5, 0.0, 0.5359, 0.2594, positive
0.4984, 0.4856, 0.5172, 0.2, 0.5, 0.0, 0.5388, 0.22, positive
0.47, 0.4325, 0.4812, 0.1619, 0.5, 0.0, 0.4631, 0.2694, positive
0.577, 0.3818, 0.5815, 0.157, 0.5, 0.0, 0.51, 0.2259, positive
0.4854, 0.3573, 0.6453, 0.3607, 0.5, 0.0, 0.3873, 0.3247, positive
0.5988, 0.4863, 0.5506, 0.1137, 0.5, 0.0, 0.4756, 0.2406, positive
0.43, 0.3707, 0.5178, 0.2447, 0.5, 0.0, 0.4616, 0.3207, positive
0.5275, 0.4725, 0.55, 0.2725, 0.5, 0.0, 0.5275, 0.22, positive
0.3521, 0.42, 0.5597, 0.2809, 0.5, 0.0, 0.4688, 0.22, positive
0.348, 0.4866, 0.466, 0.1887, 0.5, 0.0, 0.5053, 0.3013, positive
0.4323, 0.4658, 0.5352, 0.5281, 0.5, 0.0, 0.4771, 0.2377, positive
0.5762, 0.6001, 0.544, 0.1378, 0.5, 0.0, 0.506, 0.22, positive
0.3773, 0.581, 0.5042, 0.2158, 0.5, 0.0, 0.4721, 0.22, positive
0.3842, 0.3158, 0.5621, 0.1247, 0.5, 0.0, 0.4337, 0.2174, positive
0.4236, 0.3791, 0.5864, 0.2036, 0.5, 0.0, 0.5164, 0.2827, positive
0.4356, 0.4213, 0.4818, 0.3062, 0.5, 0.0, 0.4674, 0.2856, positive
0.6304, 0.4968, 0.5348, 0.1032, 0.5, 0.0, 0.502, 0.2248, positive
0.328, 0.5964, 0.4845, 0.1327, 0.5, 0.0, 0.5318, 0.2236, positive
0.4235, 0.3475, 0.5139, 0.1546, 0.5, 0.0, 0.5086, 0.4561, positive
0.5583, 0.4877, 0.5937, 0.2647, 0.5, 0.0, 0.5247, 0.22, positive
0.3312, 0.6526, 0.4906, 0.2703, 0.5, 0.0, 0.47, 0.3906, positive
0.419, 0.4947, 0.5395, 0.2347, 0.5, 0.0, 0.459, 0.241, positive
0.2126, 0.3871, 0.4678, 0.1149, 0.5, 0.0, 0.5293, 0.2949, positive
0.4008, 0.46, 0.5465, 0.4616, 0.5, 0.0, 0.5324, 0.366, positive
0.5344, 0.3896, 0.62, 0.168, 0.5, 0.0, 0.3908, 0.28, positive
0.2925, 0.5474, 0.5916, 0.1391, 0.5, 0.0, 0.46, 0.22, positive
0.4795, 0.4316, 0.5753, 0.2242, 0.5, 0.0, 0.4621, 0.3984, positive
0.3423, 0.3679, 0.571, 0.1644, 0.5, 0.0, 0.5088, 0.2977, positive
0.55, 0.4293, 0.5965, 0.2376, 0.5, 0.0, 0.4404, 0.2448, positive
0.54, 0.5656, 0.5587, 0.18, 0.5, 0.0, 0.4782, 0.2331, positive
0.4776, 0.4738, 0.5038, 0.1976, 0.5, 0.0, 0.5176, 0.2448, positive
0.4366, 0.4933, 0.5433, 0.2198, 0.5, 0.0, 0.4733, 0.22, positive
0.572, 0.483, 0.556, 0.099, 0.5, 0.0, 0.462, 0.25, positive
0.51, 0.4447, 0.5722, 0.2318, 0.5, 0.0, 0.5039, 0.2996, positive
0.5551, 0.5473, 0.5802, 0.1498, 0.5, 0.0, 0.5151, 0.2578, positive
0.8004, 0.5251, 0.5302, 0.2199, 0.5, 0.0, 0.5049, 0.2349, positive
0.5201, 0.4798, 0.5565, 0.3469, 0.5, 0.0, 0.51, 0.3165, positive
0.4507, 0.4646, 0.5447, 0.426, 0.5, 0.0, 0.5473, 0.3787, positive
0.5997, 0.6194, 0.5404, 0.1102, 0.5, 0.0, 0.5101, 0.2204, positive
0.5335, 0.3642, 0.6155, 0.12, 0.5, 0.0, 0.4235, 0.2913, positive
0.5483, 0.5917, 0.52, 0.2246, 0.5, 0.0, 0.5573, 0.3183, positive
0.4749, 0.55, 0.5749, 0.1749, 0.5, 0.0, 0.4517, 0.6746, positive
0.6955, 0.5025, 0.4864, 0.249, 0.5, 0.0, 0.536, 0.253, positive
0.7159, 0.5191, 0.5891, 0.2474, 0.5, 0.0, 0.51, 0.22, positive
0.42, 0.3122, 0.5019, 0.2139, 0.5, 0.0, 0.5139, 0.2297, positive
0.4417, 0.5311, 0.4378, 0.17, 0.5, 0.0, 0.5389, 0.745, positive
0.4421, 0.6658, 0.499, 0.1621, 0.5, 0.0, 0.49, 0.22, positive
0.4321, 0.4121, 0.51, 0.3395, 0.5, 0.0, 0.4885, 0.279, positive
0.6891, 0.6178, 0.4907, 0.0018, 0.9909, 0.0, 0.4707, 0.22, positive
0.5576, 0.4648, 0.4552, 0.6018, 0.5, 0.0, 0.5248, 0.63, positive
0.3201, 0.34, 0.61, 0.1701, 0.5, 0.0, 0.52, 0.3198, positive
0.5717, 0.4831, 0.5559, 0.099, 0.5, 0.0, 0.4621, 0.25, positive
0.5854, 0.6227, 0.537, 0.1942, 0.5, 0.0, 0.503, 0.3242, positive
0.4025, 0.4892, 0.53, 0.2259, 0.5, 0.0, 0.4417, 0.2567, positive
0.5202, 0.4898, 0.5899, 0.2102, 0.5, 0.0, 0.4701, 0.22, positive
0.5207, 0.3805, 0.62, 0.1225, 0.5, 0.0, 0.409, 0.28, positive
0.4298, 0.3945, 0.5802, 0.2098, 0.5, 0.0, 0.5102, 0.2704, positive
0.5472, 0.5928, 0.5411, 0.1555, 0.5, 0.0, 0.4761, 0.22, positive
0.4754, 0.3925, 0.4982, 0.15, 0.5, 0.0, 0.5007, 0.4628, positive
0.379, 0.5572, 0.5441, 0.16, 0.5, 0.0, 0.5669, 0.2656, positive
0.4421, 0.47, 0.5214, 0.1668, 0.5, 0.0, 0.5193, 0.3486, positive
0.4414, 0.4552, 0.53, 0.1438, 0.5, 0.0, 0.51, 0.25, positive
0.6303, 0.4952, 0.5316, 0.1016, 0.5, 0.0, 0.51, 0.2265, positive
0.4659, 0.3987, 0.4682, 0.2554, 0.5, 0.0, 0.52, 0.9921, positive
0.4397, 0.4519, 0.5303, 0.1887, 0.5, 0.0, 0.4113, 0.2794, positive
0.4773, 0.4013, 0.5916, 0.1058, 0.5, 0.0, 0.4598, 0.2373, positive
0.458, 0.426, 0.508, 0.7282, 0.5, 0.0, 0.498, 0.632, positive
0.4794, 0.4953, 0.5074, 0.2557, 0.5, 0.0, 0.52, 0.7865, positive
0.47, 0.4512, 0.4906, 0.1759, 0.5, 0.0, 0.4865, 0.2647, positive
0.5951, 0.4607, 0.5283, 0.15, 0.5, 0.0, 0.4941, 0.3559, positive
0.3723, 0.347, 0.5754, 0.233, 0.5, 0.0, 0.4516, 0.1893, positive
0.4974, 0.4439, 0.4909, 0.15, 0.5, 0.0, 0.5448, 0.4335, positive
0.4899, 0.4453, 0.5801, 0.4495, 0.5, 0.0, 0.5205, 0.27, positive
0.5646, 0.3659, 0.4341, 0.2754, 0.5, 0.0, 0.5286, 0.2807, positive
0.4311, 0.4332, 0.4964, 0.7163, 0.5, 0.0, 0.4932, 0.5498, positive
0.3978, 0.5503, 0.4303, 0.1744, 0.5, 0.0, 0.5319, 0.2378, positive
0.4911, 0.5722, 0.5505, 0.1985, 0.5, 0.0, 0.4317, 0.6605, positive
0.4536, 0.5391, 0.4936, 0.17, 0.5, 0.0, 0.5309, 0.7091, positive
0.491, 0.5, 0.4755, 0.3174, 0.5, 0.0, 0.4929, 0.27, positive
0.4235, 0.4284, 0.6026, 0.0935, 0.5, 0.0, 0.501, 0.271, positive
0.354, 0.4021, 0.5619, 0.1161, 0.5, 0.0, 0.482, 0.22, positive
0.4268, 0.3868, 0.5132, 0.2832, 0.5, 0.0, 0.4063, 0.22, positive
0.5118, 0.6009, 0.5109, 0.2556, 0.5, 0.0, 0.5409, 0.227, positive
0.4672, 0.3894, 0.4656, 0.2633, 0.5, 0.0, 0.52, 0.9914, positive
0.5201, 0.3801, 0.62, 0.1203, 0.5, 0.0, 0.4099, 0.28, positive
0.557, 0.5912, 0.5323, 0.157, 0.5, 0.0, 0.4912, 0.2235, positive
0.3553, 0.4516, 0.5863, 0.2695, 0.5, 0.0, 0.4858, 0.1884, positive
0.4924, 0.49, 0.5821, 0.2258, 0.5, 0.0, 0.4739, 0.22, positive
0.5021, 0.34, 0.5377, 0.1997, 0.5, 0.0, 0.4982, 0.2179, positive
0.5957, 0.6115, 0.5453, 0.1132, 0.5, 0.0, 0.5111, 0.2253, positive
0.666, 0.5355, 0.487, 0.1719, 0.5, 0.0, 0.5385, 0.3436, positive
0.5875, 0.5071, 0.4649, 0.2752, 0.5, 0.0, 0.5275, 0.3252, positive
0.2986, 0.3263, 0.5745, 0.1545, 0.5, 0.0, 0.5082, 0.2323, positive
0.41, 0.4507, 0.534, 0.1713, 0.5, 0.0, 0.5147, 0.2513, positive
0.4897, 0.4907, 0.5205, 0.1797, 0.5, 0.0, 0.5101, 0.2501, positive
0.4562, 0.4923, 0.5538, 0.5682, 0.5, 0.0, 0.4823, 0.2385, positive
0.1707, 0.3721, 0.6245, 0.13, 0.5, 0.0, 0.469, 0.2635, positive
0.4593, 0.5249, 0.4759, 0.3744, 0.5, 0.0, 0.5129, 0.3615, positive
0.4456, 0.5844, 0.5484, 0.1716, 0.5, 0.0, 0.4984, 0.2311, positive
0.5624, 0.6095, 0.5214, 0.191, 0.5, 0.0, 0.519, 0.3166, positive
0.5556, 0.5203, 0.5966, 0.1378, 0.5, 0.0, 0.52, 0.2678, positive
0.4883, 0.5003, 0.522, 0.2711, 0.5, 0.0, 0.4959, 0.7066, positive
0.4625, 0.3975, 0.63, 0.17, 0.5, 0.0, 0.5125, 0.305, positive
0.3879, 0.558, 0.54, 0.16, 0.5, 0.0, 0.562, 0.264, positive
0.487, 0.4652, 0.5817, 0.2513, 0.5, 0.0, 0.4452, 0.22, positive
0.4663, 0.3961, 0.4675, 0.2576, 0.5, 0.0, 0.52, 0.9919, positive
0.5182, 0.4482, 0.54, 0.3747, 0.5, 0.0, 0.51, 0.2811, positive
0.462, 0.45, 0.53, 0.1973, 0.5, 0.0, 0.3624, 0.258, positive
0.4983, 0.5963, 0.5253, 0.3537, 0.5, 0.0, 0.5309, 0.4701, positive
0.5332, 0.5368, 0.4458, 0.1126, 0.5, 0.0, 0.5447, 0.3232, positive
0.3876, 0.5065, 0.5012, 0.23, 0.5, 0.0, 0.4524, 0.2435, positive
0.5459, 0.51, 0.5463, 0.1941, 0.5, 0.0, 0.4151, 0.22, positive
0.2138, 0.391, 0.4884, 0.1229, 0.5, 0.0, 0.551, 0.2755, positive
0.3743, 0.3757, 0.5543, 0.1957, 0.5, 0.0, 0.4929, 0.2372, positive
0.562, 0.364, 0.436, 0.278, 0.5, 0.0, 0.528, 0.281, positive
0.4474, 0.47, 0.525, 0.1712, 0.5, 0.0, 0.5175, 0.345, positive
0.3416, 0.367, 0.5722, 0.1646, 0.5, 0.0, 0.5092, 0.2984, positive
0.4268, 0.4332, 0.5525, 0.1981, 0.5, 0.0, 0.5044, 0.25, positive
0.2704, 0.3169, 0.4389, 0.3031, 0.5, 0.0, 0.4711, 0.2411, positive
0.2584, 0.3036, 0.5658, 0.2058, 0.5, 0.0, 0.4942, 0.2771, positive
0.4943, 0.3939, 0.5874, 0.2265, 0.5, 0.0, 0.5139, 0.3261, positive
0.4072, 0.6013, 0.516, 0.2466, 0.5, 0.0, 0.4806, 0.22, positive
0.44, 0.646, 0.4933, 0.1613, 0.5, 0.0, 0.4807, 0.304, positive
0.3215, 0.3077, 0.5308, 0.1823, 0.5, 0.0, 0.5269, 0.2923, positive
0.5, 0.4391, 0.4954, 0.1609, 0.5, 0.0, 0.5011, 0.4517, positive
0.4786, 0.4786, 0.5086, 0.1857, 0.5, 0.0, 0.51, 0.2557, positive
0.6901, 0.5466, 0.5767, 0.2367, 0.5, 0.0, 0.5067, 0.23, positive
0.42, 0.2908, 0.5073, 0.2246, 0.5, 0.0, 0.5246, 0.2565, positive
0.5023, 0.5816, 0.4231, 0.1555, 0.5, 0.0, 0.5769, 0.2923, positive
0.3333, 0.39, 0.5283, 0.0933, 0.5, 0.0, 0.4717, 0.27, positive
0.4179, 0.39, 0.5376, 0.1339, 0.5, 0.0, 0.47, 0.2273, positive
0.445, 0.495, 0.5601, 0.245, 0.5, 0.0, 0.48, 0.22, positive
0.47, 0.4374, 0.5171, 0.1748, 0.5, 0.0, 0.4674, 0.2848, positive
0.3487, 0.5885, 0.4915, 0.1816, 0.5, 0.0, 0.4956, 0.22, positive
0.2798, 0.5103, 0.5501, 0.1101, 0.5, 0.0, 0.4594, 0.2201, positive
0.3998, 0.4375, 0.5351, 0.5267, 0.5, 0.0, 0.475, 0.5397, positive
0.5993, 0.4953, 0.58, 0.2434, 0.5, 0.0, 0.5276, 0.2347, positive
0.4145, 0.4355, 0.5422, 0.2178, 0.5, 0.0, 0.5656, 0.33, positive
0.3, 0.68, 0.4686, 0.2457, 0.5, 0.0, 0.4786, 0.3571, positive
0.4161, 0.4577, 0.4877, 0.138, 0.5, 0.0, 0.5218, 0.3802, positive
0.4857, 0.4886, 0.5943, 0.2571, 0.5, 0.0, 0.4343, 0.22, positive
0.5402, 0.4901, 0.5501, 0.2699, 0.5, 0.0, 0.5349, 0.2453, positive
0.59, 0.5202, 0.4651, 0.2502, 0.5, 0.0, 0.5104, 0.31, positive
0.5238, 0.4, 0.5762, 0.1272, 0.5, 0.0, 0.529, 0.32, positive
0.54, 0.53, 0.5068, 0.1561, 0.5, 0.0, 0.5007, 0.3622, positive
0.49, 0.4862, 0.5162, 0.1914, 0.5, 0.0, 0.5176, 0.2386, positive
0.3371, 0.3154, 0.5546, 0.2974, 0.5, 0.0, 0.4929, 0.3843, positive
0.4402, 0.4781, 0.5658, 0.184, 0.5, 0.0, 0.5679, 0.2398, positive
0.5299, 0.4651, 0.58, 0.2349, 0.5, 0.0, 0.495, 0.2501, positive
0.53, 0.5238, 0.4732, 0.1054, 0.5, 0.0, 0.5268, 0.3686, positive
0.4349, 0.4043, 0.4857, 0.2595, 0.5, 0.0, 0.4551, 0.3105, positive
0.4777, 0.4841, 0.5323, 0.1918, 0.5, 0.0, 0.5541, 0.22, positive
0.5332, 0.5382, 0.5332, 0.2137, 0.5, 0.0, 0.5477, 0.2432, positive
0.4802, 0.4694, 0.5898, 0.411, 0.5, 0.0, 0.559, 0.27, positive
0.5261, 0.37, 0.586, 0.166, 0.5, 0.0, 0.51, 0.22, positive
0.6391, 0.62, 0.5183, 0.0622, 0.7172, 0.0, 0.4926, 0.22, positive
0.47, 0.4615, 0.5085, 0.1872, 0.5, 0.0, 0.4986, 0.2685, positive
0.558, 0.466, 0.592, 0.254, 0.5, 0.0, 0.502, 0.22, positive
0.3613, 0.5835, 0.4965, 0.2044, 0.5, 0.0, 0.4804, 0.22, positive
0.4692, 0.3757, 0.4616, 0.2751, 0.5, 0.0, 0.52, 0.9904, positive
0.4869, 0.4134, 0.5503, 0.4243, 0.5, 0.0, 0.4997, 0.2371, positive
0.5323, 0.5895, 0.5245, 0.2077, 0.5, 0.0, 0.55, 0.2886, positive
0.57, 0.4985, 0.5012, 0.1685, 0.5, 0.0, 0.5312, 0.2327, positive
0.3588, 0.39, 0.5258, 0.1044, 0.5, 0.0, 0.47, 0.2627, positive
0.2915, 0.3646, 0.4838, 0.2677, 0.5, 0.0, 0.5123, 0.27, positive
0.5226, 0.4865, 0.5891, 0.2135, 0.5, 0.0, 0.4718, 0.22, positive
0.4056, 0.4844, 0.53, 0.2244, 0.5, 0.0, 0.4358, 0.2628, positive
0.624, 0.577, 0.565, 0.106, 0.5, 0.0, 0.517, 0.336, positive
0.4026, 0.5146, 0.4554, 0.1698, 0.5, 0.0, 0.5374, 0.3254, positive
0.4281, 0.4545, 0.539, 0.4656, 0.5, 0.0, 0.5363, 0.38, positive
0.44, 0.6144, 0.5196, 0.1719, 0.5, 0.0, 0.4859, 0.2566, positive
0.3441, 0.352, 0.6049, 0.192, 0.5, 0.0, 0.5169, 0.2469, positive
0.6208, 0.6351, 0.5608, 0.1919, 0.5, 0.0, 0.4832, 0.33, positive
0.3726, 0.3858, 0.5505, 0.1684, 0.5, 0.0, 0.5042, 0.2821, positive
0.5677, 0.4195, 0.63, 0.2193, 0.5, 0.0, 0.6763, 0.32, positive
0.4735, 0.5565, 0.5344, 0.193, 0.5, 0.0, 0.4712, 0.6249, positive
0.3783, 0.6731, 0.4669, 0.16, 0.5, 0.0, 0.5186, 0.2869, positive
0.55, 0.4187, 0.605, 0.2312, 0.5, 0.0, 0.4149, 0.2575, positive
0.4069, 0.4386, 0.4955, 0.4714, 0.5, 0.0, 0.4893, 0.27, positive
0.47, 0.5592, 0.5146, 0.1977, 0.5, 0.0, 0.52, 0.5954, positive
0.4758, 0.4927, 0.469, 0.289, 0.5, 0.0, 0.459, 0.2721, positive
0.2888, 0.2897, 0.5604, 0.1852, 0.5, 0.0, 0.488, 0.5436, positive
0.5027, 0.4964, 0.4854, 0.3427, 0.5, 0.0, 0.5191, 0.2727, positive
0.4449, 0.5263, 0.5139, 0.3602, 0.5, 0.0, 0.4951, 0.2261, positive
0.4229, 0.8111, 0.5241, 0.1811, 0.5, 0.0, 0.4747, 0.3575, positive
0.5483, 0.5867, 0.5333, 0.155, 0.5, 0.0, 0.4917, 0.22, positive
0.5207, 0.4619, 0.5493, 0.3775, 0.5, 0.0, 0.5193, 0.2944, positive
0.4602, 0.4584, 0.53, 0.1281, 0.5, 0.0, 0.51, 0.25, positive
0.4766, 0.45, 0.53, 0.1734, 0.5, 0.0, 0.4733, 0.2834, positive
0.4125, 0.3093, 0.5638, 0.1393, 0.5, 0.0, 0.4693, 0.22, positive
0.4145, 0.4568, 0.53, 0.1723, 0.5, 0.0, 0.4986, 0.2432, positive
0.4826, 0.6078, 0.5178, 0.2639, 0.5, 0.0, 0.5204, 0.22, positive
0.4814, 0.479, 0.5262, 0.1086, 0.5, 0.0, 0.4986, 0.25, positive
0.5349, 0.5149, 0.5323, 0.2, 0.5, 0.0, 0.5398, 0.2423, positive
0.49, 0.4821, 0.52, 0.1959, 0.5, 0.0, 0.5418, 0.2262, positive
0.42, 0.4115, 0.5436, 0.3058, 0.5, 0.0, 0.4279, 0.22, positive
0.3179, 0.3259, 0.5479, 0.184, 0.5, 0.0, 0.5121, 0.2623, positive
0.6586, 0.4634, 0.5834, 0.2954, 0.5, 0.0, 0.5643, 0.2643, positive
0.5441, 0.5959, 0.5534, 0.1617, 0.5, 0.0, 0.4607, 0.22, positive
0.4268, 0.4241, 0.5445, 0.3127, 0.5, 0.0, 0.4341, 0.2255, positive
0.3892, 0.2969, 0.5631, 0.1185, 0.5, 0.0, 0.5261, 0.3846, positive
0.3933, 0.2907, 0.51, 0.1873, 0.5, 0.0, 0.5567, 0.2647, positive
0.47, 0.5548, 0.5411, 0.1844, 0.5, 0.0, 0.52, 0.6263, positive
0.4002, 0.6065, 0.5251, 0.2876, 0.5, 0.0, 0.47, 0.4251, positive
0.5011, 0.4359, 0.5194, 0.6315, 0.5, 0.0, 0.49, 0.4832, positive
0.551, 0.7851, 0.449, 0.2516, 0.5, 0.0, 0.511, 0.22, positive
0.3791, 0.58, 0.4635, 0.2109, 0.5, 0.0, 0.5156, 0.22, positive
0.585, 0.5401, 0.3949, 0.4223, 0.5, 0.0, 0.54, 0.5849, positive
0.5862, 0.6527, 0.56, 0.1789, 0.5, 0.0, 0.518, 0.33, positive
0.57, 0.51, 0.5383, 0.1866, 0.5, 0.0, 0.5517, 0.245, positive
0.4417, 0.3893, 0.6286, 0.112, 0.5, 0.0, 0.4907, 0.2586, positive
0.4762, 0.4693, 0.5269, 0.1387, 0.5, 0.0, 0.51, 0.25, positive
0.3859, 0.5578, 0.541, 0.16, 0.5, 0.0, 0.5632, 0.2644, positive
0.3772, 0.5661, 0.46, 0.2156, 0.5, 0.0, 0.5061, 0.22, positive
0.5756, 0.4734, 0.5666, 0.1244, 0.5, 0.0, 0.471, 0.2522, positive
0.6772, 0.6115, 0.507, 0.0213, 0.8937, 0.0, 0.4806, 0.2434, positive
0.3642, 0.3245, 0.6388, 0.3361, 0.5, 0.0, 0.5, 0.2952, positive
0.4517, 0.4802, 0.5602, 0.5602, 0.5, 0.0, 0.471, 0.22, positive
0.42, 0.2984, 0.5054, 0.2208, 0.5, 0.0, 0.5208, 0.2471, positive
0.6777, 0.5356, 0.459, 0.1866, 0.5, 0.0, 0.5267, 0.3246, positive
0.3902, 0.4553, 0.4928, 0.4644, 0.5, 0.0, 0.4928, 0.263, positive
0.5507, 0.5086, 0.5121, 0.1454, 0.5, 0.0, 0.4954, 0.3407, positive
0.42, 0.3874, 0.5255, 0.2937, 0.5, 0.0, 0.4218, 0.22, positive
0.472, 0.521, 0.473, 0.361, 0.5, 0.0, 0.513, 0.333, positive
0.3814, 0.5145, 0.4493, 0.1831, 0.5, 0.0, 0.5276, 0.3069, positive
0.3458, 0.5722, 0.6341, 0.1919, 0.5, 0.0, 0.4679, 0.2637, positive
0.5243, 0.4985, 0.5687, 0.21, 0.5, 0.0, 0.4615, 0.22, positive
0.336, 0.39, 0.524, 0.104, 0.5, 0.0, 0.476, 0.28, positive
0.4741, 0.44, 0.5295, 0.534, 0.5, 0.0, 0.4935, 0.38, positive
0.4494, 0.5919, 0.544, 0.2606, 0.5, 0.0, 0.4619, 0.22, positive
0.4712, 0.505, 0.48, 0.245, 0.5, 0.0, 0.5275, 0.725, positive
0.4338, 0.4051, 0.4911, 0.28, 0.5, 0.0, 0.4189, 0.2464, positive
0.4149, 0.4451, 0.5365, 0.1782, 0.5, 0.0, 0.5084, 0.25, positive
0.54, 0.5765, 0.57, 0.1759, 0.5, 0.0, 0.4459, 0.2376, positive
0.3876, 0.5153, 0.4806, 0.2153, 0.5, 0.0, 0.4671, 0.22, positive
0.3628, 0.5857, 0.4657, 0.1871, 0.5, 0.0, 0.5229, 0.22, positive
0.4394, 0.4847, 0.5489, 0.2131, 0.5, 0.0, 0.4694, 0.22, positive
0.5507, 0.5093, 0.5507, 0.2321, 0.5, 0.0, 0.5393, 0.2607, positive
0.4256, 0.4237, 0.6059, 0.0956, 0.5, 0.0, 0.4996, 0.2696, positive
0.5252, 0.4851, 0.3697, 0.4751, 0.5, 0.0, 0.5148, 0.22, positive
0.25, 0.3923, 0.5047, 0.2112, 0.5, 0.0, 0.5141, 0.28, positive
0.5441, 0.4531, 0.6138, 0.129, 0.5, 0.0, 0.5138, 0.259, positive
0.4866, 0.6067, 0.5167, 0.2633, 0.5, 0.0, 0.5233, 0.22, positive
0.4992, 0.3423, 0.553, 0.207, 0.5, 0.0, 0.4915, 0.22, positive
0.4475, 0.4727, 0.57, 0.2426, 0.5, 0.0, 0.4849, 0.2274, positive
0.4509, 0.4891, 0.5582, 0.2454, 0.5, 0.0, 0.4691, 0.22, positive
0.361, 0.2482, 0.4879, 0.1621, 0.5, 0.0, 0.5038, 0.2231, positive
0.5595, 0.4689, 0.5942, 0.2547, 0.5, 0.0, 0.5042, 0.22, positive
0.46, 0.444, 0.518, 0.326, 0.5, 0.0, 0.454, 0.252, positive
0.4704, 0.4308, 0.4811, 0.16, 0.5, 0.0, 0.4604, 0.27, positive
0.4036, 0.45, 0.53, 0.1652, 0.5, 0.0, 0.5068, 0.2452, positive
0.4607, 0.3667, 0.4973, 0.138, 0.5, 0.0, 0.49, 0.4633, positive
0.5596, 0.6278, 0.4608, 0.2633, 0.5, 0.0, 0.5441, 0.2526, positive
0.5245, 0.5045, 0.5234, 0.2045, 0.5, 0.0, 0.4831, 0.22, positive
0.5549, 0.6122, 0.5327, 0.1949, 0.5, 0.0, 0.3679, 0.2575, positive
0.3459, 0.3522, 0.5263, 0.1237, 0.5, 0.0, 0.3777, 0.2178, positive
0.5948, 0.4355, 0.5452, 0.1299, 0.5, 0.0, 0.4452, 0.2549, positive
0.4781, 0.4781, 0.5081, 0.186, 0.5, 0.0, 0.51, 0.256, positive
0.4002, 0.3364, 0.4934, 0.1632, 0.5, 0.0, 0.5036, 0.22, positive
0.5415, 0.49, 0.5986, 0.2315, 0.5, 0.0, 0.4915, 0.22, positive
0.5211, 0.4923, 0.5844, 0.21, 0.5, 0.0, 0.4677, 0.22, positive
0.46, 0.5133, 0.4867, 0.3199, 0.5, 0.0, 0.5044, 0.3656, positive
0.47, 0.4484, 0.5328, 0.1828, 0.5, 0.0, 0.4812, 0.3012, positive
0.5181, 0.3642, 0.4819, 0.1358, 0.5, 0.0, 0.5461, 0.2181, positive
0.351, 0.5801, 0.54, 0.1602, 0.5, 0.0, 0.5098, 0.22, positive
0.316, 0.3281, 0.5822, 0.174, 0.5, 0.0, 0.52, 0.3081, positive
0.54, 0.5297, 0.5419, 0.1961, 0.5, 0.0, 0.5403, 0.2442, positive
0.4222, 0.2759, 0.4855, 0.2241, 0.5, 0.0, 0.5459, 0.3407, positive
0.6156, 0.6417, 0.56, 0.1972, 0.5, 0.0, 0.485, 0.33, positive
0.4815, 0.3241, 0.4928, 0.3486, 0.5, 0.0, 0.5072, 0.2886, positive
0.35, 0.4159, 0.5478, 0.2759, 0.5, 0.0, 0.47, 0.2484, positive
0.4165, 0.447, 0.5738, 0.1997, 0.5, 0.0, 0.5768, 0.2894, positive
0.3191, 0.3374, 0.6039, 0.1709, 0.5, 0.0, 0.52, 0.3174, positive
0.58, 0.4737, 0.5473, 0.1137, 0.5, 0.0, 0.4917, 0.2563, positive
0.47, 0.5526, 0.5542, 0.1779, 0.5, 0.0, 0.52, 0.6415, positive
0.4339, 0.6652, 0.4824, 0.1539, 0.5, 0.0, 0.4815, 0.2963, positive
0.3525, 0.58, 0.5351, 0.1674, 0.5, 0.0, 0.5051, 0.22, positive
0.5112, 0.3437, 0.4888, 0.1563, 0.5, 0.0, 0.5325, 0.2112, positive
0.5379, 0.49, 0.5971, 0.2279, 0.5, 0.0, 0.4879, 0.22, positive
0.4607, 0.6141, 0.5241, 0.267, 0.5, 0.0, 0.5048, 0.22, positive
0.4337, 0.5891, 0.5364, 0.1836, 0.5, 0.0, 0.4882, 0.22, positive
0.475, 0.4913, 0.4862, 0.2075, 0.5, 0.0, 0.5575, 0.22, positive
0.3666, 0.4166, 0.5965, 0.2666, 0.5, 0.0, 0.4834, 0.22, positive
0.543, 0.6413, 0.5017, 0.2765, 0.5, 0.0, 0.5483, 0.22, positive
0.3927, 0.5482, 0.4473, 0.1909, 0.5, 0.0, 0.5327, 0.2773, positive
0.3627, 0.679, 0.461, 0.16, 0.5, 0.0, 0.5283, 0.281, positive
0.4065, 0.3666, 0.5934, 0.1983, 0.5, 0.0, 0.52, 0.2832, positive
0.338, 0.5189, 0.5835, 0.1704, 0.5, 0.0, 0.5996, 0.2765, positive
0.5677, 0.5364, 0.5245, 0.1577, 0.5, 0.0, 0.4923, 0.381, positive
0.3545, 0.4909, 0.5026, 0.1973, 0.5, 0.0, 0.4927, 0.3036, positive
0.3458, 0.5828, 0.5317, 0.1558, 0.5, 0.0, 0.5128, 0.22, positive
0.5176, 0.5034, 0.5288, 0.0922, 0.5, 0.0, 0.4756, 0.25, positive
0.5208, 0.4877, 0.5908, 0.2103, 0.5, 0.0, 0.4675, 0.2215, positive
0.5412, 0.639, 0.5022, 0.2756, 0.5, 0.0, 0.5478, 0.22, positive
0.5686, 0.4389, 0.4569, 0.32, 0.5, 0.0, 0.52, 0.3769, positive
0.5126, 0.6057, 0.4766, 0.197, 0.5, 0.0, 0.563, 0.2913, positive
0.4607, 0.4901, 0.5499, 0.179, 0.5, 0.0, 0.5606, 0.22, positive
0.3112, 0.3947, 0.5106, 0.123, 0.5, 0.0, 0.4888, 0.3083, positive
0.4155, 0.4591, 0.4891, 0.1382, 0.5, 0.0, 0.5227, 0.3791, positive
0.5455, 0.5152, 0.5091, 0.1894, 0.5, 0.0, 0.4552, 0.22, positive
0.2705, 0.4, 0.5098, 0.1551, 0.5, 0.0, 0.5344, 0.3107, positive
0.4629, 0.3929, 0.5668, 0.1774, 0.5, 0.0, 0.4452, 0.4552, positive
0.524, 0.607, 0.517, 0.2251, 0.5, 0.0, 0.547, 0.2759, positive
0.5281, 0.5081, 0.5221, 0.2, 0.5, 0.0, 0.5261, 0.2321, positive
0.3531, 0.4909, 0.4635, 0.1878, 0.5, 0.0, 0.5087, 0.3022, positive
0.4739, 0.4545, 0.5629, 0.5523, 0.5, 0.0, 0.4603, 0.1987, positive
0.5047, 0.4558, 0.5273, 0.3531, 0.5, 0.0, 0.4889, 0.2831, positive
0.4413, 0.4987, 0.5526, 0.2413, 0.5, 0.0, 0.48, 0.22, positive
0.662, 0.5251, 0.491, 0.159, 0.5, 0.0, 0.534, 0.361, positive
0.4793, 0.4654, 0.5007, 0.3331, 0.5, 0.0, 0.4785, 0.2631, positive
0.559, 0.6063, 0.5605, 0.151, 0.5, 0.0, 0.4622, 0.22, positive
0.5129, 0.4847, 0.5882, 0.2189, 0.5, 0.0, 0.4647, 0.22, positive
0.3641, 0.58, 0.5024, 0.1835, 0.5, 0.0, 0.5147, 0.22, positive
0.4685, 0.4111, 0.4355, 0.2366, 0.5, 0.0, 0.5229, 0.48, positive
0.5099, 0.5701, 0.425, 0.18, 0.5, 0.0, 0.5551, 0.2949, positive
0.4407, 0.622, 0.5287, 0.2633, 0.5, 0.0, 0.49, 0.22, positive
0.5281, 0.5081, 0.5222, 0.2, 0.5, 0.0, 0.5262, 0.2322, positive
0.4898, 0.4501, 0.545, 0.4748, 0.5, 0.0, 0.5202, 0.38, positive
0.4616, 0.5516, 0.4876, 0.1916, 0.5, 0.0, 0.5256, 0.6348, positive
0.4336, 0.4147, 0.5689, 0.2189, 0.5, 0.0, 0.4989, 0.2468, positive
0.49, 0.48, 0.5186, 0.2014, 0.5, 0.0, 0.5472, 0.22, positive
0.58, 0.4774, 0.5547, 0.1174, 0.5, 0.0, 0.4732, 0.2526, positive
0.3947, 0.5433, 0.4453, 0.188, 0.5, 0.0, 0.5347, 0.286, positive
0.4727, 0.55, 0.5727, 0.1727, 0.5, 0.0, 0.4825, 0.668, positive
0.5575, 0.455, 0.4575, 0.3125, 0.5, 0.0, 0.565, 0.4524, positive
0.551, 0.5163, 0.5363, 0.1927, 0.5, 0.0, 0.5537, 0.25, positive
0.6607, 0.5644, 0.5299, 0.0948, 0.5, 0.0, 0.5252, 0.22, positive
0.3813, 0.4772, 0.5671, 0.2015, 0.5, 0.0, 0.5628, 0.3044, positive
0.4338, 0.5749, 0.5119, 0.197, 0.5, 0.0, 0.5368, 0.3881, positive
0.4679, 0.466, 0.5738, 0.4181, 0.5, 0.0, 0.556, 0.3145, positive
0.4708, 0.4692, 0.5731, 0.2554, 0.5, 0.0, 0.4492, 0.22, positive
0.5462, 0.4847, 0.5473, 0.1811, 0.5, 0.0, 0.3147, 0.22, positive
0.51, 0.34, 0.4935, 0.1706, 0.5, 0.0, 0.5194, 0.2135, positive
0.5188, 0.4996, 0.5104, 0.1992, 0.5, 0.0, 0.51, 0.2212, positive
0.5155, 0.5037, 0.54, 0.1266, 0.5, 0.0, 0.5908, 0.2255, positive
0.5336, 0.51, 0.5436, 0.2109, 0.5, 0.0, 0.4554, 0.22, positive
0.5906, 0.5477, 0.5131, 0.16, 0.5, 0.0, 0.5015, 0.3831, positive
0.6207, 0.6359, 0.5607, 0.1932, 0.5, 0.0, 0.4827, 0.33, positive
0.5433, 0.5233, 0.5481, 0.1902, 0.5, 0.0, 0.5451, 0.2533, positive
0.5387, 0.5181, 0.4387, 0.18, 0.5, 0.0, 0.5125, 0.2707, positive
0.4617, 0.5, 0.4975, 0.2808, 0.5, 0.0, 0.4966, 0.3616, positive
0.6146, 0.5128, 0.5828, 0.2284, 0.5, 0.0, 0.51, 0.22, positive
0.4695, 0.4117, 0.4573, 0.2005, 0.5, 0.0, 0.4905, 0.4761, positive
0.3059, 0.3044, 0.5395, 0.181, 0.5, 0.0, 0.5159, 0.2865, positive
0.5498, 0.4981, 0.554, 0.0778, 0.5, 0.0, 0.454, 0.25, positive
0.5118, 0.4786, 0.58, 0.2214, 0.5, 0.0, 0.4995, 0.2772, positive
0.5632, 0.5073, 0.5814, 0.2186, 0.5, 0.0, 0.5046, 0.22, positive
0.3984, 0.5855, 0.4942, 0.1687, 0.5, 0.0, 0.5297, 0.4058, positive
0.4465, 0.4819, 0.5608, 0.1827, 0.5, 0.0, 0.5654, 0.2335, positive
0.4086, 0.6638, 0.487, 0.1654, 0.5, 0.0, 0.5084, 0.2476, positive
0.3365, 0.4584, 0.5887, 0.1735, 0.5, 0.0, 0.5068, 0.2535, positive
0.271, 0.3968, 0.4921, 0.1489, 0.5, 0.0, 0.5148, 0.3289, positive
0.4515, 0.4708, 0.5377, 0.4208, 0.5, 0.0, 0.5439, 0.3769, positive
0.4955, 0.4209, 0.5664, 0.4891, 0.5, 0.0, 0.4804, 0.27, positive
0.5254, 0.4662, 0.5307, 0.3654, 0.5, 0.0, 0.5115, 0.2954, positive
0.6339, 0.62, 0.5212, 0.0686, 0.6883, 0.0, 0.4949, 0.22, positive
0.599, 0.389, 0.5515, 0.1647, 0.5, 0.0, 0.4958, 0.22, positive
0.5197, 0.4331, 0.5503, 0.5097, 0.5, 0.0, 0.4866, 0.3421, positive
0.5435, 0.577, 0.543, 0.1695, 0.5, 0.0, 0.4965, 0.22, positive
0.3806, 0.4776, 0.5665, 0.2017, 0.5, 0.0, 0.5624, 0.3052, positive
0.587, 0.5625, 0.4552, 0.2718, 0.5, 0.0, 0.533, 0.2834, positive
0.6342, 0.53, 0.4499, 0.2439, 0.5, 0.0, 0.522, 0.2979, positive
0.5386, 0.37, 0.5846, 0.1646, 0.5, 0.0, 0.51, 0.22, positive
0.4608, 0.4138, 0.5762, 0.1015, 0.5, 0.0, 0.4823, 0.2223, positive
0.5484, 0.6469, 0.5016, 0.2746, 0.5, 0.0, 0.55, 0.2262, positive
0.5001, 0.4999, 0.4801, 0.3401, 0.5, 0.0, 0.52, 0.2701, positive
0.47, 0.441, 0.5303, 0.1803, 0.5, 0.0, 0.4713, 0.2913, positive
0.4899, 0.4698, 0.5297, 0.16, 0.5, 0.0, 0.4799, 0.27, positive
0.3679, 0.58, 0.5041, 0.2138, 0.5, 0.0, 0.4741, 0.22, positive
0.5443, 0.4937, 0.5663, 0.2474, 0.5, 0.0, 0.5206, 0.2731, positive
0.3158, 0.4477, 0.5184, 0.2223, 0.5, 0.0, 0.5081, 0.3161, positive
0.5085, 0.56, 0.6158, 0.2385, 0.5, 0.0, 0.52, 0.513, positive
0.4842, 0.5358, 0.5663, 0.2921, 0.5, 0.0, 0.51, 0.4132, positive
